--- Sampling Parameter ---,
Sampling Time,0.00000020,0.00000020,
Sample Number,41666,41666,

--- Sampling Data ---,
Time [sec],TDS_AC [V],Friction [gf],
0.00000000,-0.002441,1.227205,
0.00000020,-0.002441,1.227205,
0.00000040,0.000000,1.227205,
0.00000060,0.000000,1.227205,
0.00000080,-0.002441,1.227205,
0.00000100,-0.002441,1.227205,
0.00000120,0.000000,1.227205,
0.00000140,0.000000,1.227205,
0.00000160,0.000000,1.227205,
0.00000180,0.000000,1.210957,
0.00000200,0.000000,1.227205,
0.00000220,-0.002441,1.227205,
0.00000240,-0.002441,1.210957,
0.00000260,-0.002441,1.227205,
0.00000280,-0.002441,1.227205,
0.00000300,-0.002441,1.227205,
0.00000320,0.000000,1.227205,
0.00000340,-0.002441,1.227205,
0.00000360,0.000000,1.227205,
0.00000380,-0.002441,1.227205,
0.00000400,0.000000,1.227205,
0.00000420,-0.002441,1.227205,
0.00000440,-0.002441,1.227205,
0.00000460,-0.002441,1.210957,
0.00000480,-0.002441,1.210957,
0.00000500,0.000000,1.227205,
0.00000520,0.000000,1.227205,
0.00000540,-0.004883,1.227205,
0.00000560,-0.002441,1.210957,
0.00000580,-0.002441,1.210957,
0.00000600,0.000000,1.210957,
0.00000620,0.000000,1.227205,
0.00000640,0.000000,1.227205,
0.00000660,0.000000,1.227205,
0.00000680,-0.002441,1.227205,
0.00000700,-0.002441,1.210957,
0.00000720,0.000000,1.210957,
0.00000740,-0.002441,1.194710,
0.00000760,-0.002441,1.227205,
0.00000780,0.000000,1.227205,
0.00000800,0.000000,1.210957,
0.00000820,0.000000,1.210957,
0.00000840,-0.002441,1.227205,
0.00000860,0.000000,1.227205,
0.00000880,0.000000,1.210957,
0.00000900,-0.002441,1.194710,
0.00000920,0.000000,1.227205,
0.00000940,-0.002441,1.227205,
0.00000960,0.000000,1.227205,
0.00000980,-0.002441,1.227205,
0.00001000,-0.002441,1.210957,
0.00001020,-0.002441,1.210957,
0.00001040,0.000000,1.227205,
0.00001060,0.000000,1.227205,
0.00001080,0.000000,1.227205,
0.00001100,-0.002441,1.210957,
0.00001120,-0.002441,1.210957,
0.00001140,0.000000,1.194710,
0.00001160,-0.002441,1.210957,
0.00001180,-0.002441,1.210957,
0.00001200,-0.002441,1.210957,
0.00001220,-0.002441,1.194710,
0.00001240,-0.002441,1.194710,
0.00001260,-0.002441,1.227205,
0.00001280,-0.002441,1.227205,
0.00001300,-0.002441,1.210957,
0.00001320,-0.002441,1.210957,
0.00001340,-0.002441,1.194710,
0.00001360,0.000000,1.194710,
0.00001380,-0.002441,1.194710,
0.00001400,-0.004883,1.210957,
0.00001420,-0.002441,1.210957,
0.00001440,0.000000,1.210957,
0.00001460,-0.002441,1.210957,
0.00001480,-0.002441,1.210957,
0.00001500,-0.002441,1.210957,
0.00001520,-0.002441,1.210957,
0.00001540,0.000000,1.210957,
0.00001560,-0.002441,1.194710,
0.00001580,0.000000,1.194710,
0.00001600,0.000000,1.194710,
0.00001620,-0.002441,1.194710,
0.00001640,-0.002441,1.210957,
0.00001660,0.000000,1.227205,
0.00001680,0.000000,1.227205,
0.00001700,-0.002441,1.227205,
0.00001720,-0.002441,1.210957,
0.00001740,-0.002441,1.194710,
0.00001760,-0.002441,1.194710,
0.00001780,0.000000,1.194710,
0.00001800,0.000000,1.194710,
0.00001820,-0.002441,1.194710,
0.00001840,0.000000,1.194710,
0.00001860,-0.002441,1.210957,
0.00001880,-0.002441,1.210957,
0.00001900,0.000000,1.210957,
0.00001920,0.000000,1.210957,
0.00001940,-0.002441,1.210957,
0.00001960,0.002441,1.210957,
0.00001980,0.000000,1.210957,
0.00002000,0.000000,1.194710,
0.00002020,0.000000,1.194710,
0.00002040,0.000000,1.210957,
0.00002060,0.000000,1.210957,
0.00002080,0.000000,1.210957,
0.00002100,0.000000,1.210957,
0.00002120,0.000000,1.210957,
0.00002140,0.000000,1.210957,
0.00002160,0.000000,1.194710,
0.00002180,-0.002441,1.194710,
0.00002200,-0.002441,1.210957,
0.00002220,-0.002441,1.210957,
0.00002240,0.000000,1.210957,
0.00002260,-0.002441,1.194710,
0.00002280,0.000000,1.210957,
0.00002300,-0.002441,1.194710,
0.00002320,-0.002441,1.194710,
0.00002340,-0.002441,1.194710,
0.00002360,0.000000,1.194710,
0.00002380,0.000000,1.194710,
0.00002400,-0.002441,1.210957,
0.00002420,-0.002441,1.210957,
0.00002440,0.000000,1.210957,
0.00002460,-0.002441,1.194710,
0.00002480,-0.002441,1.210957,
0.00002500,-0.002441,1.210957,
0.00002520,-0.002441,1.210957,
0.00002540,0.000000,1.194710,
0.00002560,0.000000,1.194710,
0.00002580,-0.002441,1.178462,
0.00002600,-0.002441,1.210957,
0.00002620,0.000000,1.210957,
0.00002640,0.000000,1.194710,
0.00002660,-0.002441,1.194710,
0.00002680,-0.002441,1.178462,
0.00002700,0.000000,1.194710,
0.00002720,0.000000,1.194710,
0.00002740,-0.002441,1.210957,
0.00002760,-0.002441,1.210957,
0.00002780,-0.002441,1.194710,
0.00002800,-0.002441,1.178462,
0.00002820,-0.004883,1.194710,
0.00002840,-0.002441,1.210957,
0.00002860,0.000000,1.210957,
0.00002880,-0.002441,1.210957,
0.00002900,-0.002441,1.194710,
0.00002920,-0.002441,1.194710,
0.00002940,-0.002441,1.194710,
0.00002960,-0.002441,1.194710,
0.00002980,-0.004883,1.194710,
0.00003000,-0.002441,1.210957,
0.00003020,-0.002441,1.210957,
0.00003040,0.000000,1.210957,
0.00003060,0.000000,1.194710,
0.00003080,-0.002441,1.194710,
0.00003100,-0.002441,1.210957,
0.00003120,-0.002441,1.194710,
0.00003140,-0.002441,1.194710,
0.00003160,0.000000,1.194710,
0.00003180,0.000000,1.210957,
0.00003200,0.000000,1.194710,
0.00003220,-0.002441,1.194710,
0.00003240,0.000000,1.210957,
0.00003260,-0.002441,1.194710,
0.00003280,-0.002441,1.178462,
0.00003300,-0.002441,1.178462,
0.00003320,-0.002441,1.194710,
0.00003340,-0.002441,1.210957,
0.00003360,0.000000,1.210957,
0.00003380,-0.002441,1.210957,
0.00003400,0.000000,1.210957,
0.00003420,-0.002441,1.210957,
0.00003440,0.000000,1.194710,
0.00003460,-0.002441,1.178462,
0.00003480,-0.002441,1.178462,
0.00003500,0.000000,1.194710,
0.00003520,0.000000,1.210957,
0.00003540,-0.002441,1.210957,
0.00003560,0.002441,1.210957,
0.00003580,0.000000,1.210957,
0.00003600,-0.002441,1.194710,
0.00003620,-0.002441,1.178462,
0.00003640,0.000000,1.194710,
0.00003660,0.000000,1.194710,
0.00003680,0.000000,1.194710,
0.00003700,-0.002441,1.210957,
0.00003720,0.002441,1.210957,
0.00003740,-0.002441,1.210957,
0.00003760,-0.002441,1.194710,
0.00003780,-0.002441,1.194710,
0.00003800,0.000000,1.194710,
0.00003820,-0.002441,1.194710,
0.00003840,0.000000,1.210957,
0.00003860,-0.002441,1.210957,
0.00003880,0.000000,1.210957,
0.00003900,0.000000,1.194710,
0.00003920,0.000000,1.194710,
0.00003940,-0.004883,1.178462,
0.00003960,-0.002441,1.178462,
0.00003980,0.000000,1.210957,
0.00004000,0.000000,1.210957,
0.00004020,-0.002441,1.194710,
0.00004040,-0.002441,1.194710,
0.00004060,0.000000,1.194710,
0.00004080,0.000000,1.194710,
0.00004100,-0.002441,1.194710,
0.00004120,-0.002441,1.210957,
0.00004140,0.000000,1.210957,
0.00004160,-0.002441,1.210957,
0.00004180,-0.002441,1.194710,
0.00004200,-0.002441,1.194710,
0.00004220,0.000000,1.178462,
0.00004240,0.000000,1.194710,
0.00004260,-0.002441,1.194710,
0.00004280,-0.002441,1.194710,
0.00004300,-0.002441,1.194710,
0.00004320,0.000000,1.210957,
0.00004340,-0.002441,1.194710,
0.00004360,0.000000,1.194710,
0.00004380,-0.002441,1.210957,
0.00004400,0.000000,1.178462,
0.00004420,-0.002441,1.178462,
0.00004440,-0.002441,1.194710,
0.00004460,0.000000,1.210957,
0.00004480,0.000000,1.210957,
0.00004500,0.000000,1.194710,
0.00004520,0.000000,1.194710,
0.00004540,0.000000,1.194710,
0.00004560,-0.002441,1.178462,
0.00004580,0.000000,1.194710,
0.00004600,-0.002441,1.194710,
0.00004620,-0.002441,1.194710,
0.00004640,-0.002441,1.194710,
0.00004660,-0.002441,1.194710,
0.00004680,0.000000,1.194710,
0.00004700,-0.002441,1.194710,
0.00004720,-0.002441,1.178462,
0.00004740,-0.002441,1.178462,
0.00004760,-0.002441,1.194710,
0.00004780,-0.002441,1.194710,
0.00004800,-0.002441,1.210957,
0.00004820,-0.002441,1.194710,
0.00004840,0.000000,1.194710,
0.00004860,0.000000,1.194710,
0.00004880,-0.002441,1.210957,
0.00004900,-0.002441,1.194710,
0.00004920,-0.002441,1.194710,
0.00004940,-0.002441,1.210957,
0.00004960,-0.002441,1.210957,
0.00004980,-0.002441,1.210957,
0.00005000,-0.004883,1.210957,
0.00005020,-0.002441,1.210957,
0.00005040,-0.002441,1.194710,
0.00005060,0.000000,1.178462,
0.00005080,0.000000,1.178462,
0.00005100,0.000000,1.194710,
0.00005120,0.000000,1.194710,
0.00005140,0.000000,1.194710,
0.00005160,-0.002441,1.210957,
0.00005180,0.000000,1.227205,
0.00005200,-0.002441,1.210957,
0.00005220,-0.002441,1.210957,
0.00005240,-0.002441,1.210957,
0.00005260,0.000000,1.194710,
0.00005280,-0.002441,1.178462,
0.00005300,-0.002441,1.178462,
0.00005320,-0.002441,1.178462,
0.00005340,0.000000,1.194710,
0.00005360,0.000000,1.194710,
0.00005380,-0.002441,1.194710,
0.00005400,-0.002441,1.194710,
0.00005420,0.000000,1.210957,
0.00005440,-0.002441,1.210957,
0.00005460,0.000000,1.194710,
0.00005480,-0.002441,1.178462,
0.00005500,0.000000,1.194710,
0.00005520,-0.002441,1.194710,
0.00005540,-0.002441,1.194710,
0.00005560,-0.002441,1.194710,
0.00005580,0.000000,1.194710,
0.00005600,-0.002441,1.194710,
0.00005620,-0.002441,1.194710,
0.00005640,-0.004883,1.194710,
0.00005660,0.000000,1.210957,
0.00005680,0.000000,1.194710,
0.00005700,-0.002441,1.178462,
0.00005720,-0.004883,1.178462,
0.00005740,-0.002441,1.194710,
0.00005760,0.000000,1.210957,
0.00005780,-0.002441,1.210957,
0.00005800,0.000000,1.210957,
0.00005820,-0.002441,1.194710,
0.00005840,-0.002441,1.194710,
0.00005860,-0.002441,1.194710,
0.00005880,0.000000,1.194710,
0.00005900,-0.002441,1.194710,
0.00005920,0.000000,1.194710,
0.00005940,0.000000,1.210957,
0.00005960,-0.002441,1.210957,
0.00005980,0.000000,1.194710,
0.00006000,-0.002441,1.194710,
0.00006020,-0.002441,1.194710,
0.00006040,-0.002441,1.194710,
0.00006060,0.000000,1.194710,
0.00006080,-0.002441,1.194710,
0.00006100,0.000000,1.178462,
0.00006120,-0.002441,1.178462,
0.00006140,-0.002441,1.194710,
0.00006160,-0.002441,1.194710,
0.00006180,0.000000,1.194710,
0.00006200,-0.002441,1.194710,
0.00006220,0.000000,1.194710,
0.00006240,-0.002441,1.194710,
0.00006260,0.000000,1.194710,
0.00006280,0.000000,1.178462,
0.00006300,0.000000,1.194710,
0.00006320,-0.002441,1.194710,
0.00006340,-0.002441,1.194710,
0.00006360,-0.002441,1.194710,
0.00006380,-0.002441,1.178462,
0.00006400,-0.002441,1.194710,
0.00006420,0.000000,1.194710,
0.00006440,-0.002441,1.194710,
0.00006460,0.000000,1.210957,
0.00006480,-0.002441,1.194710,
0.00006500,-0.002441,1.194710,
0.00006520,0.000000,1.178462,
0.00006540,0.000000,1.210957,
0.00006560,0.000000,1.210957,
0.00006580,-0.002441,1.194710,
0.00006600,-0.002441,1.194710,
0.00006620,0.000000,1.194710,
0.00006640,0.000000,1.194710,
0.00006660,-0.002441,1.194710,
0.00006680,-0.002441,1.194710,
0.00006700,0.000000,1.194710,
0.00006720,0.000000,1.210957,
0.00006740,0.000000,1.194710,
0.00006760,-0.002441,1.194710,
0.00006780,0.000000,1.194710,
0.00006800,0.000000,1.194710,
0.00006820,-0.002441,1.194710,
0.00006840,-0.002441,1.194710,
0.00006860,0.000000,1.210957,
0.00006880,0.000000,1.210957,
0.00006900,0.000000,1.210957,
0.00006920,0.000000,1.194710,
0.00006940,0.000000,1.194710,
0.00006960,0.000000,1.178462,
0.00006980,-0.002441,1.178462,
0.00007000,0.000000,1.194710,
0.00007020,0.000000,1.194710,
0.00007040,0.000000,1.194710,
0.00007060,0.000000,1.194710,
0.00007080,0.000000,1.194710,
0.00007100,0.000000,1.210957,
0.00007120,-0.002441,1.194710,
0.00007140,-0.002441,1.194710,
0.00007160,0.000000,1.178462,
0.00007180,-0.002441,1.178462,
0.00007200,-0.002441,1.194710,
0.00007220,-0.002441,1.210957,
0.00007240,0.000000,1.194710,
0.00007260,0.000000,1.194710,
0.00007280,-0.002441,1.194710,
0.00007300,-0.002441,1.178462,
0.00007320,0.000000,1.194710,
0.00007340,0.000000,1.210957,
0.00007360,0.000000,1.210957,
0.00007380,0.000000,1.194710,
0.00007400,0.000000,1.194710,
0.00007420,0.000000,1.194710,
0.00007440,0.000000,1.194710,
0.00007460,-0.002441,1.194710,
0.00007480,-0.002441,1.194710,
0.00007500,-0.002441,1.194710,
0.00007520,-0.002441,1.194710,
0.00007540,0.002441,1.194710,
0.00007560,0.000000,1.178462,
0.00007580,0.000000,1.194710,
0.00007600,0.000000,1.194710,
0.00007620,-0.002441,1.194710,
0.00007640,0.000000,1.194710,
0.00007660,-0.002441,1.194710,
0.00007680,0.000000,1.194710,
0.00007700,0.000000,1.194710,
0.00007720,0.000000,1.194710,
0.00007740,0.000000,1.210957,
0.00007760,-0.002441,1.194710,
0.00007780,-0.002441,1.194710,
0.00007800,-0.004883,1.178462,
0.00007820,0.000000,1.210957,
0.00007840,0.000000,1.194710,
0.00007860,0.000000,1.194710,
0.00007880,0.000000,1.194710,
0.00007900,0.000000,1.210957,
0.00007920,0.000000,1.210957,
0.00007940,-0.002441,1.194710,
0.00007960,-0.002441,1.194710,
0.00007980,0.000000,1.194710,
0.00008000,-0.002441,1.194710,
0.00008020,0.000000,1.210957,
0.00008040,0.000000,1.210957,
0.00008060,0.000000,1.210957,
0.00008080,0.000000,1.194710,
0.00008100,0.000000,1.210957,
0.00008120,0.000000,1.194710,
0.00008140,-0.002441,1.210957,
0.00008160,0.000000,1.194710,
0.00008180,0.000000,1.210957,
0.00008200,0.000000,1.194710,
0.00008220,-0.002441,1.194710,
0.00008240,0.000000,1.194710,
0.00008260,0.000000,1.194710,
0.00008280,-0.002441,1.194710,
0.00008300,0.000000,1.210957,
0.00008320,-0.002441,1.210957,
0.00008340,0.000000,1.210957,
0.00008360,0.000000,1.210957,
0.00008380,0.000000,1.194710,
0.00008400,0.000000,1.194710,
0.00008420,0.000000,1.194710,
0.00008440,0.000000,1.194710,
0.00008460,-0.002441,1.210957,
0.00008480,0.000000,1.194710,
0.00008500,0.000000,1.210957,
0.00008520,0.000000,1.210957,
0.00008540,0.000000,1.210957,
0.00008560,-0.002441,1.210957,
0.00008580,0.000000,1.194710,
0.00008600,-0.002441,1.178462,
0.00008620,0.000000,1.178462,
0.00008640,-0.002441,1.194710,
0.00008660,0.000000,1.194710,
0.00008680,-0.002441,1.210957,
0.00008700,0.000000,1.227205,
0.00008720,0.000000,1.210957,
0.00008740,-0.002441,1.210957,
0.00008760,-0.002441,1.210957,
0.00008780,-0.002441,1.210957,
0.00008800,0.000000,1.210957,
0.00008820,0.000000,1.194710,
0.00008840,0.000000,1.178462,
0.00008860,0.000000,1.194710,
0.00008880,-0.002441,1.194710,
0.00008900,-0.002441,1.210957,
0.00008920,0.000000,1.210957,
0.00008940,-0.002441,1.210957,
0.00008960,0.000000,1.194710,
0.00008980,0.000000,1.194710,
0.00009000,0.000000,1.194710,
0.00009020,0.000000,1.210957,
0.00009040,0.000000,1.194710,
0.00009060,-0.002441,1.227205,
0.00009080,-0.002441,1.210957,
0.00009100,0.000000,1.210957,
0.00009120,-0.002441,1.194710,
0.00009140,0.000000,1.210957,
0.00009160,-0.002441,1.210957,
0.00009180,0.000000,1.227205,
0.00009200,0.000000,1.194710,
0.00009220,-0.002441,1.194710,
0.00009240,-0.002441,1.194710,
0.00009260,0.000000,1.210957,
0.00009280,0.000000,1.227205,
0.00009300,-0.002441,1.227205,
0.00009320,-0.002441,1.210957,
0.00009340,-0.002441,1.194710,
0.00009360,-0.002441,1.194710,
0.00009380,-0.002441,1.194710,
0.00009400,0.000000,1.194710,
0.00009420,0.000000,1.194710,
0.00009440,0.000000,1.194710,
0.00009460,-0.002441,1.210957,
0.00009480,0.000000,1.210957,
0.00009500,0.000000,1.210957,
0.00009520,-0.002441,1.194710,
0.00009540,0.000000,1.210957,
0.00009560,0.000000,1.194710,
0.00009580,-0.002441,1.210957,
0.00009600,0.000000,1.210957,
0.00009620,0.000000,1.210957,
0.00009640,0.002441,1.210957,
0.00009660,0.000000,1.210957,
0.00009680,-0.002441,1.210957,
0.00009700,-0.002441,1.210957,
0.00009720,-0.002441,1.210957,
0.00009740,0.000000,1.210957,
0.00009760,-0.002441,1.194710,
0.00009780,0.000000,1.210957,
0.00009800,0.000000,1.194710,
0.00009820,0.000000,1.210957,
0.00009840,-0.002441,1.210957,
0.00009860,0.000000,1.210957,
0.00009880,0.000000,1.210957,
0.00009900,-0.002441,1.194710,
0.00009920,0.000000,1.210957,
0.00009940,0.000000,1.210957,
0.00009960,0.000000,1.194710,
0.00009980,0.000000,1.194710,
0.00010000,-0.002441,1.194710,
0.00010020,0.000000,1.210957,
0.00010040,-0.002441,1.210957,
0.00010060,-0.002441,1.194710,
0.00010080,0.000000,1.194710,
0.00010100,0.000000,1.210957,
0.00010120,0.000000,1.210957,
0.00010140,-0.002441,1.210957,
0.00010160,0.000000,1.210957,
0.00010180,0.000000,1.194710,
0.00010200,-0.002441,1.194710,
0.00010220,-0.002441,1.210957,
0.00010240,0.000000,1.227205,
0.00010260,-0.002441,1.194710,
0.00010280,-0.002441,1.194710,
0.00010300,-0.002441,1.178462,
0.00010320,0.000000,1.194710,
0.00010340,0.000000,1.210957,
0.00010360,-0.002441,1.210957,
0.00010380,-0.002441,1.227205,
0.00010400,0.000000,1.210957,
0.00010420,0.000000,1.227205,
0.00010440,0.000000,1.210957,
0.00010460,0.002441,1.194710,
0.00010480,-0.002441,1.194710,
0.00010500,0.000000,1.178462,
0.00010520,-0.002441,1.178462,
0.00010540,0.000000,1.194710,
0.00010560,0.000000,1.210957,
0.00010580,-0.002441,1.227205,
0.00010600,0.000000,1.210957,
0.00010620,0.002441,1.227205,
0.00010640,-0.002441,1.210957,
0.00010660,-0.002441,1.194710,
0.00010680,-0.002441,1.194710,
0.00010700,-0.002441,1.194710,
0.00010720,0.000000,1.210957,
0.00010740,-0.002441,1.194710,
0.00010760,-0.002441,1.210957,
0.00010780,0.004883,1.210957,
0.00010800,0.000000,1.210957,
0.00010820,0.000000,1.210957,
0.00010840,-0.002441,1.194710,
0.00010860,-0.002441,1.210957,
0.00010880,0.000000,1.210957,
0.00010900,0.000000,1.227205,
0.00010920,-0.002441,1.210957,
0.00010940,0.000000,1.210957,
0.00010960,0.000000,1.194710,
0.00010980,0.002441,1.210957,
0.00011000,-0.002441,1.210957,
0.00011020,0.000000,1.194710,
0.00011040,0.000000,1.210957,
0.00011060,0.000000,1.210957,
0.00011080,-0.002441,1.210957,
0.00011100,0.000000,1.194710,
0.00011120,0.000000,1.210957,
0.00011140,-0.002441,1.210957,
0.00011160,-0.002441,1.210957,
0.00011180,0.000000,1.210957,
0.00011200,0.000000,1.210957,
0.00011220,0.000000,1.227205,
0.00011240,-0.002441,1.210957,
0.00011260,-0.002441,1.210957,
0.00011280,0.000000,1.210957,
0.00011300,0.000000,1.194710,
0.00011320,-0.002441,1.210957,
0.00011340,-0.002441,1.194710,
0.00011360,0.000000,1.210957,
0.00011380,0.000000,1.210957,
0.00011400,0.000000,1.210957,
0.00011420,-0.002441,1.210957,
0.00011440,0.000000,1.210957,
0.00011460,0.000000,1.227205,
0.00011480,-0.002441,1.210957,
0.00011500,-0.002441,1.210957,
0.00011520,0.000000,1.210957,
0.00011540,0.000000,1.210957,
0.00011560,-0.002441,1.210957,
0.00011580,0.000000,1.210957,
0.00011600,-0.002441,1.227205,
0.00011620,-0.002441,1.210957,
0.00011640,-0.002441,1.210957,
0.00011660,-0.002441,1.227205,
0.00011680,0.000000,1.227205,
0.00011700,0.002441,1.227205,
0.00011720,-0.002441,1.210957,
0.00011740,-0.002441,1.227205,
0.00011760,0.000000,1.210957,
0.00011780,0.000000,1.210957,
0.00011800,-0.002441,1.227205,
0.00011820,-0.002441,1.210957,
0.00011840,0.000000,1.210957,
0.00011860,0.000000,1.227205,
0.00011880,0.000000,1.227205,
0.00011900,0.000000,1.227205,
0.00011920,-0.002441,1.227205,
0.00011940,-0.002441,1.210957,
0.00011960,-0.002441,1.210957,
0.00011980,0.000000,1.227205,
0.00012000,0.000000,1.227205,
0.00012020,0.000000,1.227205,
0.00012040,-0.002441,1.227205,
0.00012060,-0.002441,1.227205,
0.00012080,0.000000,1.227205,
0.00012100,0.000000,1.210957,
0.00012120,-0.002441,1.210957,
0.00012140,-0.002441,1.210957,
0.00012160,0.000000,1.210957,
0.00012180,0.000000,1.227205,
0.00012200,0.000000,1.243452,
0.00012220,-0.002441,1.243452,
0.00012240,0.000000,1.227205,
0.00012260,0.000000,1.227205,
0.00012280,0.000000,1.210957,
0.00012300,-0.002441,1.210957,
0.00012320,0.000000,1.210957,
0.00012340,0.000000,1.194710,
0.00012360,0.000000,1.210957,
0.00012380,0.000000,1.227205,
0.00012400,0.000000,1.243452,
0.00012420,-0.002441,1.227205,
0.00012440,-0.002441,1.243452,
0.00012460,-0.002441,1.227205,
0.00012480,0.000000,1.227205,
0.00012500,0.000000,1.227205,
0.00012520,0.000000,1.227205,
0.00012540,-0.002441,1.227205,
0.00012560,0.002441,1.227205,
0.00012580,-0.002441,1.210957,
0.00012600,-0.002441,1.227205,
0.00012620,0.000000,1.227205,
0.00012640,0.000000,1.227205,
0.00012660,0.000000,1.227205,
0.00012680,0.000000,1.227205,
0.00012700,0.000000,1.227205,
0.00012720,0.000000,1.243452,
0.00012740,-0.002441,1.227205,
0.00012760,-0.002441,1.210957,
0.00012780,-0.002441,1.227205,
0.00012800,0.000000,1.243452,
0.00012820,0.000000,1.243452,
0.00012840,-0.002441,1.227205,
0.00012860,0.000000,1.227205,
0.00012880,0.000000,1.227205,
0.00012900,0.000000,1.227205,
0.00012920,-0.002441,1.227205,
0.00012940,0.000000,1.227205,
0.00012960,0.000000,1.243452,
0.00012980,0.000000,1.227205,
0.00013000,0.000000,1.227205,
0.00013020,-0.002441,1.227205,
0.00013040,0.000000,1.243452,
0.00013060,0.000000,1.227205,
0.00013080,-0.004883,1.210957,
0.00013100,-0.002441,1.210957,
0.00013120,0.000000,1.227205,
0.00013140,0.000000,1.227205,
0.00013160,0.000000,1.227205,
0.00013180,0.000000,1.227205,
0.00013200,0.000000,1.243452,
0.00013220,0.000000,1.227205,
0.00013240,-0.002441,1.227205,
0.00013260,0.000000,1.227205,
0.00013280,0.000000,1.227205,
0.00013300,0.000000,1.210957,
0.00013320,0.000000,1.227205,
0.00013340,-0.002441,1.227205,
0.00013360,0.000000,1.227205,
0.00013380,-0.002441,1.227205,
0.00013400,-0.002441,1.210957,
0.00013420,-0.002441,1.210957,
0.00013440,-0.002441,1.210957,
0.00013460,0.000000,1.227205,
0.00013480,0.000000,1.227205,
0.00013500,0.000000,1.210957,
0.00013520,0.000000,1.210957,
0.00013540,0.000000,1.227205,
0.00013560,0.000000,1.227205,
0.00013580,-0.002441,1.227205,
0.00013600,0.000000,1.227205,
0.00013620,0.000000,1.227205,
0.00013640,0.000000,1.227205,
0.00013660,-0.002441,1.210957,
0.00013680,0.000000,1.210957,
0.00013700,0.000000,1.210957,
0.00013720,-0.002441,1.210957,
0.00013740,-0.002441,1.227205,
0.00013760,0.000000,1.227205,
0.00013780,-0.002441,1.227205,
0.00013800,-0.002441,1.210957,
0.00013820,0.000000,1.210957,
0.00013840,0.000000,1.210957,
0.00013860,0.000000,1.227205,
0.00013880,-0.002441,1.243452,
0.00013900,0.000000,1.243452,
0.00013920,-0.002441,1.227205,
0.00013940,0.002441,1.227205,
0.00013960,0.000000,1.210957,
0.00013980,0.000000,1.210957,
0.00014000,0.000000,1.194710,
0.00014020,-0.002441,1.194710,
0.00014040,-0.002441,1.227205,
0.00014060,0.000000,1.227205,
0.00014080,0.000000,1.227205,
0.00014100,-0.002441,1.227205,
0.00014120,0.000000,1.227205,
0.00014140,0.000000,1.227205,
0.00014160,0.000000,1.227205,
0.00014180,-0.002441,1.210957,
0.00014200,0.000000,1.210957,
0.00014220,-0.002441,1.227205,
0.00014240,0.000000,1.227205,
0.00014260,0.000000,1.227205,
0.00014280,-0.002441,1.210957,
0.00014300,0.000000,1.227205,
0.00014320,0.000000,1.210957,
0.00014340,0.000000,1.210957,
0.00014360,-0.004883,1.210957,
0.00014380,-0.002441,1.227205,
0.00014400,0.000000,1.227205,
0.00014420,0.000000,1.227205,
0.00014440,-0.002441,1.210957,
0.00014460,-0.002441,1.210957,
0.00014480,-0.002441,1.210957,
0.00014500,0.000000,1.210957,
0.00014520,0.000000,1.210957,
0.00014540,0.000000,1.227205,
0.00014560,-0.002441,1.210957,
0.00014580,0.000000,1.227205,
0.00014600,0.000000,1.227205,
0.00014620,-0.002441,1.210957,
0.00014640,-0.002441,1.227205,
0.00014660,0.000000,1.227205,
0.00014680,-0.002441,1.210957,
0.00014700,-0.002441,1.227205,
0.00014720,0.000000,1.227205,
0.00014740,0.000000,1.210957,
0.00014760,-0.002441,1.227205,
0.00014780,-0.002441,1.210957,
0.00014800,-0.002441,1.210957,
0.00014820,0.000000,1.210957,
0.00014840,-0.002441,1.227205,
0.00014860,-0.002441,1.210957,
0.00014880,0.000000,1.210957,
0.00014900,-0.002441,1.210957,
0.00014920,0.000000,1.227205,
0.00014940,0.000000,1.227205,
0.00014960,0.000000,1.243452,
0.00014980,-0.002441,1.227205,
0.00015000,0.000000,1.210957,
0.00015020,0.000000,1.194710,
0.00015040,0.000000,1.210957,
0.00015060,0.000000,1.227205,
0.00015080,0.000000,1.227205,
0.00015100,0.000000,1.227205,
0.00015120,0.000000,1.227205,
0.00015140,-0.002441,1.210957,
0.00015160,0.000000,1.210957,
0.00015180,-0.002441,1.210957,
0.00015200,-0.002441,1.227205,
0.00015220,0.000000,1.227205,
0.00015240,0.000000,1.210957,
0.00015260,0.000000,1.227205,
0.00015280,0.000000,1.227205,
0.00015300,-0.002441,1.227205,
0.00015320,0.000000,1.227205,
0.00015340,-0.002441,1.210957,
0.00015360,-0.002441,1.210957,
0.00015380,0.000000,1.210957,
0.00015400,0.000000,1.210957,
0.00015420,-0.002441,1.210957,
0.00015440,-0.002441,1.227205,
0.00015460,0.000000,1.227205,
0.00015480,-0.002441,1.227205,
0.00015500,-0.002441,1.210957,
0.00015520,-0.002441,1.227205,
0.00015540,0.000000,1.227205,
0.00015560,-0.002441,1.227205,
0.00015580,0.000000,1.227205,
0.00015600,-0.002441,1.210957,
0.00015620,-0.002441,1.210957,
0.00015640,-0.002441,1.210957,
0.00015660,-0.002441,1.210957,
0.00015680,-0.002441,1.227205,
0.00015700,0.000000,1.227205,
0.00015720,0.000000,1.243452,
0.00015740,0.000000,1.243452,
0.00015760,0.000000,1.243452,
0.00015780,-0.002441,1.210957,
0.00015800,0.000000,1.210957,
0.00015820,-0.002441,1.210957,
0.00015840,0.000000,1.210957,
0.00015860,0.000000,1.227205,
0.00015880,-0.002441,1.227205,
0.00015900,-0.002441,1.227205,
0.00015920,0.000000,1.227205,
0.00015940,-0.002441,1.227205,
0.00015960,-0.002441,1.227205,
0.00015980,-0.002441,1.227205,
0.00016000,0.000000,1.227205,
0.00016020,-0.002441,1.227205,
0.00016040,0.000000,1.227205,
0.00016060,-0.002441,1.227205,
0.00016080,-0.002441,1.243452,
0.00016100,0.000000,1.227205,
0.00016120,0.000000,1.227205,
0.00016140,-0.002441,1.210957,
0.00016160,-0.002441,1.210957,
0.00016180,-0.002441,1.227205,
0.00016200,0.000000,1.227205,
0.00016220,-0.002441,1.227205,
0.00016240,-0.002441,1.227205,
0.00016260,0.000000,1.227205,
0.00016280,0.000000,1.227205,
0.00016300,-0.002441,1.210957,
0.00016320,0.000000,1.210957,
0.00016340,0.000000,1.227205,
0.00016360,0.002441,1.227205,
0.00016380,-0.002441,1.227205,
0.00016400,0.000000,1.210957,
0.00016420,0.000000,1.210957,
0.00016440,0.000000,1.210957,
0.00016460,-0.002441,1.210957,
0.00016480,-0.002441,1.227205,
0.00016500,0.000000,1.227205,
0.00016520,-0.002441,1.227205,
0.00016540,0.000000,1.210957,
0.00016560,0.000000,1.227205,
0.00016580,0.000000,1.227205,
0.00016600,-0.002441,1.227205,
0.00016620,0.000000,1.227205,
0.00016640,0.000000,1.210957,
0.00016660,0.000000,1.227205,
0.00016680,0.000000,1.227205,
0.00016700,0.000000,1.227205,
0.00016720,0.002441,1.227205,
0.00016740,-0.002441,1.227205,
0.00016760,0.000000,1.227205,
0.00016780,-0.002441,1.210957,
0.00016800,-0.002441,1.210957,
0.00016820,0.000000,1.227205,
0.00016840,-0.002441,1.227205,
0.00016860,-0.002441,1.227205,
0.00016880,0.002441,1.227205,
0.00016900,0.000000,1.227205,
0.00016920,-0.002441,1.210957,
0.00016940,-0.002441,1.210957,
0.00016960,0.000000,1.210957,
0.00016980,0.000000,1.227205,
0.00017000,0.000000,1.243452,
0.00017020,0.000000,1.227205,
0.00017040,0.000000,1.227205,
0.00017060,0.000000,1.227205,
0.00017080,-0.002441,1.210957,
0.00017100,-0.002441,1.210957,
0.00017120,-0.002441,1.210957,
0.00017140,0.000000,1.210957,
0.00017160,0.000000,1.227205,
0.00017180,0.000000,1.227205,
0.00017200,-0.002441,1.210957,
0.00017220,-0.002441,1.210957,
0.00017240,0.000000,1.210957,
0.00017260,-0.004883,1.210957,
0.00017280,-0.002441,1.210957,
0.00017300,0.000000,1.210957,
0.00017320,0.002441,1.210957,
0.00017340,0.000000,1.210957,
0.00017360,0.000000,1.210957,
0.00017380,-0.002441,1.227205,
0.00017400,0.000000,1.243452,
0.00017420,0.000000,1.243452,
0.00017440,-0.002441,1.227205,
0.00017460,0.000000,1.227205,
0.00017480,0.000000,1.194710,
0.00017500,0.000000,1.194710,
0.00017520,0.000000,1.194710,
0.00017540,0.000000,1.194710,
0.00017560,-0.002441,1.210957,
0.00017580,-0.002441,1.227205,
0.00017600,-0.002441,1.243452,
0.00017620,-0.002441,1.243452,
0.00017640,0.000000,1.210957,
0.00017660,0.000000,1.210957,
0.00017680,0.000000,1.227205,
0.00017700,-0.002441,1.210957,
0.00017720,-0.002441,1.210957,
0.00017740,-0.002441,1.210957,
0.00017760,0.000000,1.210957,
0.00017780,0.000000,1.227205,
0.00017800,0.000000,1.227205,
0.00017820,-0.002441,1.210957,
0.00017840,-0.002441,1.210957,
0.00017860,-0.002441,1.210957,
0.00017880,0.000000,1.210957,
0.00017900,-0.002441,1.210957,
0.00017920,-0.002441,1.210957,
0.00017940,-0.002441,1.227205,
0.00017960,0.000000,1.210957,
0.00017980,-0.002441,1.210957,
0.00018000,-0.002441,1.210957,
0.00018020,0.000000,1.210957,
0.00018040,-0.002441,1.210957,
0.00018060,-0.002441,1.210957,
0.00018080,0.000000,1.210957,
0.00018100,0.000000,1.210957,
0.00018120,0.002441,1.210957,
0.00018140,-0.002441,1.210957,
0.00018160,-0.002441,1.210957,
0.00018180,0.000000,1.210957,
0.00018200,-0.002441,1.210957,
0.00018220,-0.002441,1.210957,
0.00018240,-0.002441,1.210957,
0.00018260,0.000000,1.210957,
0.00018280,0.000000,1.227205,
0.00018300,0.000000,1.210957,
0.00018320,-0.002441,1.194710,
0.00018340,0.002441,1.210957,
0.00018360,-0.002441,1.194710,
0.00018380,-0.002441,1.210957,
0.00018400,0.000000,1.210957,
0.00018420,-0.002441,1.210957,
0.00018440,0.000000,1.210957,
0.00018460,0.000000,1.227205,
0.00018480,0.000000,1.210957,
0.00018500,-0.002441,1.210957,
0.00018520,-0.002441,1.194710,
0.00018540,-0.002441,1.194710,
0.00018560,0.000000,1.194710,
0.00018580,-0.002441,1.210957,
0.00018600,0.000000,1.210957,
0.00018620,0.002441,1.210957,
0.00018640,-0.002441,1.210957,
0.00018660,0.000000,1.210957,
0.00018680,-0.002441,1.210957,
0.00018700,-0.002441,1.210957,
0.00018720,-0.002441,1.210957,
0.00018740,0.000000,1.210957,
0.00018760,0.000000,1.210957,
0.00018780,-0.002441,1.210957,
0.00018800,0.000000,1.210957,
0.00018820,0.000000,1.210957,
0.00018840,0.000000,1.210957,
0.00018860,-0.002441,1.194710,
0.00018880,0.000000,1.210957,
0.00018900,-0.002441,1.210957,
0.00018920,0.000000,1.227205,
0.00018940,-0.002441,1.210957,
0.00018960,0.000000,1.210957,
0.00018980,0.000000,1.210957,
0.00019000,-0.002441,1.210957,
0.00019020,-0.002441,1.227205,
0.00019040,0.000000,1.227205,
0.00019060,0.000000,1.210957,
0.00019080,0.000000,1.210957,
0.00019100,0.000000,1.210957,
0.00019120,-0.002441,1.210957,
0.00019140,0.000000,1.210957,
0.00019160,0.000000,1.194710,
0.00019180,-0.002441,1.194710,
0.00019200,0.000000,1.210957,
0.00019220,0.000000,1.227205,
0.00019240,0.000000,1.227205,
0.00019260,-0.002441,1.227205,
0.00019280,-0.002441,1.227205,
0.00019300,0.000000,1.210957,
0.00019320,0.000000,1.194710,
0.00019340,-0.002441,1.194710,
0.00019360,-0.002441,1.194710,
0.00019380,0.000000,1.210957,
0.00019400,0.000000,1.210957,
0.00019420,0.000000,1.227205,
0.00019440,0.000000,1.210957,
0.00019460,0.000000,1.227205,
0.00019480,0.000000,1.210957,
0.00019500,-0.002441,1.210957,
0.00019520,-0.002441,1.194710,
0.00019540,-0.002441,1.210957,
0.00019560,-0.002441,1.210957,
0.00019580,0.000000,1.227205,
0.00019600,-0.002441,1.210957,
0.00019620,-0.002441,1.227205,
0.00019640,-0.002441,1.210957,
0.00019660,-0.002441,1.210957,
0.00019680,-0.002441,1.194710,
0.00019700,0.000000,1.210957,
0.00019720,0.000000,1.227205,
0.00019740,-0.002441,1.227205,
0.00019760,0.000000,1.210957,
0.00019780,-0.002441,1.210957,
0.00019800,0.000000,1.210957,
0.00019820,-0.002441,1.210957,
0.00019840,-0.002441,1.210957,
0.00019860,-0.002441,1.210957,
0.00019880,0.000000,1.210957,
0.00019900,0.000000,1.210957,
0.00019920,0.002441,1.210957,
0.00019940,-0.002441,1.210957,
0.00019960,-0.002441,1.210957,
0.00019980,-0.002441,1.210957,
0.00020000,-0.002441,1.210957,
0.00020020,-0.002441,1.227205,
0.00020040,0.000000,1.210957,
0.00020060,-0.002441,1.210957,
0.00020080,0.000000,1.227205,
0.00020100,0.000000,1.210957,
0.00020120,-0.002441,1.210957,
0.00020140,-0.002441,1.210957,
0.00020160,-0.002441,1.210957,
0.00020180,0.000000,1.227205,
0.00020200,-0.002441,1.210957,
0.00020220,-0.002441,1.227205,
0.00020240,-0.002441,1.210957,
0.00020260,0.000000,1.210957,
0.00020280,-0.002441,1.210957,
0.00020300,-0.002441,1.210957,
0.00020320,-0.002441,1.210957,
0.00020340,0.000000,1.227205,
0.00020360,0.000000,1.210957,
0.00020380,-0.002441,1.210957,
0.00020400,-0.002441,1.210957,
0.00020420,0.000000,1.210957,
0.00020440,-0.002441,1.210957,
0.00020460,0.000000,1.210957,
0.00020480,-0.002441,1.194710,
0.00020500,0.000000,1.227205,
0.00020520,0.000000,1.227205,
0.00020540,0.002441,1.227205,
0.00020560,-0.002441,1.194710,
0.00020580,0.000000,1.194710,
0.00020600,0.000000,1.210957,
0.00020620,-0.002441,1.210957,
0.00020640,-0.002441,1.210957,
0.00020660,0.000000,1.227205,
0.00020680,0.000000,1.210957,
0.00020700,0.000000,1.227205,
0.00020720,-0.002441,1.210957,
0.00020740,-0.002441,1.210957,
0.00020760,0.000000,1.210957,
0.00020780,-0.002441,1.210957,
0.00020800,-0.002441,1.194710,
0.00020820,0.000000,1.178462,
0.00020840,-0.002441,1.194710,
0.00020860,-0.002441,1.194710,
0.00020880,0.000000,1.210957,
0.00020900,0.000000,1.227205,
0.00020920,0.000000,1.243452,
0.00020940,0.000000,1.210957,
0.00020960,-0.002441,1.194710,
0.00020980,-0.002441,1.194710,
0.00021000,0.000000,1.194710,
0.00021020,-0.002441,1.194710,
0.00021040,0.000000,1.194710,
0.00021060,0.000000,1.194710,
0.00021080,0.000000,1.210957,
0.00021100,0.000000,1.210957,
0.00021120,-0.002441,1.210957,
0.00021140,0.000000,1.227205,
0.00021160,0.000000,1.210957,
0.00021180,0.000000,1.194710,
0.00021200,-0.002441,1.194710,
0.00021220,0.000000,1.210957,
0.00021240,0.000000,1.194710,
0.00021260,-0.002441,1.194710,
0.00021280,-0.002441,1.194710,
0.00021300,0.000000,1.210957,
0.00021320,-0.002441,1.194710,
0.00021340,0.000000,1.194710,
0.00021360,-0.002441,1.194710,
0.00021380,0.000000,1.210957,
0.00021400,-0.002441,1.210957,
0.00021420,-0.002441,1.194710,
0.00021440,-0.004883,1.194710,
0.00021460,0.000000,1.194710,
0.00021480,0.000000,1.210957,
0.00021500,-0.002441,1.210957,
0.00021520,-0.002441,1.194710,
0.00021540,-0.004883,1.194710,
0.00021560,0.000000,1.194710,
0.00021580,0.000000,1.194710,
0.00021600,0.000000,1.194710,
0.00021620,-0.002441,1.194710,
0.00021640,-0.002441,1.194710,
0.00021660,0.000000,1.210957,
0.00021680,0.000000,1.194710,
0.00021700,0.000000,1.194710,
0.00021720,0.000000,1.194710,
0.00021740,-0.002441,1.194710,
0.00021760,-0.002441,1.194710,
0.00021780,0.000000,1.194710,
0.00021800,0.000000,1.210957,
0.00021820,-0.002441,1.194710,
0.00021840,0.000000,1.194710,
0.00021860,0.000000,1.194710,
0.00021880,0.000000,1.194710,
0.00021900,0.000000,1.210957,
0.00021920,-0.002441,1.194710,
0.00021940,-0.002441,1.194710,
0.00021960,0.000000,1.194710,
0.00021980,-0.002441,1.194710,
0.00022000,-0.002441,1.194710,
0.00022020,0.000000,1.194710,
0.00022040,0.000000,1.194710,
0.00022060,-0.002441,1.194710,
0.00022080,-0.002441,1.194710,
0.00022100,0.000000,1.194710,
0.00022120,0.000000,1.194710,
0.00022140,0.000000,1.194710,
0.00022160,-0.002441,1.194710,
0.00022180,-0.002441,1.194710,
0.00022200,0.000000,1.194710,
0.00022220,-0.002441,1.194710,
0.00022240,-0.002441,1.194710,
0.00022260,-0.002441,1.194710,
0.00022280,0.000000,1.194710,
0.00022300,0.002441,1.210957,
0.00022320,0.000000,1.194710,
0.00022340,-0.002441,1.178462,
0.00022360,-0.002441,1.178462,
0.00022380,-0.002441,1.178462,
0.00022400,0.000000,1.194710,
0.00022420,0.000000,1.194710,
0.00022440,0.000000,1.194710,
0.00022460,-0.002441,1.194710,
0.00022480,-0.002441,1.194710,
0.00022500,-0.002441,1.194710,
0.00022520,-0.002441,1.194710,
0.00022540,-0.002441,1.210957,
0.00022560,-0.002441,1.194710,
0.00022580,-0.002441,1.194710,
0.00022600,0.000000,1.194710,
0.00022620,0.000000,1.194710,
0.00022640,0.000000,1.178462,
0.00022660,0.000000,1.178462,
0.00022680,0.000000,1.194710,
0.00022700,-0.002441,1.194710,
0.00022720,-0.004883,1.194710,
0.00022740,-0.002441,1.194710,
0.00022760,0.000000,1.227205,
0.00022780,-0.002441,1.210957,
0.00022800,-0.002441,1.210957,
0.00022820,0.000000,1.194710,
0.00022840,0.002441,1.178462,
0.00022860,-0.002441,1.178462,
0.00022880,-0.002441,1.194710,
0.00022900,0.000000,1.210957,
0.00022920,-0.002441,1.210957,
0.00022940,-0.002441,1.210957,
0.00022960,-0.002441,1.194710,
0.00022980,0.002441,1.194710,
0.00023000,-0.002441,1.194710,
0.00023020,0.000000,1.194710,
0.00023040,-0.002441,1.194710,
0.00023060,0.000000,1.194710,
0.00023080,0.000000,1.194710,
0.00023100,0.000000,1.194710,
0.00023120,0.000000,1.194710,
0.00023140,0.002441,1.210957,
0.00023160,0.000000,1.194710,
0.00023180,0.000000,1.194710,
0.00023200,-0.002441,1.210957,
0.00023220,-0.002441,1.194710,
0.00023240,0.000000,1.194710,
0.00023260,0.000000,1.194710,
0.00023280,-0.002441,1.194710,
0.00023300,0.000000,1.194710,
0.00023320,0.000000,1.194710,
0.00023340,0.000000,1.194710,
0.00023360,0.000000,1.210957,
0.00023380,-0.002441,1.194710,
0.00023400,-0.002441,1.194710,
0.00023420,0.000000,1.194710,
0.00023440,0.000000,1.194710,
0.00023460,-0.002441,1.194710,
0.00023480,0.000000,1.194710,
0.00023500,0.000000,1.194710,
0.00023520,0.000000,1.194710,
0.00023540,-0.002441,1.210957,
0.00023560,0.000000,1.210957,
0.00023580,-0.002441,1.194710,
0.00023600,0.000000,1.194710,
0.00023620,-0.002441,1.194710,
0.00023640,0.002441,1.210957,
0.00023660,-0.002441,1.194710,
0.00023680,-0.002441,1.178462,
0.00023700,0.000000,1.194710,
0.00023720,0.000000,1.194710,
0.00023740,-0.002441,1.194710,
0.00023760,0.000000,1.210957,
0.00023780,0.000000,1.194710,
0.00023800,0.000000,1.210957,
0.00023820,0.000000,1.210957,
0.00023840,-0.002441,1.194710,
0.00023860,-0.002441,1.194710,
0.00023880,0.000000,1.194710,
0.00023900,-0.002441,1.194710,
0.00023920,0.000000,1.194710,
0.00023940,0.000000,1.194710,
0.00023960,0.000000,1.194710,
0.00023980,0.000000,1.194710,
0.00024000,-0.002441,1.194710,
0.00024020,-0.002441,1.194710,
0.00024040,0.000000,1.210957,
0.00024060,0.000000,1.210957,
0.00024080,-0.002441,1.194710,
0.00024100,-0.002441,1.194710,
0.00024120,-0.002441,1.194710,
0.00024140,-0.002441,1.178462,
0.00024160,0.000000,1.194710,
0.00024180,-0.002441,1.194710,
0.00024200,0.000000,1.194710,
0.00024220,-0.002441,1.194710,
0.00024240,0.000000,1.194710,
0.00024260,0.000000,1.194710,
0.00024280,-0.002441,1.210957,
0.00024300,-0.002441,1.194710,
0.00024320,-0.002441,1.178462,
0.00024340,0.000000,1.162215,
0.00024360,0.000000,1.178462,
0.00024380,-0.002441,1.194710,
0.00024400,0.000000,1.227205,
0.00024420,-0.002441,1.210957,
0.00024440,-0.002441,1.210957,
0.00024460,-0.002441,1.194710,
0.00024480,-0.002441,1.194710,
0.00024500,-0.002441,1.178462,
0.00024520,0.000000,1.178462,
0.00024540,0.000000,1.194710,
0.00024560,-0.002441,1.194710,
0.00024580,-0.002441,1.194710,
0.00024600,0.000000,1.210957,
0.00024620,-0.002441,1.194710,
0.00024640,-0.002441,1.210957,
0.00024660,-0.002441,1.194710,
0.00024680,0.000000,1.194710,
0.00024700,0.000000,1.178462,
0.00024720,-0.002441,1.178462,
0.00024740,0.000000,1.194710,
0.00024760,0.002441,1.210957,
0.00024780,-0.002441,1.194710,
0.00024800,-0.002441,1.194710,
0.00024820,-0.002441,1.194710,
0.00024840,0.000000,1.194710,
0.00024860,0.000000,1.194710,
0.00024880,0.000000,1.194710,
0.00024900,-0.002441,1.178462,
0.00024920,0.000000,1.194710,
0.00024940,0.000000,1.194710,
0.00024960,-0.002441,1.194710,
0.00024980,0.000000,1.194710,
0.00025000,0.000000,1.194710,
0.00025020,-0.002441,1.194710,
0.00025040,0.000000,1.194710,
0.00025060,-0.002441,1.194710,
0.00025080,0.000000,1.194710,
0.00025100,-0.002441,1.178462,
0.00025120,-0.002441,1.162215,
0.00025140,-0.002441,1.178462,
0.00025160,0.000000,1.210957,
0.00025180,0.000000,1.210957,
0.00025200,0.000000,1.194710,
0.00025220,0.000000,1.194710,
0.00025240,0.000000,1.178462,
0.00025260,-0.002441,1.178462,
0.00025280,-0.002441,1.178462,
0.00025300,0.000000,1.178462,
0.00025320,-0.002441,1.178462,
0.00025340,0.000000,1.194710,
0.00025360,-0.002441,1.178462,
0.00025380,0.000000,1.178462,
0.00025400,0.000000,1.194710,
0.00025420,0.000000,1.194710,
0.00025440,-0.002441,1.178462,
0.00025460,0.000000,1.178462,
0.00025480,0.000000,1.178462,
0.00025500,-0.002441,1.194710,
0.00025520,-0.002441,1.178462,
0.00025540,0.000000,1.178462,
0.00025560,0.000000,1.194710,
0.00025580,0.000000,1.178462,
0.00025600,-0.002441,1.178462,
0.00025620,-0.002441,1.178462,
0.00025640,-0.002441,1.178462,
0.00025660,0.000000,1.178462,
0.00025680,0.000000,1.178462,
0.00025700,-0.002441,1.178462,
0.00025720,-0.002441,1.194710,
0.00025740,-0.002441,1.178462,
0.00025760,-0.002441,1.162215,
0.00025780,0.000000,1.178462,
0.00025800,-0.002441,1.178462,
0.00025820,0.000000,1.194710,
0.00025840,0.000000,1.178462,
0.00025860,-0.002441,1.178462,
0.00025880,0.000000,1.178462,
0.00025900,0.000000,1.178462,
0.00025920,-0.004883,1.178462,
0.00025940,-0.002441,1.178462,
0.00025960,-0.002441,1.194710,
0.00025980,0.000000,1.194710,
0.00026000,-0.002441,1.178462,
0.00026020,0.000000,1.178462,
0.00026040,-0.002441,1.178462,
0.00026060,-0.002441,1.194710,
0.00026080,-0.002441,1.178462,
0.00026100,-0.002441,1.178462,
0.00026120,0.000000,1.178462,
0.00026140,0.000000,1.178462,
0.00026160,-0.002441,1.162215,
0.00026180,0.000000,1.162215,
0.00026200,0.000000,1.178462,
0.00026220,0.002441,1.194710,
0.00026240,-0.002441,1.178462,
0.00026260,-0.002441,1.178462,
0.00026280,0.000000,1.194710,
0.00026300,0.000000,1.178462,
0.00026320,-0.002441,1.178462,
0.00026340,0.000000,1.178462,
0.00026360,0.000000,1.178462,
0.00026380,0.000000,1.162215,
0.00026400,-0.002441,1.162215,
0.00026420,-0.002441,1.162215,
0.00026440,0.000000,1.178462,
0.00026460,0.000000,1.194710,
0.00026480,-0.002441,1.178462,
0.00026500,0.000000,1.194710,
0.00026520,0.000000,1.194710,
0.00026540,0.000000,1.178462,
0.00026560,-0.002441,1.162215,
0.00026580,-0.002441,1.162215,
0.00026600,0.000000,1.178462,
0.00026620,0.000000,1.194710,
0.00026640,0.000000,1.194710,
0.00026660,0.000000,1.194710,
0.00026680,0.000000,1.178462,
0.00026700,0.000000,1.178462,
0.00026720,-0.002441,1.178462,
0.00026740,-0.002441,1.178462,
0.00026760,0.000000,1.194710,
0.00026780,0.000000,1.178462,
0.00026800,-0.002441,1.162215,
0.00026820,-0.002441,1.162215,
0.00026840,-0.002441,1.178462,
0.00026860,0.000000,1.178462,
0.00026880,-0.002441,1.178462,
0.00026900,-0.002441,1.178462,
0.00026920,-0.002441,1.194710,
0.00026940,0.000000,1.178462,
0.00026960,-0.002441,1.178462,
0.00026980,0.000000,1.178462,
0.00027000,-0.002441,1.178462,
0.00027020,-0.002441,1.178462,
0.00027040,0.000000,1.178462,
0.00027060,-0.002441,1.178462,
0.00027080,-0.002441,1.178462,
0.00027100,-0.002441,1.194710,
0.00027120,0.000000,1.178462,
0.00027140,0.000000,1.178462,
0.00027160,0.000000,1.194710,
0.00027180,0.000000,1.194710,
0.00027200,-0.002441,1.178462,
0.00027220,-0.002441,1.178462,
0.00027240,0.000000,1.178462,
0.00027260,0.000000,1.178462,
0.00027280,0.000000,1.194710,
0.00027300,-0.002441,1.194710,
0.00027320,0.000000,1.194710,
0.00027340,0.000000,1.178462,
0.00027360,-0.002441,1.178462,
0.00027380,-0.002441,1.194710,
0.00027400,0.000000,1.194710,
0.00027420,0.000000,1.194710,
0.00027440,0.000000,1.178462,
0.00027460,0.000000,1.178462,
0.00027480,0.000000,1.178462,
0.00027500,-0.002441,1.194710,
0.00027520,-0.002441,1.194710,
0.00027540,-0.002441,1.178462,
0.00027560,0.000000,1.178462,
0.00027580,0.000000,1.178462,
0.00027600,0.000000,1.178462,
0.00027620,-0.002441,1.178462,
0.00027640,-0.002441,1.178462,
0.00027660,0.000000,1.194710,
0.00027680,-0.002441,1.194710,
0.00027700,-0.002441,1.178462,
0.00027720,0.000000,1.194710,
0.00027740,-0.002441,1.194710,
0.00027760,0.000000,1.178462,
0.00027780,-0.002441,1.178462,
0.00027800,-0.002441,1.178462,
0.00027820,-0.002441,1.178462,
0.00027840,-0.002441,1.162215,
0.00027860,-0.002441,1.162215,
0.00027880,-0.002441,1.178462,
0.00027900,-0.002441,1.194710,
0.00027920,0.000000,1.210957,
0.00027940,-0.002441,1.194710,
0.00027960,-0.002441,1.194710,
0.00027980,0.000000,1.194710,
0.00028000,0.000000,1.162215,
0.00028020,-0.002441,1.162215,
0.00028040,0.000000,1.162215,
0.00028060,0.000000,1.178462,
0.00028080,0.002441,1.194710,
0.00028100,0.000000,1.194710,
0.00028120,0.000000,1.194710,
0.00028140,0.000000,1.194710,
0.00028160,0.000000,1.178462,
0.00028180,-0.002441,1.178462,
0.00028200,0.000000,1.178462,
0.00028220,-0.002441,1.162215,
0.00028240,0.000000,1.178462,
0.00028260,-0.002441,1.178462,
0.00028280,0.000000,1.194710,
0.00028300,-0.002441,1.194710,
0.00028320,0.000000,1.178462,
0.00028340,-0.002441,1.178462,
0.00028360,0.000000,1.194710,
0.00028380,-0.002441,1.178462,
0.00028400,0.000000,1.178462,
0.00028420,0.000000,1.178462,
0.00028440,0.000000,1.194710,
0.00028460,0.000000,1.194710,
0.00028480,-0.002441,1.178462,
0.00028500,-0.002441,1.178462,
0.00028520,-0.002441,1.194710,
0.00028540,-0.002441,1.194710,
0.00028560,-0.002441,1.194710,
0.00028580,0.000000,1.178462,
0.00028600,-0.002441,1.178462,
0.00028620,-0.002441,1.194710,
0.00028640,-0.002441,1.178462,
0.00028660,-0.002441,1.178462,
0.00028680,-0.002441,1.194710,
0.00028700,-0.002441,1.194710,
0.00028720,0.000000,1.194710,
0.00028740,-0.002441,1.194710,
0.00028760,-0.002441,1.194710,
0.00028780,0.000000,1.178462,
0.00028800,-0.002441,1.178462,
0.00028820,0.000000,1.178462,
0.00028840,-0.002441,1.194710,
0.00028860,0.000000,1.178462,
0.00028880,0.000000,1.194710,
0.00028900,0.000000,1.178462,
0.00028920,0.000000,1.178462,
0.00028940,-0.002441,1.194710,
0.00028960,-0.002441,1.194710,
0.00028980,-0.002441,1.178462,
0.00029000,-0.002441,1.178462,
0.00029020,-0.002441,1.178462,
0.00029040,0.000000,1.178462,
0.00029060,0.000000,1.194710,
0.00029080,0.002441,1.194710,
0.00029100,-0.002441,1.194710,
0.00029120,-0.002441,1.178462,
0.00029140,-0.002441,1.178462,
0.00029160,-0.002441,1.178462,
0.00029180,-0.002441,1.178462,
0.00029200,0.000000,1.194710,
0.00029220,-0.002441,1.194710,
0.00029240,0.002441,1.194710,
0.00029260,0.000000,1.178462,
0.00029280,-0.002441,1.162215,
0.00029300,-0.002441,1.178462,
0.00029320,0.000000,1.194710,
0.00029340,0.000000,1.194710,
0.00029360,0.000000,1.194710,
0.00029380,0.000000,1.178462,
0.00029400,0.002441,1.178462,
0.00029420,-0.002441,1.178462,
0.00029440,-0.002441,1.178462,
0.00029460,-0.002441,1.178462,
0.00029480,-0.002441,1.194710,
0.00029500,-0.002441,1.194710,
0.00029520,0.000000,1.178462,
0.00029540,-0.002441,1.178462,
0.00029560,0.000000,1.178462,
0.00029580,0.000000,1.194710,
0.00029600,-0.002441,1.178462,
0.00029620,-0.002441,1.178462,
0.00029640,-0.002441,1.178462,
0.00029660,0.000000,1.194710,
0.00029680,0.000000,1.178462,
0.00029700,-0.002441,1.178462,
0.00029720,-0.002441,1.178462,
0.00029740,-0.002441,1.194710,
0.00029760,-0.002441,1.210957,
0.00029780,0.000000,1.194710,
0.00029800,-0.002441,1.178462,
0.00029820,-0.002441,1.178462,
0.00029840,0.000000,1.194710,
0.00029860,-0.002441,1.178462,
0.00029880,-0.002441,1.178462,
0.00029900,0.000000,1.194710,
0.00029920,-0.002441,1.162215,
0.00029940,-0.002441,1.178462,
0.00029960,0.000000,1.194710,
0.00029980,0.000000,1.194710,
0.00030000,0.000000,1.194710,
0.00030020,0.000000,1.194710,
0.00030040,0.000000,1.194710,
0.00030060,0.000000,1.178462,
0.00030080,0.000000,1.178462,
0.00030100,0.000000,1.178462,
0.00030120,-0.002441,1.194710,
0.00030140,0.000000,1.194710,
0.00030160,0.000000,1.178462,
0.00030180,0.000000,1.178462,
0.00030200,-0.002441,1.178462,
0.00030220,-0.002441,1.178462,
0.00030240,-0.002441,1.178462,
0.00030260,-0.002441,1.178462,
0.00030280,0.000000,1.194710,
0.00030300,0.000000,1.194710,
0.00030320,-0.002441,1.194710,
0.00030340,0.000000,1.194710,
0.00030360,-0.002441,1.178462,
0.00030380,-0.002441,1.194710,
0.00030400,-0.002441,1.194710,
0.00030420,-0.002441,1.178462,
0.00030440,-0.002441,1.178462,
0.00030460,0.000000,1.194710,
0.00030480,-0.002441,1.194710,
0.00030500,-0.002441,1.194710,
0.00030520,-0.004883,1.194710,
0.00030540,0.000000,1.178462,
0.00030560,-0.002441,1.178462,
0.00030580,-0.002441,1.178462,
0.00030600,-0.002441,1.194710,
0.00030620,0.000000,1.194710,
0.00030640,0.000000,1.210957,
0.00030660,-0.002441,1.194710,
0.00030680,-0.002441,1.178462,
0.00030700,0.000000,1.194710,
0.00030720,-0.002441,1.178462,
0.00030740,-0.002441,1.178462,
0.00030760,-0.002441,1.178462,
0.00030780,0.000000,1.210957,
0.00030800,-0.002441,1.210957,
0.00030820,-0.002441,1.194710,
0.00030840,0.000000,1.178462,
0.00030860,-0.002441,1.194710,
0.00030880,-0.002441,1.178462,
0.00030900,0.000000,1.194710,
0.00030920,-0.002441,1.178462,
0.00030940,0.000000,1.194710,
0.00030960,0.000000,1.178462,
0.00030980,0.000000,1.178462,
0.00031000,-0.002441,1.194710,
0.00031020,0.000000,1.194710,
0.00031040,0.000000,1.194710,
0.00031060,-0.002441,1.178462,
0.00031080,-0.002441,1.194710,
0.00031100,0.000000,1.194710,
0.00031120,0.000000,1.194710,
0.00031140,-0.002441,1.194710,
0.00031160,0.000000,1.194710,
0.00031180,0.000000,1.194710,
0.00031200,-0.002441,1.194710,
0.00031220,0.000000,1.194710,
0.00031240,0.000000,1.194710,
0.00031260,0.000000,1.194710,
0.00031280,0.000000,1.194710,
0.00031300,0.000000,1.194710,
0.00031320,-0.002441,1.194710,
0.00031340,0.000000,1.194710,
0.00031360,-0.002441,1.178462,
0.00031380,-0.002441,1.178462,
0.00031400,0.000000,1.194710,
0.00031420,-0.002441,1.210957,
0.00031440,0.000000,1.227205,
0.00031460,-0.002441,1.210957,
0.00031480,0.000000,1.210957,
0.00031500,0.000000,1.194710,
0.00031520,0.000000,1.178462,
0.00031540,-0.002441,1.178462,
0.00031560,-0.002441,1.194710,
0.00031580,-0.002441,1.194710,
0.00031600,0.000000,1.194710,
0.00031620,0.000000,1.194710,
0.00031640,-0.002441,1.210957,
0.00031660,0.000000,1.227205,
0.00031680,0.000000,1.194710,
0.00031700,-0.002441,1.178462,
0.00031720,-0.002441,1.178462,
0.00031740,-0.002441,1.194710,
0.00031760,0.000000,1.210957,
0.00031780,-0.002441,1.194710,
0.00031800,-0.002441,1.194710,
0.00031820,-0.002441,1.210957,
0.00031840,0.000000,1.210957,
0.00031860,-0.002441,1.194710,
0.00031880,-0.002441,1.194710,
0.00031900,0.000000,1.194710,
0.00031920,0.000000,1.194710,
0.00031940,-0.002441,1.194710,
0.00031960,0.000000,1.194710,
0.00031980,0.000000,1.194710,
0.00032000,0.000000,1.210957,
0.00032020,-0.002441,1.194710,
0.00032040,-0.002441,1.178462,
0.00032060,-0.002441,1.194710,
0.00032080,-0.002441,1.194710,
0.00032100,0.000000,1.194710,
0.00032120,-0.002441,1.178462,
0.00032140,0.000000,1.194710,
0.00032160,-0.002441,1.194710,
0.00032180,-0.002441,1.194710,
0.00032200,-0.002441,1.210957,
0.00032220,-0.002441,1.210957,
0.00032240,0.000000,1.194710,
0.00032260,0.000000,1.194710,
0.00032280,-0.002441,1.194710,
0.00032300,0.000000,1.194710,
0.00032320,0.000000,1.194710,
0.00032340,-0.002441,1.194710,
0.00032360,-0.002441,1.194710,
0.00032380,-0.002441,1.210957,
0.00032400,0.000000,1.194710,
0.00032420,-0.002441,1.194710,
0.00032440,-0.002441,1.194710,
0.00032460,0.000000,1.210957,
0.00032480,-0.002441,1.194710,
0.00032500,0.000000,1.194710,
0.00032520,-0.002441,1.194710,
0.00032540,0.000000,1.194710,
0.00032560,0.000000,1.194710,
0.00032580,0.000000,1.210957,
0.00032600,0.000000,1.210957,
0.00032620,-0.002441,1.210957,
0.00032640,0.000000,1.194710,
0.00032660,-0.002441,1.194710,
0.00032680,-0.002441,1.194710,
0.00032700,-0.002441,1.194710,
0.00032720,0.000000,1.194710,
0.00032740,0.000000,1.210957,
0.00032760,-0.002441,1.210957,
0.00032780,0.000000,1.210957,
0.00032800,0.000000,1.210957,
0.00032820,-0.002441,1.194710,
0.00032840,-0.002441,1.194710,
0.00032860,-0.002441,1.194710,
0.00032880,0.000000,1.210957,
0.00032900,0.000000,1.210957,
0.00032920,-0.002441,1.210957,
0.00032940,0.000000,1.194710,
0.00032960,0.000000,1.194710,
0.00032980,-0.004883,1.194710,
0.00033000,0.000000,1.210957,
0.00033020,0.000000,1.210957,
0.00033040,0.000000,1.194710,
0.00033060,0.000000,1.194710,
0.00033080,0.000000,1.210957,
0.00033100,0.000000,1.210957,
0.00033120,0.000000,1.194710,
0.00033140,-0.002441,1.210957,
0.00033160,-0.002441,1.194710,
0.00033180,-0.002441,1.194710,
0.00033200,0.000000,1.194710,
0.00033220,0.000000,1.210957,
0.00033240,0.000000,1.210957,
0.00033260,0.000000,1.210957,
0.00033280,-0.002441,1.210957,
0.00033300,-0.002441,1.210957,
0.00033320,-0.002441,1.210957,
0.00033340,-0.002441,1.210957,
0.00033360,-0.002441,1.194710,
0.00033380,0.000000,1.194710,
0.00033400,-0.002441,1.194710,
0.00033420,0.000000,1.210957,
0.00033440,-0.002441,1.210957,
0.00033460,-0.002441,1.210957,
0.00033480,-0.004883,1.194710,
0.00033500,0.000000,1.210957,
0.00033520,0.000000,1.210957,
0.00033540,0.000000,1.227205,
0.00033560,0.000000,1.210957,
0.00033580,0.000000,1.194710,
0.00033600,0.000000,1.194710,
0.00033620,0.000000,1.194710,
0.00033640,-0.002441,1.194710,
0.00033660,-0.002441,1.210957,
0.00033680,0.000000,1.227205,
0.00033700,0.000000,1.210957,
0.00033720,-0.002441,1.194710,
0.00033740,-0.002441,1.194710,
0.00033760,0.000000,1.194710,
0.00033780,0.000000,1.194710,
0.00033800,-0.002441,1.210957,
0.00033820,0.000000,1.210957,
0.00033840,-0.002441,1.210957,
0.00033860,0.000000,1.210957,
0.00033880,-0.002441,1.210957,
0.00033900,0.000000,1.210957,
0.00033920,-0.002441,1.194710,
0.00033940,-0.002441,1.194710,
0.00033960,-0.002441,1.194710,
0.00033980,-0.002441,1.210957,
0.00034000,0.000000,1.210957,
0.00034020,-0.002441,1.194710,
0.00034040,0.000000,1.194710,
0.00034060,0.000000,1.210957,
0.00034080,0.000000,1.210957,
0.00034100,0.000000,1.210957,
0.00034120,-0.002441,1.210957,
0.00034140,0.000000,1.210957,
0.00034160,-0.002441,1.194710,
0.00034180,0.000000,1.194710,
0.00034200,-0.002441,1.194710,
0.00034220,0.000000,1.210957,
0.00034240,0.000000,1.210957,
0.00034260,-0.002441,1.210957,
0.00034280,-0.002441,1.210957,
0.00034300,0.000000,1.194710,
0.00034320,0.000000,1.194710,
0.00034340,0.000000,1.210957,
0.00034360,-0.002441,1.194710,
0.00034380,0.000000,1.210957,
0.00034400,-0.002441,1.210957,
0.00034420,-0.002441,1.194710,
0.00034440,-0.002441,1.194710,
0.00034460,-0.002441,1.210957,
0.00034480,-0.002441,1.194710,
0.00034500,0.000000,1.210957,
0.00034520,0.000000,1.210957,
0.00034540,-0.002441,1.210957,
0.00034560,-0.002441,1.194710,
0.00034580,-0.002441,1.194710,
0.00034600,-0.002441,1.210957,
0.00034620,0.000000,1.210957,
0.00034640,-0.002441,1.210957,
0.00034660,-0.002441,1.194710,
0.00034680,0.000000,1.210957,
0.00034700,-0.002441,1.194710,
0.00034720,0.000000,1.194710,
0.00034740,-0.002441,1.210957,
0.00034760,-0.002441,1.194710,
0.00034780,-0.002441,1.194710,
0.00034800,0.000000,1.194710,
0.00034820,-0.002441,1.210957,
0.00034840,-0.002441,1.194710,
0.00034860,0.000000,1.178462,
0.00034880,0.000000,1.194710,
0.00034900,-0.002441,1.194710,
0.00034920,-0.002441,1.227205,
0.00034940,0.000000,1.243452,
0.00034960,0.000000,1.227205,
0.00034980,0.000000,1.227205,
0.00035000,-0.002441,1.210957,
0.00035020,0.002441,1.194710,
0.00035040,0.000000,1.194710,
0.00035060,-0.002441,1.178462,
0.00035080,-0.002441,1.194710,
0.00035100,0.000000,1.194710,
0.00035120,0.000000,1.210957,
0.00035140,-0.002441,1.243452,
0.00035160,0.000000,1.227205,
0.00035180,0.002441,1.227205,
0.00035200,0.000000,1.227205,
0.00035220,0.000000,1.210957,
0.00035240,-0.002441,1.194710,
0.00035260,-0.002441,1.194710,
0.00035280,0.000000,1.210957,
0.00035300,0.000000,1.210957,
0.00035320,0.000000,1.210957,
0.00035340,0.002441,1.210957,
0.00035360,0.000000,1.210957,
0.00035380,-0.002441,1.210957,
0.00035400,-0.002441,1.210957,
0.00035420,0.000000,1.194710,
0.00035440,0.000000,1.227205,
0.00035460,0.000000,1.227205,
0.00035480,0.000000,1.210957,
0.00035500,0.000000,1.210957,
0.00035520,0.000000,1.210957,
0.00035540,-0.004883,1.210957,
0.00035560,-0.002441,1.210957,
0.00035580,0.000000,1.210957,
0.00035600,0.000000,1.210957,
0.00035620,0.000000,1.194710,
0.00035640,0.000000,1.194710,
0.00035660,-0.002441,1.194710,
0.00035680,0.000000,1.227205,
0.00035700,0.000000,1.227205,
0.00035720,-0.002441,1.210957,
0.00035740,0.000000,1.210957,
0.00035760,0.000000,1.227205,
0.00035780,0.000000,1.227205,
0.00035800,-0.002441,1.210957,
0.00035820,0.000000,1.194710,
0.00035840,0.000000,1.194710,
0.00035860,0.000000,1.210957,
0.00035880,-0.002441,1.210957,
0.00035900,-0.002441,1.210957,
0.00035920,-0.002441,1.227205,
0.00035940,0.000000,1.227205,
0.00035960,0.000000,1.210957,
0.00035980,0.000000,1.210957,
0.00036000,0.000000,1.210957,
0.00036020,0.000000,1.210957,
0.00036040,-0.002441,1.210957,
0.00036060,0.000000,1.227205,
0.00036080,0.000000,1.227205,
0.00036100,-0.002441,1.210957,
0.00036120,0.000000,1.210957,
0.00036140,-0.002441,1.210957,
0.00036160,0.000000,1.210957,
0.00036180,-0.002441,1.227205,
0.00036200,0.000000,1.210957,
0.00036220,-0.002441,1.194710,
0.00036240,0.000000,1.210957,
0.00036260,0.000000,1.210957,
0.00036280,0.000000,1.210957,
0.00036300,0.000000,1.210957,
0.00036320,0.000000,1.227205,
0.00036340,-0.002441,1.227205,
0.00036360,0.000000,1.227205,
0.00036380,0.000000,1.210957,
0.00036400,-0.002441,1.210957,
0.00036420,0.000000,1.210957,
0.00036440,-0.002441,1.227205,
0.00036460,-0.002441,1.227205,
0.00036480,-0.002441,1.227205,
0.00036500,-0.002441,1.210957,
0.00036520,-0.004883,1.210957,
0.00036540,-0.002441,1.227205,
0.00036560,-0.002441,1.227205,
0.00036580,-0.002441,1.243452,
0.00036600,-0.002441,1.227205,
0.00036620,-0.002441,1.194710,
0.00036640,0.000000,1.210957,
0.00036660,-0.002441,1.210957,
0.00036680,-0.002441,1.210957,
0.00036700,-0.002441,1.210957,
0.00036720,0.000000,1.227205,
0.00036740,0.000000,1.227205,
0.00036760,-0.002441,1.227205,
0.00036780,0.000000,1.227205,
0.00036800,-0.002441,1.243452,
0.00036820,0.000000,1.227205,
0.00036840,-0.002441,1.227205,
0.00036860,-0.002441,1.210957,
0.00036880,-0.002441,1.210957,
0.00036900,0.000000,1.210957,
0.00036920,-0.002441,1.210957,
0.00036940,-0.002441,1.210957,
0.00036960,-0.002441,1.227205,
0.00036980,-0.002441,1.227205,
0.00037000,-0.002441,1.210957,
0.00037020,-0.002441,1.210957,
0.00037040,-0.002441,1.210957,
0.00037060,0.000000,1.210957,
0.00037080,-0.002441,1.227205,
0.00037100,-0.002441,1.227205,
0.00037120,0.000000,1.227205,
0.00037140,0.000000,1.227205,
0.00037160,-0.002441,1.227205,
0.00037180,-0.002441,1.227205,
0.00037200,0.000000,1.227205,
0.00037220,0.000000,1.210957,
0.00037240,0.000000,1.227205,
0.00037260,0.000000,1.227205,
0.00037280,0.000000,1.227205,
0.00037300,-0.002441,1.210957,
0.00037320,-0.002441,1.210957,
0.00037340,-0.002441,1.210957,
0.00037360,0.000000,1.227205,
0.00037380,0.000000,1.243452,
0.00037400,-0.002441,1.227205,
0.00037420,-0.002441,1.210957,
0.00037440,0.000000,1.227205,
0.00037460,-0.002441,1.210957,
0.00037480,-0.004883,1.227205,
0.00037500,-0.002441,1.227205,
0.00037520,0.000000,1.227205,
0.00037540,0.000000,1.227205,
0.00037560,0.000000,1.227205,
0.00037580,0.000000,1.210957,
0.00037600,-0.002441,1.227205,
0.00037620,0.000000,1.227205,
0.00037640,-0.002441,1.210957,
0.00037660,-0.002441,1.227205,
0.00037680,0.000000,1.227205,
0.00037700,0.000000,1.227205,
0.00037720,0.000000,1.227205,
0.00037740,-0.002441,1.227205,
0.00037760,0.000000,1.210957,
0.00037780,-0.002441,1.210957,
0.00037800,-0.002441,1.210957,
0.00037820,-0.002441,1.227205,
0.00037840,-0.002441,1.227205,
0.00037860,-0.002441,1.227205,
0.00037880,0.000000,1.227205,
0.00037900,-0.002441,1.227205,
0.00037920,-0.004883,1.227205,
0.00037940,-0.002441,1.227205,
0.00037960,-0.002441,1.210957,
0.00037980,-0.002441,1.210957,
0.00038000,-0.002441,1.210957,
0.00038020,0.000000,1.210957,
0.00038040,-0.002441,1.227205,
0.00038060,0.000000,1.210957,
0.00038080,0.000000,1.210957,
0.00038100,-0.002441,1.227205,
0.00038120,0.000000,1.227205,
0.00038140,0.000000,1.227205,
0.00038160,0.002441,1.227205,
0.00038180,0.000000,1.210957,
0.00038200,-0.002441,1.210957,
0.00038220,0.000000,1.227205,
0.00038240,0.000000,1.227205,
0.00038260,-0.002441,1.227205,
0.00038280,-0.002441,1.210957,
0.00038300,-0.002441,1.227205,
0.00038320,0.000000,1.227205,
0.00038340,-0.002441,1.210957,
0.00038360,0.000000,1.210957,
0.00038380,0.000000,1.210957,
0.00038400,0.002441,1.227205,
0.00038420,0.000000,1.227205,
0.00038440,0.000000,1.227205,
0.00038460,-0.002441,1.227205,
0.00038480,0.000000,1.227205,
0.00038500,0.000000,1.227205,
0.00038520,-0.002441,1.210957,
0.00038540,-0.002441,1.194710,
0.00038560,0.000000,1.194710,
0.00038580,0.000000,1.210957,
0.00038600,-0.002441,1.210957,
0.00038620,0.000000,1.210957,
0.00038640,0.000000,1.227205,
0.00038660,0.000000,1.243452,
0.00038680,0.000000,1.243452,
0.00038700,0.000000,1.227205,
0.00038720,0.000000,1.210957,
0.00038740,0.000000,1.210957,
0.00038760,-0.002441,1.194710,
0.00038780,-0.002441,1.210957,
0.00038800,0.000000,1.227205,
0.00038820,0.000000,1.243452,
0.00038840,0.000000,1.243452,
0.00038860,0.000000,1.210957,
0.00038880,-0.002441,1.227205,
0.00038900,0.000000,1.210957,
0.00038920,-0.002441,1.227205,
0.00038940,-0.002441,1.210957,
0.00038960,0.000000,1.210957,
0.00038980,0.000000,1.210957,
0.00039000,0.000000,1.227205,
0.00039020,0.000000,1.227205,
0.00039040,0.000000,1.227205,
0.00039060,0.000000,1.227205,
0.00039080,-0.002441,1.210957,
0.00039100,0.000000,1.210957,
0.00039120,0.000000,1.227205,
0.00039140,-0.002441,1.210957,
0.00039160,0.000000,1.227205,
0.00039180,0.000000,1.227205,
0.00039200,0.000000,1.227205,
0.00039220,-0.002441,1.227205,
0.00039240,0.000000,1.227205,
0.00039260,-0.002441,1.210957,
0.00039280,-0.002441,1.227205,
0.00039300,-0.002441,1.227205,
0.00039320,0.000000,1.227205,
0.00039340,0.000000,1.210957,
0.00039360,0.000000,1.227205,
0.00039380,-0.002441,1.210957,
0.00039400,-0.002441,1.227205,
0.00039420,-0.002441,1.227205,
0.00039440,-0.002441,1.227205,
0.00039460,-0.002441,1.227205,
0.00039480,0.000000,1.243452,
0.00039500,-0.002441,1.227205,
0.00039520,0.000000,1.227205,
0.00039540,-0.002441,1.227205,
0.00039560,-0.002441,1.227205,
0.00039580,-0.002441,1.210957,
0.00039600,0.000000,1.227205,
0.00039620,-0.002441,1.227205,
0.00039640,0.000000,1.243452,
0.00039660,-0.002441,1.227205,
0.00039680,-0.002441,1.227205,
0.00039700,0.000000,1.243452,
0.00039720,-0.002441,1.243452,
0.00039740,-0.002441,1.227205,
0.00039760,-0.002441,1.210957,
0.00039780,0.000000,1.227205,
0.00039800,0.000000,1.243452,
0.00039820,0.000000,1.243452,
0.00039840,-0.002441,1.243452,
0.00039860,0.000000,1.227205,
0.00039880,-0.002441,1.227205,
0.00039900,-0.002441,1.227205,
0.00039920,-0.002441,1.227205,
0.00039940,0.000000,1.227205,
0.00039960,0.000000,1.243452,
0.00039980,-0.002441,1.227205,
0.00040000,0.000000,1.243452,
0.00040020,-0.002441,1.227205,
0.00040040,0.000000,1.227205,
0.00040060,-0.002441,1.227205,
0.00040080,0.000000,1.243452,
0.00040100,-0.002441,1.243452,
0.00040120,-0.002441,1.227205,
0.00040140,0.000000,1.227205,
0.00040160,0.000000,1.227205,
0.00040180,0.000000,1.227205,
0.00040200,-0.002441,1.210957,
0.00040220,-0.002441,1.210957,
0.00040240,0.000000,1.243452,
0.00040260,0.000000,1.243452,
0.00040280,0.000000,1.243452,
0.00040300,0.000000,1.259700,
0.00040320,-0.002441,1.243452,
0.00040340,-0.004883,1.227205,
0.00040360,0.000000,1.227205,
0.00040380,-0.002441,1.227205,
0.00040400,-0.002441,1.227205,
0.00040420,0.000000,1.227205,
0.00040440,0.002441,1.227205,
0.00040460,0.000000,1.243452,
0.00040480,-0.002441,1.243452,
0.00040500,-0.002441,1.243452,
0.00040520,0.000000,1.243452,
0.00040540,-0.002441,1.227205,
0.00040560,-0.002441,1.227205,
0.00040580,0.000000,1.243452,
0.00040600,0.000000,1.259700,
0.00040620,-0.002441,1.243452,
0.00040640,-0.002441,1.243452,
0.00040660,0.000000,1.243452,
0.00040680,-0.002441,1.227205,
0.00040700,-0.002441,1.227205,
0.00040720,-0.002441,1.227205,
0.00040740,-0.002441,1.243452,
0.00040760,-0.002441,1.243452,
0.00040780,-0.002441,1.243452,
0.00040800,0.000000,1.243452,
0.00040820,0.000000,1.243452,
0.00040840,-0.002441,1.243452,
0.00040860,-0.002441,1.227205,
0.00040880,-0.002441,1.227205,
0.00040900,0.000000,1.227205,
0.00040920,-0.002441,1.243452,
0.00040940,0.000000,1.243452,
0.00040960,0.000000,1.227205,
0.00040980,0.000000,1.243452,
0.00041000,-0.002441,1.227205,
0.00041020,0.000000,1.243452,
0.00041040,0.000000,1.259700,
0.00041060,-0.002441,1.243452,
0.00041080,0.000000,1.243452,
0.00041100,0.000000,1.227205,
0.00041120,0.004883,1.243452,
0.00041140,-0.002441,1.243452,
0.00041160,-0.002441,1.243452,
0.00041180,-0.002441,1.227205,
0.00041200,-0.002441,1.227205,
0.00041220,0.000000,1.243452,
0.00041240,0.000000,1.243452,
0.00041260,-0.002441,1.243452,
0.00041280,0.000000,1.243452,
0.00041300,-0.002441,1.243452,
0.00041320,-0.002441,1.227205,
0.00041340,-0.002441,1.227205,
0.00041360,-0.002441,1.227205,
0.00041380,0.000000,1.243452,
0.00041400,0.000000,1.243452,
0.00041420,0.000000,1.227205,
0.00041440,-0.002441,1.227205,
0.00041460,0.000000,1.243452,
0.00041480,0.000000,1.227205,
0.00041500,0.000000,1.227205,
0.00041520,-0.002441,1.243452,
0.00041540,0.000000,1.243452,
0.00041560,0.000000,1.243452,
0.00041580,-0.002441,1.227205,
0.00041600,-0.002441,1.210957,
0.00041620,-0.002441,1.227205,
0.00041640,-0.002441,1.227205,
0.00041660,-0.002441,1.227205,
0.00041680,-0.002441,1.227205,
0.00041700,0.000000,1.227205,
0.00041720,-0.002441,1.243452,
0.00041740,0.000000,1.243452,
0.00041760,0.000000,1.243452,
0.00041780,-0.002441,1.243452,
0.00041800,0.000000,1.243452,
0.00041820,0.000000,1.227205,
0.00041840,0.000000,1.227205,
0.00041860,0.000000,1.227205,
0.00041880,0.000000,1.227205,
0.00041900,0.000000,1.210957,
0.00041920,0.000000,1.227205,
0.00041940,-0.002441,1.243452,
0.00041960,-0.004883,1.243452,
0.00041980,0.000000,1.259700,
0.00042000,-0.002441,1.243452,
0.00042020,0.000000,1.227205,
0.00042040,0.000000,1.227205,
0.00042060,0.000000,1.227205,
0.00042080,-0.002441,1.210957,
0.00042100,-0.002441,1.210957,
0.00042120,-0.002441,1.227205,
0.00042140,-0.002441,1.243452,
0.00042160,-0.002441,1.243452,
0.00042180,-0.002441,1.243452,
0.00042200,-0.002441,1.243452,
0.00042220,0.000000,1.227205,
0.00042240,0.000000,1.227205,
0.00042260,0.000000,1.227205,
0.00042280,-0.002441,1.210957,
0.00042300,0.000000,1.227205,
0.00042320,0.000000,1.243452,
0.00042340,0.000000,1.243452,
0.00042360,0.000000,1.243452,
0.00042380,-0.002441,1.227205,
0.00042400,-0.002441,1.243452,
0.00042420,0.000000,1.243452,
0.00042440,0.000000,1.227205,
0.00042460,-0.002441,1.227205,
0.00042480,-0.002441,1.210957,
0.00042500,0.000000,1.227205,
0.00042520,0.000000,1.227205,
0.00042540,-0.002441,1.227205,
0.00042560,-0.002441,1.243452,
0.00042580,-0.002441,1.243452,
0.00042600,-0.002441,1.227205,
0.00042620,-0.002441,1.227205,
0.00042640,-0.002441,1.227205,
0.00042660,0.000000,1.227205,
0.00042680,0.000000,1.227205,
0.00042700,0.000000,1.227205,
0.00042720,0.000000,1.227205,
0.00042740,0.000000,1.243452,
0.00042760,-0.002441,1.243452,
0.00042780,-0.002441,1.227205,
0.00042800,-0.002441,1.210957,
0.00042820,0.000000,1.243452,
0.00042840,0.000000,1.243452,
0.00042860,-0.002441,1.227205,
0.00042880,-0.004883,1.227205,
0.00042900,0.000000,1.227205,
0.00042920,-0.002441,1.243452,
0.00042940,-0.002441,1.227205,
0.00042960,0.000000,1.243452,
0.00042980,0.000000,1.227205,
0.00043000,0.000000,1.227205,
0.00043020,-0.002441,1.227205,
0.00043040,0.000000,1.227205,
0.00043060,0.000000,1.227205,
0.00043080,-0.002441,1.227205,
0.00043100,-0.002441,1.227205,
0.00043120,-0.002441,1.227205,
0.00043140,0.000000,1.227205,
0.00043160,0.000000,1.227205,
0.00043180,-0.002441,1.243452,
0.00043200,-0.002441,1.243452,
0.00043220,0.000000,1.227205,
0.00043240,0.000000,1.210957,
0.00043260,-0.002441,1.210957,
0.00043280,0.000000,1.243452,
0.00043300,0.000000,1.243452,
0.00043320,0.000000,1.243452,
0.00043340,0.000000,1.243452,
0.00043360,-0.002441,1.243452,
0.00043380,0.000000,1.259700,
0.00043400,-0.002441,1.243452,
0.00043420,-0.002441,1.227205,
0.00043440,-0.002441,1.210957,
0.00043460,0.000000,1.227205,
0.00043480,0.000000,1.243452,
0.00043500,-0.004883,1.243452,
0.00043520,0.000000,1.243452,
0.00043540,0.000000,1.243452,
0.00043560,-0.002441,1.227205,
0.00043580,-0.002441,1.243452,
0.00043600,0.000000,1.227205,
0.00043620,0.000000,1.243452,
0.00043640,0.000000,1.243452,
0.00043660,-0.002441,1.243452,
0.00043680,-0.002441,1.243452,
0.00043700,0.000000,1.210957,
0.00043720,-0.002441,1.227205,
0.00043740,-0.002441,1.227205,
0.00043760,-0.002441,1.227205,
0.00043780,0.000000,1.259700,
0.00043800,0.000000,1.259700,
0.00043820,0.000000,1.259700,
0.00043840,-0.002441,1.259700,
0.00043860,0.000000,1.243452,
0.00043880,0.000000,1.227205,
0.00043900,0.000000,1.210957,
0.00043920,-0.002441,1.210957,
0.00043940,0.000000,1.243452,
0.00043960,0.000000,1.243452,
0.00043980,0.000000,1.243452,
0.00044000,0.000000,1.243452,
0.00044020,0.000000,1.243452,
0.00044040,-0.002441,1.243452,
0.00044060,-0.002441,1.243452,
0.00044080,0.000000,1.227205,
0.00044100,0.000000,1.227205,
0.00044120,-0.002441,1.227205,
0.00044140,0.000000,1.243452,
0.00044160,-0.002441,1.243452,
0.00044180,0.000000,1.243452,
0.00044200,0.000000,1.259700,
0.00044220,0.000000,1.243452,
0.00044240,-0.002441,1.243452,
0.00044260,0.000000,1.243452,
0.00044280,0.000000,1.243452,
0.00044300,0.000000,1.227205,
0.00044320,0.000000,1.243452,
0.00044340,0.000000,1.243452,
0.00044360,0.000000,1.259700,
0.00044380,-0.002441,1.243452,
0.00044400,-0.002441,1.227205,
0.00044420,0.000000,1.243452,
0.00044440,-0.002441,1.227205,
0.00044460,0.000000,1.243452,
0.00044480,-0.002441,1.243452,
0.00044500,0.000000,1.227205,
0.00044520,0.000000,1.243452,
0.00044540,0.000000,1.243452,
0.00044560,0.000000,1.243452,
0.00044580,0.000000,1.243452,
0.00044600,0.000000,1.243452,
0.00044620,0.000000,1.243452,
0.00044640,0.000000,1.243452,
0.00044660,-0.002441,1.243452,
0.00044680,-0.002441,1.243452,
0.00044700,-0.002441,1.243452,
0.00044720,-0.002441,1.243452,
0.00044740,0.000000,1.243452,
0.00044760,-0.002441,1.243452,
0.00044780,-0.002441,1.243452,
0.00044800,-0.002441,1.243452,
0.00044820,0.000000,1.227205,
0.00044840,0.000000,1.243452,
0.00044860,-0.002441,1.243452,
0.00044880,0.000000,1.243452,
0.00044900,0.000000,1.243452,
0.00044920,0.000000,1.259700,
0.00044940,0.000000,1.243452,
0.00044960,-0.002441,1.243452,
0.00044980,0.000000,1.243452,
0.00045000,0.000000,1.243452,
0.00045020,0.000000,1.243452,
0.00045040,-0.004883,1.243452,
0.00045060,0.000000,1.243452,
0.00045080,-0.002441,1.243452,
0.00045100,-0.002441,1.243452,
0.00045120,-0.002441,1.243452,
0.00045140,0.000000,1.243452,
0.00045160,0.000000,1.243452,
0.00045180,-0.002441,1.227205,
0.00045200,-0.002441,1.227205,
0.00045220,0.000000,1.243452,
0.00045240,-0.002441,1.243452,
0.00045260,-0.002441,1.243452,
0.00045280,-0.002441,1.243452,
0.00045300,-0.002441,1.243452,
0.00045320,-0.002441,1.243452,
0.00045340,-0.002441,1.243452,
0.00045360,-0.002441,1.227205,
0.00045380,0.000000,1.210957,
0.00045400,0.000000,1.227205,
0.00045420,-0.002441,1.227205,
0.00045440,-0.002441,1.243452,
0.00045460,-0.002441,1.259700,
0.00045480,-0.002441,1.259700,
0.00045500,-0.002441,1.259700,
0.00045520,-0.002441,1.259700,
0.00045540,-0.002441,1.243452,
0.00045560,0.000000,1.227205,
0.00045580,0.000000,1.210957,
0.00045600,-0.002441,1.210957,
0.00045620,-0.002441,1.227205,
0.00045640,-0.002441,1.227205,
0.00045660,0.000000,1.259700,
0.00045680,-0.002441,1.243452,
0.00045700,-0.002441,1.243452,
0.00045720,-0.002441,1.243452,
0.00045740,0.000000,1.227205,
0.00045760,0.000000,1.227205,
0.00045780,-0.002441,1.227205,
0.00045800,-0.002441,1.227205,
0.00045820,-0.002441,1.227205,
0.00045840,-0.002441,1.227205,
0.00045860,-0.002441,1.243452,
0.00045880,0.000000,1.259700,
0.00045900,0.000000,1.243452,
0.00045920,0.000000,1.243452,
0.00045940,0.000000,1.243452,
0.00045960,-0.002441,1.227205,
0.00045980,-0.002441,1.210957,
0.00046000,-0.002441,1.227205,
0.00046020,-0.002441,1.227205,
0.00046040,-0.002441,1.243452,
0.00046060,-0.002441,1.243452,
0.00046080,0.000000,1.227205,
0.00046100,0.000000,1.243452,
0.00046120,-0.002441,1.243452,
0.00046140,-0.002441,1.243452,
0.00046160,-0.002441,1.210957,
0.00046180,0.000000,1.227205,
0.00046200,0.000000,1.243452,
0.00046220,0.000000,1.227205,
0.00046240,0.000000,1.227205,
0.00046260,0.000000,1.227205,
0.00046280,0.000000,1.243452,
0.00046300,-0.002441,1.227205,
0.00046320,-0.002441,1.227205,
0.00046340,0.000000,1.227205,
0.00046360,0.000000,1.227205,
0.00046380,0.000000,1.227205,
0.00046400,0.000000,1.243452,
0.00046420,-0.002441,1.243452,
0.00046440,0.000000,1.227205,
0.00046460,0.000000,1.227205,
0.00046480,-0.002441,1.227205,
0.00046500,-0.002441,1.227205,
0.00046520,0.000000,1.243452,
0.00046540,-0.002441,1.243452,
0.00046560,-0.002441,1.243452,
0.00046580,-0.002441,1.243452,
0.00046600,0.000000,1.227205,
0.00046620,0.000000,1.227205,
0.00046640,-0.002441,1.227205,
0.00046660,-0.002441,1.243452,
0.00046680,0.000000,1.227205,
0.00046700,0.000000,1.227205,
0.00046720,0.000000,1.227205,
0.00046740,0.000000,1.210957,
0.00046760,0.002441,1.243452,
0.00046780,-0.002441,1.227205,
0.00046800,-0.002441,1.227205,
0.00046820,0.000000,1.243452,
0.00046840,0.000000,1.243452,
0.00046860,0.000000,1.243452,
0.00046880,0.000000,1.227205,
0.00046900,0.002441,1.227205,
0.00046920,-0.002441,1.227205,
0.00046940,-0.002441,1.227205,
0.00046960,-0.002441,1.210957,
0.00046980,-0.002441,1.227205,
0.00047000,0.000000,1.227205,
0.00047020,-0.002441,1.227205,
0.00047040,0.000000,1.227205,
0.00047060,0.002441,1.243452,
0.00047080,-0.002441,1.243452,
0.00047100,0.000000,1.243452,
0.00047120,-0.002441,1.243452,
0.00047140,-0.002441,1.227205,
0.00047160,0.000000,1.227205,
0.00047180,0.002441,1.227205,
0.00047200,0.000000,1.227205,
0.00047220,0.000000,1.227205,
0.00047240,0.000000,1.227205,
0.00047260,0.000000,1.227205,
0.00047280,-0.002441,1.227205,
0.00047300,0.000000,1.243452,
0.00047320,0.000000,1.259700,
0.00047340,0.000000,1.259700,
0.00047360,0.000000,1.243452,
0.00047380,0.002441,1.227205,
0.00047400,0.000000,1.210957,
0.00047420,-0.002441,1.210957,
0.00047440,0.000000,1.227205,
0.00047460,-0.002441,1.243452,
0.00047480,-0.002441,1.227205,
0.00047500,0.000000,1.227205,
0.00047520,-0.002441,1.227205,
0.00047540,-0.002441,1.227205,
0.00047560,-0.004883,1.227205,
0.00047580,-0.002441,1.227205,
0.00047600,-0.002441,1.227205,
0.00047620,0.000000,1.227205,
0.00047640,0.000000,1.227205,
0.00047660,-0.002441,1.243452,
0.00047680,-0.002441,1.243452,
0.00047700,-0.002441,1.243452,
0.00047720,-0.004883,1.243452,
0.00047740,-0.002441,1.243452,
0.00047760,-0.002441,1.227205,
0.00047780,0.000000,1.243452,
0.00047800,0.000000,1.243452,
0.00047820,-0.002441,1.243452,
0.00047840,-0.002441,1.243452,
0.00047860,-0.002441,1.243452,
0.00047880,-0.002441,1.227205,
0.00047900,-0.002441,1.243452,
0.00047920,-0.002441,1.227205,
0.00047940,0.000000,1.227205,
0.00047960,-0.002441,1.227205,
0.00047980,0.000000,1.243452,
0.00048000,0.000000,1.227205,
0.00048020,0.000000,1.243452,
0.00048040,0.000000,1.243452,
0.00048060,-0.002441,1.243452,
0.00048080,-0.002441,1.227205,
0.00048100,0.000000,1.243452,
0.00048120,-0.002441,1.243452,
0.00048140,0.000000,1.243452,
0.00048160,-0.002441,1.243452,
0.00048180,-0.002441,1.243452,
0.00048200,0.000000,1.243452,
0.00048220,-0.002441,1.243452,
0.00048240,0.000000,1.227205,
0.00048260,-0.002441,1.243452,
0.00048280,0.000000,1.243452,
0.00048300,0.000000,1.243452,
0.00048320,-0.002441,1.243452,
0.00048340,-0.002441,1.243452,
0.00048360,0.000000,1.243452,
0.00048380,-0.002441,1.243452,
0.00048400,-0.002441,1.243452,
0.00048420,-0.002441,1.243452,
0.00048440,-0.002441,1.243452,
0.00048460,-0.002441,1.243452,
0.00048480,0.000000,1.243452,
0.00048500,0.000000,1.243452,
0.00048520,0.000000,1.243452,
0.00048540,-0.002441,1.243452,
0.00048560,0.000000,1.243452,
0.00048580,-0.002441,1.227205,
0.00048600,0.000000,1.243452,
0.00048620,0.000000,1.243452,
0.00048640,0.000000,1.243452,
0.00048660,-0.002441,1.243452,
0.00048680,0.000000,1.243452,
0.00048700,0.000000,1.243452,
0.00048720,-0.002441,1.227205,
0.00048740,-0.002441,1.227205,
0.00048760,0.000000,1.243452,
0.00048780,0.000000,1.243452,
0.00048800,0.000000,1.259700,
0.00048820,0.000000,1.243452,
0.00048840,0.000000,1.243452,
0.00048860,0.000000,1.243452,
0.00048880,-0.002441,1.227205,
0.00048900,-0.002441,1.227205,
0.00048920,0.000000,1.227205,
0.00048940,-0.002441,1.227205,
0.00048960,0.000000,1.259700,
0.00048980,-0.002441,1.259700,
0.00049000,0.000000,1.275947,
0.00049020,0.000000,1.259700,
0.00049040,-0.002441,1.227205,
0.00049060,-0.002441,1.227205,
0.00049080,0.000000,1.210957,
0.00049100,0.000000,1.210957,
0.00049120,0.000000,1.227205,
0.00049140,0.000000,1.243452,
0.00049160,0.000000,1.259700,
0.00049180,0.000000,1.243452,
0.00049200,-0.002441,1.227205,
0.00049220,0.000000,1.243452,
0.00049240,0.000000,1.243452,
0.00049260,-0.002441,1.243452,
0.00049280,0.000000,1.243452,
0.00049300,0.002441,1.243452,
0.00049320,-0.002441,1.227205,
0.00049340,0.000000,1.243452,
0.00049360,-0.002441,1.227205,
0.00049380,0.000000,1.243452,
0.00049400,-0.002441,1.259700,
0.00049420,0.000000,1.243452,
0.00049440,-0.002441,1.243452,
0.00049460,0.000000,1.243452,
0.00049480,0.000000,1.243452,
0.00049500,-0.002441,1.243452,
0.00049520,0.000000,1.243452,
0.00049540,-0.002441,1.227205,
0.00049560,0.000000,1.243452,
0.00049580,0.000000,1.243452,
0.00049600,0.000000,1.243452,
0.00049620,0.000000,1.243452,
0.00049640,0.002441,1.243452,
0.00049660,-0.002441,1.243452,
0.00049680,-0.002441,1.243452,
0.00049700,0.000000,1.227205,
0.00049720,0.000000,1.227205,
0.00049740,0.000000,1.243452,
0.00049760,0.000000,1.259700,
0.00049780,0.000000,1.259700,
0.00049800,0.000000,1.243452,
0.00049820,0.000000,1.243452,
0.00049840,-0.002441,1.227205,
0.00049860,-0.002441,1.227205,
0.00049880,0.000000,1.227205,
0.00049900,0.000000,1.243452,
0.00049920,-0.002441,1.243452,
0.00049940,-0.002441,1.243452,
0.00049960,0.000000,1.243452,
0.00049980,0.000000,1.243452,
0.00050000,0.000000,1.227205,
0.00050020,-0.002441,1.227205,
0.00050040,0.000000,1.243452,
0.00050060,0.000000,1.227205,
0.00050080,0.000000,1.243452,
0.00050100,0.000000,1.243452,
0.00050120,0.000000,1.243452,
0.00050140,0.000000,1.243452,
0.00050160,-0.002441,1.227205,
0.00050180,-0.002441,1.227205,
0.00050200,-0.002441,1.243452,
0.00050220,0.000000,1.259700,
0.00050240,0.000000,1.259700,
0.00050260,-0.002441,1.227205,
0.00050280,0.000000,1.210957,
0.00050300,-0.002441,1.210957,
0.00050320,-0.002441,1.227205,
0.00050340,-0.002441,1.227205,
0.00050360,0.000000,1.243452,
0.00050380,0.000000,1.243452,
0.00050400,0.000000,1.243452,
0.00050420,0.000000,1.243452,
0.00050440,-0.002441,1.243452,
0.00050460,0.000000,1.243452,
0.00050480,-0.002441,1.227205,
0.00050500,-0.002441,1.227205,
0.00050520,-0.002441,1.227205,
0.00050540,0.000000,1.243452,
0.00050560,0.000000,1.243452,
0.00050580,-0.002441,1.243452,
0.00050600,0.000000,1.259700,
0.00050620,0.000000,1.243452,
0.00050640,-0.002441,1.243452,
0.00050660,-0.002441,1.227205,
0.00050680,0.000000,1.227205,
0.00050700,0.000000,1.227205,
0.00050720,0.000000,1.227205,
0.00050740,0.000000,1.243452,
0.00050760,-0.002441,1.243452,
0.00050780,0.000000,1.243452,
0.00050800,-0.002441,1.243452,
0.00050820,0.000000,1.243452,
0.00050840,0.000000,1.259700,
0.00050860,0.000000,1.259700,
0.00050880,0.000000,1.243452,
0.00050900,0.000000,1.227205,
0.00050920,0.000000,1.227205,
0.00050940,-0.002441,1.227205,
0.00050960,-0.002441,1.227205,
0.00050980,-0.002441,1.227205,
0.00051000,0.000000,1.259700,
0.00051020,-0.002441,1.259700,
0.00051040,0.000000,1.259700,
0.00051060,-0.004883,1.227205,
0.00051080,0.000000,1.243452,
0.00051100,-0.002441,1.243452,
0.00051120,-0.002441,1.227205,
0.00051140,-0.002441,1.227205,
0.00051160,0.000000,1.243452,
0.00051180,0.000000,1.259700,
0.00051200,-0.002441,1.243452,
0.00051220,-0.002441,1.259700,
0.00051240,-0.002441,1.259700,
0.00051260,-0.002441,1.243452,
0.00051280,0.000000,1.243452,
0.00051300,0.000000,1.227205,
0.00051320,-0.002441,1.243452,
0.00051340,0.000000,1.243452,
0.00051360,0.000000,1.243452,
0.00051380,-0.002441,1.259700,
0.00051400,-0.002441,1.259700,
0.00051420,0.000000,1.243452,
0.00051440,-0.002441,1.243452,
0.00051460,-0.002441,1.243452,
0.00051480,0.000000,1.259700,
0.00051500,0.000000,1.259700,
0.00051520,-0.002441,1.243452,
0.00051540,0.000000,1.243452,
0.00051560,0.000000,1.259700,
0.00051580,-0.002441,1.243452,
0.00051600,-0.002441,1.243452,
0.00051620,-0.002441,1.243452,
0.00051640,0.000000,1.243452,
0.00051660,0.000000,1.259700,
0.00051680,0.000000,1.243452,
0.00051700,-0.002441,1.243452,
0.00051720,0.000000,1.243452,
0.00051740,-0.002441,1.227205,
0.00051760,-0.002441,1.243452,
0.00051780,-0.002441,1.259700,
0.00051800,-0.002441,1.259700,
0.00051820,0.000000,1.259700,
0.00051840,0.000000,1.259700,
0.00051860,0.000000,1.243452,
0.00051880,-0.002441,1.259700,
0.00051900,0.000000,1.259700,
0.00051920,0.000000,1.259700,
0.00051940,-0.002441,1.243452,
0.00051960,-0.002441,1.243452,
0.00051980,0.000000,1.243452,
0.00052000,0.000000,1.259700,
0.00052020,-0.002441,1.259700,
0.00052040,-0.002441,1.243452,
0.00052060,0.000000,1.243452,
0.00052080,-0.002441,1.243452,
0.00052100,-0.002441,1.243452,
0.00052120,-0.002441,1.243452,
0.00052140,0.000000,1.243452,
0.00052160,-0.002441,1.243452,
0.00052180,0.000000,1.259700,
0.00052200,0.000000,1.259700,
0.00052220,0.000000,1.259700,
0.00052240,-0.002441,1.243452,
0.00052260,-0.002441,1.243452,
0.00052280,-0.002441,1.259700,
0.00052300,0.000000,1.259700,
0.00052320,0.000000,1.259700,
0.00052340,-0.002441,1.243452,
0.00052360,0.002441,1.243452,
0.00052380,0.000000,1.243452,
0.00052400,0.002441,1.243452,
0.00052420,-0.002441,1.243452,
0.00052440,0.000000,1.259700,
0.00052460,0.000000,1.259700,
0.00052480,0.000000,1.259700,
0.00052500,0.000000,1.275947,
0.00052520,0.004883,1.292195,
0.00052540,0.000000,1.259700,
0.00052560,-0.002441,1.243452,
0.00052580,-0.002441,1.227205,
0.00052600,-0.002441,1.227205,
0.00052620,0.000000,1.243452,
0.00052640,0.000000,1.259700,
0.00052660,-0.002441,1.259700,
0.00052680,0.000000,1.259700,
0.00052700,0.000000,1.259700,
0.00052720,0.000000,1.259700,
0.00052740,-0.002441,1.259700,
0.00052760,-0.002441,1.259700,
0.00052780,-0.002441,1.243452,
0.00052800,0.000000,1.243452,
0.00052820,-0.002441,1.243452,
0.00052840,-0.002441,1.243452,
0.00052860,0.000000,1.259700,
0.00052880,0.000000,1.243452,
0.00052900,-0.002441,1.243452,
0.00052920,0.000000,1.259700,
0.00052940,0.000000,1.259700,
0.00052960,-0.002441,1.259700,
0.00052980,-0.002441,1.243452,
0.00053000,0.000000,1.243452,
0.00053020,-0.002441,1.259700,
0.00053040,0.000000,1.259700,
0.00053060,-0.002441,1.259700,
0.00053080,0.000000,1.259700,
0.00053100,-0.002441,1.243452,
0.00053120,0.000000,1.243452,
0.00053140,-0.002441,1.243452,
0.00053160,0.000000,1.243452,
0.00053180,-0.002441,1.259700,
0.00053200,0.000000,1.243452,
0.00053220,-0.002441,1.259700,
0.00053240,-0.002441,1.259700,
0.00053260,0.000000,1.259700,
0.00053280,0.000000,1.259700,
0.00053300,0.000000,1.259700,
0.00053320,0.000000,1.259700,
0.00053340,0.000000,1.259700,
0.00053360,0.000000,1.243452,
0.00053380,0.000000,1.243452,
0.00053400,0.000000,1.259700,
0.00053420,-0.002441,1.259700,
0.00053440,-0.002441,1.243452,
0.00053460,-0.002441,1.243452,
0.00053480,-0.002441,1.259700,
0.00053500,-0.002441,1.259700,
0.00053520,-0.002441,1.259700,
0.00053540,0.000000,1.243452,
0.00053560,-0.002441,1.243452,
0.00053580,-0.002441,1.259700,
0.00053600,0.000000,1.243452,
0.00053620,0.000000,1.243452,
0.00053640,-0.002441,1.243452,
0.00053660,-0.002441,1.243452,
0.00053680,-0.002441,1.243452,
0.00053700,-0.002441,1.259700,
0.00053720,-0.002441,1.243452,
0.00053740,0.000000,1.243452,
0.00053760,0.000000,1.243452,
0.00053780,0.000000,1.227205,
0.00053800,-0.004883,1.227205,
0.00053820,-0.002441,1.243452,
0.00053840,-0.002441,1.259700,
0.00053860,0.000000,1.259700,
0.00053880,-0.002441,1.259700,
0.00053900,0.000000,1.259700,
0.00053920,0.000000,1.243452,
0.00053940,-0.002441,1.243452,
0.00053960,0.000000,1.243452,
0.00053980,0.000000,1.243452,
0.00054000,0.000000,1.243452,
0.00054020,-0.002441,1.243452,
0.00054040,0.000000,1.243452,
0.00054060,0.000000,1.243452,
0.00054080,0.000000,1.259700,
0.00054100,-0.002441,1.259700,
0.00054120,-0.002441,1.259700,
0.00054140,-0.002441,1.259700,
0.00054160,0.000000,1.259700,
0.00054180,-0.002441,1.243452,
0.00054200,0.000000,1.243452,
0.00054220,0.000000,1.227205,
0.00054240,0.000000,1.227205,
0.00054260,0.002441,1.243452,
0.00054280,0.000000,1.243452,
0.00054300,0.000000,1.259700,
0.00054320,0.000000,1.259700,
0.00054340,-0.002441,1.259700,
0.00054360,0.000000,1.259700,
0.00054380,-0.002441,1.243452,
0.00054400,0.000000,1.243452,
0.00054420,-0.002441,1.243452,
0.00054440,0.000000,1.243452,
0.00054460,0.000000,1.243452,
0.00054480,0.000000,1.259700,
0.00054500,-0.002441,1.243452,
0.00054520,0.000000,1.227205,
0.00054540,0.000000,1.259700,
0.00054560,0.000000,1.259700,
0.00054580,0.000000,1.259700,
0.00054600,0.000000,1.259700,
0.00054620,0.000000,1.243452,
0.00054640,0.000000,1.243452,
0.00054660,-0.002441,1.227205,
0.00054680,-0.002441,1.227205,
0.00054700,0.000000,1.243452,
0.00054720,0.000000,1.259700,
0.00054740,-0.002441,1.259700,
0.00054760,0.000000,1.243452,
0.00054780,0.000000,1.259700,
0.00054800,-0.002441,1.243452,
0.00054820,-0.002441,1.243452,
0.00054840,-0.002441,1.243452,
0.00054860,0.000000,1.243452,
0.00054880,-0.002441,1.259700,
0.00054900,0.000000,1.275947,
0.00054920,0.002441,1.275947,
0.00054940,0.000000,1.259700,
0.00054960,0.000000,1.243452,
0.00054980,0.000000,1.243452,
0.00055000,0.000000,1.243452,
0.00055020,0.000000,1.243452,
0.00055040,-0.002441,1.243452,
0.00055060,0.000000,1.243452,
0.00055080,0.000000,1.259700,
0.00055100,-0.002441,1.259700,
0.00055120,-0.002441,1.259700,
0.00055140,-0.002441,1.243452,
0.00055160,-0.002441,1.227205,
0.00055180,-0.002441,1.243452,
0.00055200,0.002441,1.259700,
0.00055220,0.000000,1.243452,
0.00055240,-0.002441,1.243452,
0.00055260,0.000000,1.259700,
0.00055280,0.000000,1.259700,
0.00055300,-0.002441,1.259700,
0.00055320,-0.002441,1.243452,
0.00055340,0.000000,1.243452,
0.00055360,0.000000,1.259700,
0.00055380,0.000000,1.259700,
0.00055400,-0.002441,1.259700,
0.00055420,0.000000,1.259700,
0.00055440,0.000000,1.259700,
0.00055460,0.000000,1.259700,
0.00055480,-0.002441,1.259700,
0.00055500,-0.002441,1.259700,
0.00055520,0.000000,1.243452,
0.00055540,0.000000,1.243452,
0.00055560,-0.002441,1.259700,
0.00055580,0.000000,1.243452,
0.00055600,0.000000,1.259700,
0.00055620,-0.002441,1.259700,
0.00055640,0.000000,1.243452,
0.00055660,-0.002441,1.243452,
0.00055680,0.000000,1.259700,
0.00055700,0.000000,1.259700,
0.00055720,-0.002441,1.259700,
0.00055740,-0.002441,1.243452,
0.00055760,0.000000,1.243452,
0.00055780,0.000000,1.259700,
0.00055800,-0.002441,1.259700,
0.00055820,-0.002441,1.259700,
0.00055840,0.000000,1.259700,
0.00055860,0.000000,1.259700,
0.00055880,-0.002441,1.259700,
0.00055900,-0.002441,1.259700,
0.00055920,0.000000,1.243452,
0.00055940,0.000000,1.227205,
0.00055960,-0.002441,1.243452,
0.00055980,-0.002441,1.259700,
0.00056000,0.000000,1.292195,
0.00056020,0.000000,1.292195,
0.00056040,-0.002441,1.259700,
0.00056060,-0.002441,1.259700,
0.00056080,0.000000,1.243452,
0.00056100,-0.002441,1.243452,
0.00056120,-0.002441,1.243452,
0.00056140,0.000000,1.259700,
0.00056160,-0.002441,1.259700,
0.00056180,0.000000,1.259700,
0.00056200,-0.002441,1.259700,
0.00056220,0.000000,1.275947,
0.00056240,-0.002441,1.259700,
0.00056260,-0.002441,1.259700,
0.00056280,0.000000,1.243452,
0.00056300,0.000000,1.259700,
0.00056320,0.000000,1.259700,
0.00056340,0.000000,1.259700,
0.00056360,0.002441,1.275947,
0.00056380,0.000000,1.259700,
0.00056400,-0.002441,1.259700,
0.00056420,0.000000,1.243452,
0.00056440,-0.002441,1.259700,
0.00056460,-0.002441,1.259700,
0.00056480,0.000000,1.259700,
0.00056500,-0.002441,1.243452,
0.00056520,-0.002441,1.259700,
0.00056540,0.000000,1.259700,
0.00056560,-0.002441,1.259700,
0.00056580,0.000000,1.259700,
0.00056600,-0.002441,1.259700,
0.00056620,-0.002441,1.259700,
0.00056640,0.000000,1.243452,
0.00056660,-0.002441,1.259700,
0.00056680,0.000000,1.259700,
0.00056700,-0.002441,1.259700,
0.00056720,-0.002441,1.259700,
0.00056740,-0.002441,1.259700,
0.00056760,-0.002441,1.259700,
0.00056780,0.000000,1.259700,
0.00056800,0.000000,1.259700,
0.00056820,0.000000,1.259700,
0.00056840,-0.002441,1.243452,
0.00056860,0.000000,1.259700,
0.00056880,-0.002441,1.259700,
0.00056900,-0.002441,1.259700,
0.00056920,-0.002441,1.259700,
0.00056940,0.002441,1.259700,
0.00056960,0.000000,1.259700,
0.00056980,0.000000,1.259700,
0.00057000,0.000000,1.259700,
0.00057020,0.000000,1.259700,
0.00057040,-0.002441,1.259700,
0.00057060,-0.002441,1.259700,
0.00057080,-0.002441,1.259700,
0.00057100,0.000000,1.243452,
0.00057120,-0.002441,1.259700,
0.00057140,0.000000,1.259700,
0.00057160,0.000000,1.243452,
0.00057180,0.000000,1.259700,
0.00057200,-0.002441,1.259700,
0.00057220,-0.002441,1.259700,
0.00057240,-0.002441,1.259700,
0.00057260,0.000000,1.259700,
0.00057280,-0.002441,1.259700,
0.00057300,-0.002441,1.259700,
0.00057320,-0.002441,1.259700,
0.00057340,0.000000,1.275947,
0.00057360,-0.002441,1.259700,
0.00057380,-0.002441,1.259700,
0.00057400,-0.002441,1.259700,
0.00057420,-0.002441,1.259700,
0.00057440,0.000000,1.259700,
0.00057460,-0.002441,1.259700,
0.00057480,-0.002441,1.259700,
0.00057500,-0.002441,1.259700,
0.00057520,-0.002441,1.259700,
0.00057540,0.000000,1.259700,
0.00057560,-0.002441,1.259700,
0.00057580,0.000000,1.275947,
0.00057600,0.000000,1.275947,
0.00057620,-0.002441,1.259700,
0.00057640,0.000000,1.259700,
0.00057660,-0.002441,1.259700,
0.00057680,-0.002441,1.259700,
0.00057700,0.000000,1.243452,
0.00057720,-0.002441,1.259700,
0.00057740,0.000000,1.259700,
0.00057760,0.000000,1.259700,
0.00057780,0.000000,1.243452,
0.00057800,0.000000,1.259700,
0.00057820,0.000000,1.275947,
0.00057840,0.000000,1.292195,
0.00057860,0.000000,1.275947,
0.00057880,-0.002441,1.259700,
0.00057900,0.000000,1.243452,
0.00057920,0.000000,1.243452,
0.00057940,0.000000,1.243452,
0.00057960,-0.002441,1.243452,
0.00057980,0.004883,1.259700,
0.00058000,0.000000,1.259700,
0.00058020,-0.002441,1.259700,
0.00058040,0.000000,1.259700,
0.00058060,-0.002441,1.259700,
0.00058080,0.000000,1.259700,
0.00058100,-0.002441,1.275947,
0.00058120,0.000000,1.259700,
0.00058140,0.002441,1.275947,
0.00058160,0.000000,1.259700,
0.00058180,0.002441,1.259700,
0.00058200,-0.002441,1.243452,
0.00058220,0.000000,1.259700,
0.00058240,0.000000,1.275947,
0.00058260,-0.002441,1.259700,
0.00058280,-0.002441,1.259700,
0.00058300,0.000000,1.259700,
0.00058320,0.000000,1.259700,
0.00058340,-0.002441,1.275947,
0.00058360,-0.002441,1.259700,
0.00058380,0.000000,1.259700,
0.00058400,0.000000,1.259700,
0.00058420,-0.002441,1.259700,
0.00058440,0.000000,1.259700,
0.00058460,-0.002441,1.259700,
0.00058480,0.000000,1.275947,
0.00058500,-0.002441,1.259700,
0.00058520,-0.002441,1.243452,
0.00058540,0.000000,1.243452,
0.00058560,0.000000,1.259700,
0.00058580,0.000000,1.259700,
0.00058600,0.000000,1.275947,
0.00058620,-0.002441,1.259700,
0.00058640,-0.002441,1.259700,
0.00058660,0.000000,1.243452,
0.00058680,-0.002441,1.243452,
0.00058700,-0.002441,1.259700,
0.00058720,-0.002441,1.259700,
0.00058740,0.000000,1.259700,
0.00058760,0.000000,1.259700,
0.00058780,0.000000,1.259700,
0.00058800,-0.002441,1.259700,
0.00058820,-0.002441,1.259700,
0.00058840,0.000000,1.259700,
0.00058860,-0.002441,1.259700,
0.00058880,0.000000,1.259700,
0.00058900,0.000000,1.275947,
0.00058920,-0.002441,1.259700,
0.00058940,0.000000,1.275947,
0.00058960,0.000000,1.259700,
0.00058980,-0.002441,1.243452,
0.00059000,0.000000,1.259700,
0.00059020,0.000000,1.259700,
0.00059040,0.000000,1.259700,
0.00059060,-0.002441,1.259700,
0.00059080,0.000000,1.259700,
0.00059100,0.002441,1.275947,
0.00059120,-0.002441,1.259700,
0.00059140,-0.002441,1.259700,
0.00059160,0.000000,1.259700,
0.00059180,0.000000,1.259700,
0.00059200,-0.002441,1.259700,
0.00059220,0.000000,1.259700,
0.00059240,0.000000,1.275947,
0.00059260,0.000000,1.275947,
0.00059280,0.000000,1.275947,
0.00059300,-0.002441,1.259700,
0.00059320,-0.002441,1.243452,
0.00059340,-0.002441,1.259700,
0.00059360,0.000000,1.259700,
0.00059380,0.000000,1.275947,
0.00059400,0.000000,1.275947,
0.00059420,-0.002441,1.259700,
0.00059440,-0.002441,1.243452,
0.00059460,0.000000,1.259700,
0.00059480,-0.002441,1.259700,
0.00059500,-0.002441,1.292195,
0.00059520,-0.002441,1.275947,
0.00059540,0.000000,1.292195,
0.00059560,-0.002441,1.259700,
0.00059580,0.000000,1.259700,
0.00059600,0.000000,1.243452,
0.00059620,-0.002441,1.243452,
0.00059640,-0.002441,1.259700,
0.00059660,0.000000,1.259700,
0.00059680,-0.002441,1.275947,
0.00059700,0.000000,1.292195,
0.00059720,-0.002441,1.275947,
0.00059740,0.000000,1.275947,
0.00059760,0.002441,1.259700,
0.00059780,-0.002441,1.243452,
0.00059800,-0.002441,1.259700,
0.00059820,0.000000,1.259700,
0.00059840,0.000000,1.275947,
0.00059860,0.000000,1.275947,
0.00059880,-0.002441,1.259700,
0.00059900,0.000000,1.259700,
0.00059920,0.002441,1.275947,
0.00059940,-0.002441,1.259700,
0.00059960,-0.002441,1.259700,
0.00059980,0.000000,1.259700,
0.00060000,0.000000,1.275947,
0.00060020,0.000000,1.275947,
0.00060040,0.002441,1.292195,
0.00060060,0.000000,1.259700,
0.00060080,0.000000,1.259700,
0.00060100,0.000000,1.259700,
0.00060120,-0.002441,1.243452,
0.00060140,-0.002441,1.243452,
0.00060160,0.000000,1.275947,
0.00060180,-0.002441,1.275947,
0.00060200,-0.002441,1.275947,
0.00060220,0.000000,1.259700,
0.00060240,0.000000,1.259700,
0.00060260,-0.002441,1.275947,
0.00060280,0.000000,1.275947,
0.00060300,0.000000,1.259700,
0.00060320,0.000000,1.259700,
0.00060340,0.000000,1.275947,
0.00060360,0.000000,1.275947,
0.00060380,0.000000,1.275947,
0.00060400,0.000000,1.275947,
0.00060420,0.000000,1.259700,
0.00060440,-0.002441,1.275947,
0.00060460,-0.002441,1.275947,
0.00060480,0.000000,1.259700,
0.00060500,0.000000,1.275947,
0.00060520,0.000000,1.275947,
0.00060540,-0.002441,1.259700,
0.00060560,0.000000,1.275947,
0.00060580,0.000000,1.275947,
0.00060600,-0.002441,1.259700,
0.00060620,-0.002441,1.259700,
0.00060640,0.000000,1.275947,
0.00060660,-0.002441,1.275947,
0.00060680,0.000000,1.275947,
0.00060700,-0.002441,1.275947,
0.00060720,-0.002441,1.259700,
0.00060740,-0.002441,1.259700,
0.00060760,-0.002441,1.259700,
0.00060780,-0.002441,1.275947,
0.00060800,-0.002441,1.275947,
0.00060820,-0.002441,1.275947,
0.00060840,-0.002441,1.275947,
0.00060860,0.000000,1.259700,
0.00060880,0.000000,1.275947,
0.00060900,-0.004883,1.259700,
0.00060920,-0.002441,1.259700,
0.00060940,-0.002441,1.275947,
0.00060960,-0.002441,1.292195,
0.00060980,-0.002441,1.275947,
0.00061000,-0.002441,1.259700,
0.00061020,0.000000,1.259700,
0.00061040,0.000000,1.275947,
0.00061060,-0.002441,1.275947,
0.00061080,-0.002441,1.259700,
0.00061100,0.000000,1.275947,
0.00061120,0.000000,1.275947,
0.00061140,-0.002441,1.275947,
0.00061160,0.000000,1.275947,
0.00061180,0.000000,1.275947,
0.00061200,0.000000,1.292195,
0.00061220,-0.002441,1.275947,
0.00061240,-0.002441,1.259700,
0.00061260,0.000000,1.259700,
0.00061280,-0.002441,1.259700,
0.00061300,0.000000,1.275947,
0.00061320,0.000000,1.275947,
0.00061340,-0.002441,1.292195,
0.00061360,0.000000,1.292195,
0.00061380,-0.002441,1.292195,
0.00061400,-0.002441,1.275947,
0.00061420,-0.002441,1.259700,
0.00061440,0.000000,1.259700,
0.00061460,0.000000,1.259700,
0.00061480,0.000000,1.275947,
0.00061500,0.000000,1.275947,
0.00061520,0.000000,1.275947,
0.00061540,0.000000,1.259700,
0.00061560,0.000000,1.275947,
0.00061580,-0.002441,1.275947,
0.00061600,-0.002441,1.275947,
0.00061620,0.002441,1.292195,
0.00061640,0.000000,1.275947,
0.00061660,-0.002441,1.259700,
0.00061680,-0.002441,1.259700,
0.00061700,0.000000,1.275947,
0.00061720,-0.002441,1.275947,
0.00061740,-0.002441,1.259700,
0.00061760,-0.002441,1.275947,
0.00061780,-0.002441,1.275947,
0.00061800,0.000000,1.275947,
0.00061820,0.000000,1.275947,
0.00061840,-0.002441,1.292195,
0.00061860,-0.002441,1.259700,
0.00061880,-0.002441,1.259700,
0.00061900,-0.002441,1.259700,
0.00061920,0.000000,1.275947,
0.00061940,0.000000,1.275947,
0.00061960,0.000000,1.275947,
0.00061980,0.000000,1.259700,
0.00062000,0.002441,1.259700,
0.00062020,0.000000,1.275947,
0.00062040,-0.002441,1.275947,
0.00062060,-0.002441,1.259700,
0.00062080,-0.002441,1.259700,
0.00062100,0.000000,1.259700,
0.00062120,0.000000,1.275947,
0.00062140,0.000000,1.275947,
0.00062160,-0.002441,1.275947,
0.00062180,-0.002441,1.259700,
0.00062200,-0.002441,1.259700,
0.00062220,-0.002441,1.259700,
0.00062240,0.000000,1.259700,
0.00062260,0.000000,1.275947,
0.00062280,0.000000,1.259700,
0.00062300,0.000000,1.259700,
0.00062320,-0.002441,1.275947,
0.00062340,-0.002441,1.275947,
0.00062360,-0.002441,1.275947,
0.00062380,-0.002441,1.275947,
0.00062400,0.000000,1.259700,
0.00062420,0.000000,1.259700,
0.00062440,0.000000,1.259700,
0.00062460,0.000000,1.275947,
0.00062480,-0.002441,1.275947,
0.00062500,-0.002441,1.259700,
0.00062520,0.000000,1.275947,
0.00062540,-0.002441,1.275947,
0.00062560,-0.002441,1.275947,
0.00062580,-0.002441,1.259700,
0.00062600,0.000000,1.275947,
0.00062620,-0.002441,1.275947,
0.00062640,0.000000,1.259700,
0.00062660,-0.002441,1.259700,
0.00062680,-0.002441,1.259700,
0.00062700,-0.002441,1.259700,
0.00062720,0.000000,1.259700,
0.00062740,-0.002441,1.275947,
0.00062760,0.000000,1.275947,
0.00062780,-0.002441,1.275947,
0.00062800,0.000000,1.275947,
0.00062820,-0.002441,1.275947,
0.00062840,-0.002441,1.275947,
0.00062860,-0.004883,1.259700,
0.00062880,0.000000,1.259700,
0.00062900,0.000000,1.259700,
0.00062920,0.000000,1.259700,
0.00062940,-0.002441,1.259700,
0.00062960,0.000000,1.275947,
0.00062980,-0.002441,1.259700,
0.00063000,0.000000,1.275947,
0.00063020,-0.002441,1.292195,
0.00063040,0.000000,1.292195,
0.00063060,-0.002441,1.292195,
0.00063080,-0.002441,1.259700,
0.00063100,0.000000,1.243452,
0.00063120,0.000000,1.259700,
0.00063140,-0.002441,1.259700,
0.00063160,-0.002441,1.259700,
0.00063180,0.000000,1.275947,
0.00063200,-0.002441,1.275947,
0.00063220,0.000000,1.275947,
0.00063240,0.000000,1.275947,
0.00063260,0.000000,1.275947,
0.00063280,-0.002441,1.259700,
0.00063300,0.000000,1.259700,
0.00063320,-0.002441,1.259700,
0.00063340,-0.002441,1.259700,
0.00063360,-0.002441,1.259700,
0.00063380,0.000000,1.292195,
0.00063400,-0.002441,1.275947,
0.00063420,-0.002441,1.275947,
0.00063440,0.000000,1.259700,
0.00063460,0.000000,1.259700,
0.00063480,0.000000,1.275947,
0.00063500,-0.002441,1.259700,
0.00063520,-0.002441,1.259700,
0.00063540,0.000000,1.275947,
0.00063560,0.000000,1.275947,
0.00063580,-0.002441,1.259700,
0.00063600,0.002441,1.275947,
0.00063620,-0.002441,1.259700,
0.00063640,0.000000,1.243452,
0.00063660,-0.002441,1.259700,
0.00063680,-0.002441,1.259700,
0.00063700,-0.002441,1.292195,
0.00063720,0.000000,1.292195,
0.00063740,0.000000,1.275947,
0.00063760,0.002441,1.275947,
0.00063780,-0.002441,1.259700,
0.00063800,0.000000,1.275947,
0.00063820,0.000000,1.275947,
0.00063840,-0.002441,1.275947,
0.00063860,0.000000,1.275947,
0.00063880,0.000000,1.275947,
0.00063900,0.000000,1.275947,
0.00063920,0.000000,1.275947,
0.00063940,0.000000,1.275947,
0.00063960,0.000000,1.275947,
0.00063980,-0.002441,1.259700,
0.00064000,-0.002441,1.259700,
0.00064020,0.000000,1.275947,
0.00064040,-0.002441,1.275947,
0.00064060,0.000000,1.275947,
0.00064080,-0.002441,1.275947,
0.00064100,0.002441,1.275947,
0.00064120,0.000000,1.275947,
0.00064140,0.000000,1.259700,
0.00064160,0.000000,1.275947,
0.00064180,0.000000,1.275947,
0.00064200,0.000000,1.275947,
0.00064220,-0.002441,1.259700,
0.00064240,-0.002441,1.275947,
0.00064260,-0.002441,1.275947,
0.00064280,0.000000,1.259700,
0.00064300,0.002441,1.275947,
0.00064320,-0.002441,1.259700,
0.00064340,0.002441,1.275947,
0.00064360,0.000000,1.292195,
0.00064380,0.000000,1.275947,
0.00064400,-0.002441,1.275947,
0.00064420,0.000000,1.292195,
0.00064440,-0.002441,1.292195,
0.00064460,-0.002441,1.275947,
0.00064480,-0.002441,1.275947,
0.00064500,-0.002441,1.275947,
0.00064520,0.000000,1.259700,
0.00064540,0.000000,1.275947,
0.00064560,-0.002441,1.292195,
0.00064580,-0.002441,1.292195,
0.00064600,-0.002441,1.292195,
0.00064620,0.000000,1.275947,
0.00064640,0.000000,1.275947,
0.00064660,-0.002441,1.292195,
0.00064680,-0.002441,1.275947,
0.00064700,0.000000,1.292195,
0.00064720,-0.002441,1.275947,
0.00064740,-0.002441,1.275947,
0.00064760,-0.002441,1.259700,
0.00064780,-0.002441,1.259700,
0.00064800,-0.002441,1.259700,
0.00064820,-0.002441,1.275947,
0.00064840,-0.002441,1.292195,
0.00064860,0.000000,1.308443,
0.00064880,-0.002441,1.292195,
0.00064900,0.000000,1.292195,
0.00064920,0.000000,1.275947,
0.00064940,-0.002441,1.259700,
0.00064960,-0.002441,1.275947,
0.00064980,0.000000,1.275947,
0.00065000,-0.002441,1.275947,
0.00065020,-0.002441,1.275947,
0.00065040,-0.004883,1.259700,
0.00065060,0.002441,1.292195,
0.00065080,-0.002441,1.275947,
0.00065100,-0.002441,1.275947,
0.00065120,-0.002441,1.275947,
0.00065140,0.000000,1.275947,
0.00065160,-0.002441,1.275947,
0.00065180,0.000000,1.275947,
0.00065200,0.000000,1.275947,
0.00065220,-0.002441,1.275947,
0.00065240,0.000000,1.275947,
0.00065260,-0.002441,1.275947,
0.00065280,-0.002441,1.275947,
0.00065300,0.000000,1.292195,
0.00065320,-0.002441,1.292195,
0.00065340,0.000000,1.275947,
0.00065360,-0.004883,1.259700,
0.00065380,0.000000,1.275947,
0.00065400,0.000000,1.275947,
0.00065420,-0.002441,1.275947,
0.00065440,-0.002441,1.259700,
0.00065460,0.000000,1.275947,
0.00065480,0.000000,1.292195,
0.00065500,-0.002441,1.275947,
0.00065520,-0.002441,1.275947,
0.00065540,0.002441,1.275947,
0.00065560,-0.004883,1.275947,
0.00065580,0.000000,1.259700,
0.00065600,-0.002441,1.259700,
0.00065620,-0.002441,1.275947,
0.00065640,0.000000,1.292195,
0.00065660,0.000000,1.292195,
0.00065680,-0.002441,1.275947,
0.00065700,0.000000,1.275947,
0.00065720,-0.002441,1.275947,
0.00065740,-0.002441,1.275947,
0.00065760,0.000000,1.275947,
0.00065780,0.002441,1.275947,
0.00065800,0.000000,1.259700,
0.00065820,0.002441,1.259700,
0.00065840,0.000000,1.275947,
0.00065860,0.000000,1.275947,
0.00065880,0.000000,1.275947,
0.00065900,-0.002441,1.259700,
0.00065920,-0.002441,1.259700,
0.00065940,0.000000,1.275947,
0.00065960,0.000000,1.275947,
0.00065980,0.000000,1.275947,
0.00066000,0.000000,1.275947,
0.00066020,0.000000,1.275947,
0.00066040,0.000000,1.275947,
0.00066060,0.000000,1.275947,
0.00066080,-0.002441,1.275947,
0.00066100,-0.002441,1.275947,
0.00066120,0.000000,1.275947,
0.00066140,0.000000,1.275947,
0.00066160,-0.002441,1.259700,
0.00066180,0.000000,1.275947,
0.00066200,-0.002441,1.259700,
0.00066220,0.000000,1.275947,
0.00066240,0.000000,1.275947,
0.00066260,0.000000,1.259700,
0.00066280,-0.002441,1.259700,
0.00066300,0.000000,1.275947,
0.00066320,-0.002441,1.259700,
0.00066340,0.000000,1.275947,
0.00066360,0.000000,1.275947,
0.00066380,-0.002441,1.259700,
0.00066400,-0.002441,1.259700,
0.00066420,0.000000,1.259700,
0.00066440,0.000000,1.259700,
0.00066460,-0.002441,1.243452,
0.00066480,-0.002441,1.259700,
0.00066500,0.000000,1.275947,
0.00066520,0.000000,1.275947,
0.00066540,-0.002441,1.292195,
0.00066560,0.000000,1.292195,
0.00066580,0.000000,1.275947,
0.00066600,0.000000,1.259700,
0.00066620,0.000000,1.243452,
0.00066640,0.000000,1.259700,
0.00066660,0.000000,1.259700,
0.00066680,-0.002441,1.275947,
0.00066700,-0.002441,1.275947,
0.00066720,0.000000,1.275947,
0.00066740,0.000000,1.292195,
0.00066760,0.000000,1.292195,
0.00066780,0.000000,1.275947,
0.00066800,-0.002441,1.243452,
0.00066820,0.002441,1.259700,
0.00066840,-0.002441,1.275947,
0.00066860,-0.002441,1.275947,
0.00066880,-0.002441,1.275947,
0.00066900,0.000000,1.275947,
0.00066920,0.000000,1.275947,
0.00066940,0.000000,1.275947,
0.00066960,-0.002441,1.259700,
0.00066980,0.000000,1.275947,
0.00067000,0.000000,1.259700,
0.00067020,-0.002441,1.275947,
0.00067040,-0.002441,1.259700,
0.00067060,-0.002441,1.259700,
0.00067080,0.000000,1.259700,
0.00067100,-0.004883,1.259700,
0.00067120,-0.002441,1.275947,
0.00067140,-0.002441,1.275947,
0.00067160,0.000000,1.259700,
0.00067180,0.000000,1.275947,
0.00067200,-0.002441,1.275947,
0.00067220,0.000000,1.275947,
0.00067240,0.000000,1.275947,
0.00067260,-0.002441,1.275947,
0.00067280,0.000000,1.275947,
0.00067300,-0.002441,1.259700,
0.00067320,-0.002441,1.259700,
0.00067340,-0.004883,1.259700,
0.00067360,-0.002441,1.259700,
0.00067380,0.000000,1.259700,
0.00067400,-0.002441,1.259700,
0.00067420,0.000000,1.275947,
0.00067440,0.000000,1.275947,
0.00067460,0.000000,1.275947,
0.00067480,-0.002441,1.259700,
0.00067500,-0.002441,1.259700,
0.00067520,-0.002441,1.275947,
0.00067540,-0.002441,1.275947,
0.00067560,-0.002441,1.275947,
0.00067580,-0.002441,1.275947,
0.00067600,-0.002441,1.259700,
0.00067620,-0.002441,1.275947,
0.00067640,-0.002441,1.275947,
0.00067660,-0.002441,1.275947,
0.00067680,-0.002441,1.275947,
0.00067700,0.000000,1.275947,
0.00067720,0.000000,1.275947,
0.00067740,-0.002441,1.259700,
0.00067760,0.000000,1.275947,
0.00067780,0.000000,1.275947,
0.00067800,-0.002441,1.275947,
0.00067820,-0.002441,1.259700,
0.00067840,0.000000,1.259700,
0.00067860,-0.002441,1.259700,
0.00067880,0.000000,1.275947,
0.00067900,-0.002441,1.292195,
0.00067920,0.000000,1.275947,
0.00067940,-0.002441,1.275947,
0.00067960,-0.002441,1.259700,
0.00067980,0.000000,1.275947,
0.00068000,0.000000,1.259700,
0.00068020,0.000000,1.275947,
0.00068040,-0.002441,1.275947,
0.00068060,0.000000,1.275947,
0.00068080,0.000000,1.275947,
0.00068100,-0.002441,1.275947,
0.00068120,-0.002441,1.275947,
0.00068140,0.000000,1.275947,
0.00068160,-0.002441,1.275947,
0.00068180,-0.002441,1.292195,
0.00068200,0.000000,1.275947,
0.00068220,-0.002441,1.292195,
0.00068240,0.000000,1.275947,
0.00068260,-0.002441,1.275947,
0.00068280,-0.002441,1.259700,
0.00068300,-0.002441,1.259700,
0.00068320,-0.002441,1.275947,
0.00068340,0.000000,1.292195,
0.00068360,0.000000,1.292195,
0.00068380,-0.002441,1.275947,
0.00068400,0.000000,1.292195,
0.00068420,0.000000,1.308443,
0.00068440,0.000000,1.275947,
0.00068460,-0.002441,1.259700,
0.00068480,0.000000,1.243452,
0.00068500,-0.004883,1.243452,
0.00068520,0.000000,1.259700,
0.00068540,0.000000,1.275947,
0.00068560,0.000000,1.292195,
0.00068580,-0.002441,1.308443,
0.00068600,-0.002441,1.292195,
0.00068620,-0.002441,1.292195,
0.00068640,-0.002441,1.259700,
0.00068660,-0.002441,1.275947,
0.00068680,-0.002441,1.292195,
0.00068700,-0.002441,1.275947,
0.00068720,0.000000,1.275947,
0.00068740,-0.002441,1.275947,
0.00068760,0.000000,1.275947,
0.00068780,-0.002441,1.275947,
0.00068800,-0.002441,1.275947,
0.00068820,-0.002441,1.275947,
0.00068840,-0.002441,1.275947,
0.00068860,0.000000,1.292195,
0.00068880,0.000000,1.292195,
0.00068900,-0.002441,1.275947,
0.00068920,0.000000,1.275947,
0.00068940,0.000000,1.275947,
0.00068960,-0.002441,1.275947,
0.00068980,-0.002441,1.275947,
0.00069000,0.000000,1.275947,
0.00069020,-0.002441,1.259700,
0.00069040,0.000000,1.275947,
0.00069060,-0.002441,1.275947,
0.00069080,0.000000,1.275947,
0.00069100,-0.002441,1.259700,
0.00069120,0.000000,1.259700,
0.00069140,-0.002441,1.259700,
0.00069160,-0.002441,1.275947,
0.00069180,0.000000,1.275947,
0.00069200,-0.002441,1.275947,
0.00069220,0.000000,1.275947,
0.00069240,-0.002441,1.275947,
0.00069260,-0.002441,1.259700,
0.00069280,-0.002441,1.259700,
0.00069300,0.000000,1.275947,
0.00069320,0.000000,1.275947,
0.00069340,0.000000,1.275947,
0.00069360,0.000000,1.275947,
0.00069380,0.002441,1.275947,
0.00069400,0.000000,1.275947,
0.00069420,-0.002441,1.275947,
0.00069440,-0.002441,1.259700,
0.00069460,0.000000,1.275947,
0.00069480,-0.002441,1.275947,
0.00069500,-0.002441,1.275947,
0.00069520,-0.002441,1.259700,
0.00069540,0.002441,1.259700,
0.00069560,-0.002441,1.275947,
0.00069580,0.000000,1.275947,
0.00069600,0.000000,1.292195,
0.00069620,0.000000,1.275947,
0.00069640,0.000000,1.275947,
0.00069660,-0.002441,1.275947,
0.00069680,-0.002441,1.275947,
0.00069700,0.000000,1.275947,
0.00069720,0.000000,1.259700,
0.00069740,-0.002441,1.259700,
0.00069760,-0.002441,1.259700,
0.00069780,-0.002441,1.275947,
0.00069800,0.000000,1.275947,
0.00069820,-0.002441,1.275947,
0.00069840,-0.002441,1.259700,
0.00069860,-0.002441,1.275947,
0.00069880,-0.002441,1.275947,
0.00069900,-0.002441,1.275947,
0.00069920,-0.002441,1.259700,
0.00069940,-0.002441,1.259700,
0.00069960,0.000000,1.259700,
0.00069980,-0.002441,1.259700,
0.00070000,-0.002441,1.275947,
0.00070020,-0.002441,1.275947,
0.00070040,-0.002441,1.292195,
0.00070060,-0.002441,1.275947,
0.00070080,-0.002441,1.259700,
0.00070100,-0.002441,1.259700,
0.00070120,0.000000,1.259700,
0.00070140,0.000000,1.259700,
0.00070160,0.000000,1.259700,
0.00070180,0.000000,1.259700,
0.00070200,-0.002441,1.275947,
0.00070220,0.000000,1.275947,
0.00070240,-0.002441,1.275947,
0.00070260,-0.002441,1.292195,
0.00070280,0.000000,1.275947,
0.00070300,0.000000,1.259700,
0.00070320,-0.002441,1.259700,
0.00070340,0.000000,1.275947,
0.00070360,0.000000,1.275947,
0.00070380,-0.002441,1.259700,
0.00070400,-0.002441,1.259700,
0.00070420,-0.002441,1.275947,
0.00070440,-0.002441,1.275947,
0.00070460,0.000000,1.275947,
0.00070480,-0.002441,1.243452,
0.00070500,0.000000,1.259700,
0.00070520,0.000000,1.259700,
0.00070540,-0.002441,1.259700,
0.00070560,0.000000,1.275947,
0.00070580,0.000000,1.259700,
0.00070600,0.000000,1.275947,
0.00070620,-0.002441,1.275947,
0.00070640,0.000000,1.259700,
0.00070660,-0.002441,1.259700,
0.00070680,0.000000,1.259700,
0.00070700,-0.002441,1.259700,
0.00070720,-0.002441,1.243452,
0.00070740,-0.002441,1.259700,
0.00070760,0.000000,1.275947,
0.00070780,0.000000,1.275947,
0.00070800,-0.002441,1.259700,
0.00070820,-0.002441,1.259700,
0.00070840,0.002441,1.275947,
0.00070860,0.000000,1.259700,
0.00070880,-0.002441,1.243452,
0.00070900,0.000000,1.259700,
0.00070920,-0.002441,1.275947,
0.00070940,0.000000,1.275947,
0.00070960,0.000000,1.259700,
0.00070980,-0.002441,1.243452,
0.00071000,-0.002441,1.259700,
0.00071020,-0.007324,1.243452,
0.00071040,-0.002441,1.259700,
0.00071060,-0.002441,1.259700,
0.00071080,-0.002441,1.259700,
0.00071100,0.000000,1.259700,
0.00071120,0.000000,1.259700,
0.00071140,-0.002441,1.259700,
0.00071160,0.000000,1.259700,
0.00071180,-0.002441,1.259700,
0.00071200,-0.002441,1.259700,
0.00071220,-0.002441,1.259700,
0.00071240,0.000000,1.275947,
0.00071260,0.000000,1.275947,
0.00071280,0.000000,1.259700,
0.00071300,-0.002441,1.259700,
0.00071320,0.000000,1.259700,
0.00071340,0.000000,1.259700,
0.00071360,0.000000,1.259700,
0.00071380,-0.002441,1.259700,
0.00071400,-0.002441,1.259700,
0.00071420,-0.002441,1.275947,
0.00071440,0.000000,1.259700,
0.00071460,-0.002441,1.259700,
0.00071480,0.000000,1.259700,
0.00071500,0.000000,1.259700,
0.00071520,-0.002441,1.259700,
0.00071540,0.000000,1.275947,
0.00071560,-0.002441,1.275947,
0.00071580,0.000000,1.275947,
0.00071600,-0.002441,1.259700,
0.00071620,-0.002441,1.259700,
0.00071640,-0.002441,1.259700,
0.00071660,-0.002441,1.259700,
0.00071680,-0.002441,1.259700,
0.00071700,0.000000,1.275947,
0.00071720,-0.002441,1.275947,
0.00071740,0.000000,1.259700,
0.00071760,-0.002441,1.259700,
0.00071780,-0.002441,1.243452,
0.00071800,-0.002441,1.259700,
0.00071820,0.000000,1.259700,
0.00071840,-0.002441,1.243452,
0.00071860,-0.002441,1.259700,
0.00071880,0.000000,1.275947,
0.00071900,0.000000,1.292195,
0.00071920,0.000000,1.275947,
0.00071940,0.000000,1.259700,
0.00071960,0.000000,1.259700,
0.00071980,-0.002441,1.259700,
0.00072000,0.000000,1.259700,
0.00072020,-0.002441,1.259700,
0.00072040,-0.002441,1.259700,
0.00072060,-0.002441,1.275947,
0.00072080,-0.002441,1.275947,
0.00072100,0.000000,1.275947,
0.00072120,0.000000,1.275947,
0.00072140,-0.002441,1.259700,
0.00072160,-0.002441,1.259700,
0.00072180,0.000000,1.259700,
0.00072200,-0.002441,1.259700,
0.00072220,0.000000,1.275947,
0.00072240,0.000000,1.259700,
0.00072260,0.000000,1.259700,
0.00072280,0.000000,1.259700,
0.00072300,0.000000,1.275947,
0.00072320,-0.002441,1.275947,
0.00072340,-0.002441,1.275947,
0.00072360,-0.002441,1.259700,
0.00072380,0.000000,1.259700,
0.00072400,0.000000,1.259700,
0.00072420,0.000000,1.275947,
0.00072440,0.000000,1.259700,
0.00072460,0.000000,1.259700,
0.00072480,-0.002441,1.259700,
0.00072500,0.000000,1.259700,
0.00072520,0.000000,1.259700,
0.00072540,0.000000,1.259700,
0.00072560,-0.002441,1.259700,
0.00072580,0.000000,1.275947,
0.00072600,0.000000,1.275947,
0.00072620,-0.002441,1.275947,
0.00072640,-0.002441,1.243452,
0.00072660,-0.002441,1.259700,
0.00072680,-0.002441,1.259700,
0.00072700,0.002441,1.275947,
0.00072720,-0.002441,1.275947,
0.00072740,-0.002441,1.275947,
0.00072760,0.000000,1.275947,
0.00072780,0.000000,1.259700,
0.00072800,-0.002441,1.259700,
0.00072820,0.000000,1.259700,
0.00072840,-0.002441,1.259700,
0.00072860,0.000000,1.259700,
0.00072880,-0.002441,1.259700,
0.00072900,-0.002441,1.275947,
0.00072920,0.000000,1.275947,
0.00072940,0.000000,1.259700,
0.00072960,-0.002441,1.259700,
0.00072980,-0.002441,1.259700,
0.00073000,0.000000,1.275947,
0.00073020,0.000000,1.259700,
0.00073040,0.000000,1.259700,
0.00073060,-0.002441,1.259700,
0.00073080,0.000000,1.275947,
0.00073100,0.000000,1.259700,
0.00073120,0.000000,1.259700,
0.00073140,-0.002441,1.275947,
0.00073160,-0.002441,1.259700,
0.00073180,0.000000,1.259700,
0.00073200,0.000000,1.259700,
0.00073220,-0.002441,1.259700,
0.00073240,-0.002441,1.259700,
0.00073260,0.000000,1.275947,
0.00073280,-0.002441,1.259700,
0.00073300,-0.002441,1.259700,
0.00073320,-0.002441,1.243452,
0.00073340,0.000000,1.259700,
0.00073360,0.000000,1.275947,
0.00073380,0.000000,1.259700,
0.00073400,0.000000,1.259700,
0.00073420,-0.002441,1.243452,
0.00073440,0.000000,1.259700,
0.00073460,-0.002441,1.259700,
0.00073480,-0.002441,1.243452,
0.00073500,-0.002441,1.243452,
0.00073520,-0.002441,1.259700,
0.00073540,-0.002441,1.275947,
0.00073560,-0.002441,1.308443,
0.00073580,0.000000,1.275947,
0.00073600,-0.002441,1.259700,
0.00073620,-0.002441,1.227205,
0.00073640,-0.002441,1.227205,
0.00073660,-0.002441,1.227205,
0.00073680,0.000000,1.259700,
0.00073700,-0.002441,1.259700,
0.00073720,-0.002441,1.259700,
0.00073740,-0.002441,1.259700,
0.00073760,-0.002441,1.259700,
0.00073780,-0.002441,1.243452,
0.00073800,-0.002441,1.243452,
0.00073820,0.000000,1.259700,
0.00073840,0.000000,1.259700,
0.00073860,-0.002441,1.259700,
0.00073880,-0.002441,1.275947,
0.00073900,-0.002441,1.259700,
0.00073920,0.000000,1.259700,
0.00073940,-0.002441,1.259700,
0.00073960,-0.002441,1.243452,
0.00073980,-0.002441,1.259700,
0.00074000,0.000000,1.259700,
0.00074020,-0.002441,1.243452,
0.00074040,-0.002441,1.243452,
0.00074060,0.000000,1.243452,
0.00074080,-0.002441,1.243452,
0.00074100,-0.002441,1.259700,
0.00074120,0.000000,1.259700,
0.00074140,0.000000,1.259700,
0.00074160,-0.002441,1.243452,
0.00074180,0.000000,1.243452,
0.00074200,0.000000,1.259700,
0.00074220,0.000000,1.259700,
0.00074240,-0.002441,1.243452,
0.00074260,-0.002441,1.243452,
0.00074280,0.002441,1.259700,
0.00074300,-0.002441,1.243452,
0.00074320,-0.002441,1.259700,
0.00074340,0.000000,1.243452,
0.00074360,0.000000,1.259700,
0.00074380,0.000000,1.259700,
0.00074400,0.000000,1.259700,
0.00074420,-0.002441,1.243452,
0.00074440,0.000000,1.227205,
0.00074460,-0.002441,1.227205,
0.00074480,0.000000,1.243452,
0.00074500,0.000000,1.243452,
0.00074520,-0.002441,1.259700,
0.00074540,-0.002441,1.259700,
0.00074560,0.000000,1.259700,
0.00074580,-0.002441,1.227205,
0.00074600,0.000000,1.243452,
0.00074620,0.000000,1.243452,
0.00074640,0.000000,1.243452,
0.00074660,0.000000,1.243452,
0.00074680,0.000000,1.243452,
0.00074700,0.000000,1.243452,
0.00074720,0.000000,1.243452,
0.00074740,-0.002441,1.243452,
0.00074760,0.000000,1.243452,
0.00074780,0.000000,1.243452,
0.00074800,-0.002441,1.243452,
0.00074820,-0.002441,1.243452,
0.00074840,-0.002441,1.243452,
0.00074860,-0.002441,1.243452,
0.00074880,0.000000,1.243452,
0.00074900,-0.002441,1.227205,
0.00074920,-0.002441,1.243452,
0.00074940,0.000000,1.243452,
0.00074960,0.000000,1.243452,
0.00074980,0.000000,1.243452,
0.00075000,-0.002441,1.259700,
0.00075020,-0.002441,1.243452,
0.00075040,0.000000,1.227205,
0.00075060,-0.002441,1.227205,
0.00075080,-0.002441,1.227205,
0.00075100,0.000000,1.243452,
0.00075120,0.000000,1.243452,
0.00075140,-0.002441,1.259700,
0.00075160,0.000000,1.259700,
0.00075180,-0.002441,1.259700,
0.00075200,0.000000,1.243452,
0.00075220,-0.002441,1.227205,
0.00075240,0.002441,1.243452,
0.00075260,0.000000,1.243452,
0.00075280,0.002441,1.243452,
0.00075300,0.000000,1.243452,
0.00075320,0.002441,1.243452,
0.00075340,-0.002441,1.243452,
0.00075360,0.000000,1.243452,
0.00075380,0.000000,1.243452,
0.00075400,0.000000,1.259700,
0.00075420,0.000000,1.259700,
0.00075440,0.000000,1.259700,
0.00075460,-0.002441,1.227205,
0.00075480,0.002441,1.243452,
0.00075500,0.000000,1.227205,
0.00075520,0.000000,1.243452,
0.00075540,-0.002441,1.227205,
0.00075560,0.000000,1.243452,
0.00075580,0.000000,1.259700,
0.00075600,0.000000,1.259700,
0.00075620,-0.002441,1.259700,
0.00075640,0.000000,1.243452,
0.00075660,0.000000,1.243452,
0.00075680,0.000000,1.243452,
0.00075700,-0.002441,1.243452,
0.00075720,0.000000,1.243452,
0.00075740,0.000000,1.259700,
0.00075760,0.000000,1.243452,
0.00075780,0.000000,1.243452,
0.00075800,-0.002441,1.243452,
0.00075820,0.000000,1.243452,
0.00075840,-0.002441,1.227205,
0.00075860,-0.002441,1.243452,
0.00075880,-0.002441,1.243452,
0.00075900,-0.002441,1.259700,
0.00075920,0.000000,1.275947,
0.00075940,0.000000,1.259700,
0.00075960,-0.002441,1.259700,
0.00075980,-0.002441,1.243452,
0.00076000,-0.002441,1.227205,
0.00076020,-0.002441,1.243452,
0.00076040,0.000000,1.243452,
0.00076060,0.000000,1.243452,
0.00076080,0.000000,1.243452,
0.00076100,-0.002441,1.259700,
0.00076120,-0.002441,1.243452,
0.00076140,0.000000,1.259700,
0.00076160,-0.002441,1.243452,
0.00076180,-0.002441,1.243452,
0.00076200,0.000000,1.243452,
0.00076220,0.000000,1.243452,
0.00076240,-0.002441,1.259700,
0.00076260,0.000000,1.243452,
0.00076280,0.000000,1.243452,
0.00076300,-0.002441,1.243452,
0.00076320,-0.002441,1.259700,
0.00076340,-0.002441,1.243452,
0.00076360,-0.002441,1.243452,
0.00076380,-0.002441,1.243452,
0.00076400,0.000000,1.243452,
0.00076420,-0.002441,1.243452,
0.00076440,-0.002441,1.227205,
0.00076460,-0.002441,1.243452,
0.00076480,-0.002441,1.243452,
0.00076500,-0.002441,1.243452,
0.00076520,-0.002441,1.243452,
0.00076540,0.000000,1.243452,
0.00076560,0.000000,1.243452,
0.00076580,-0.002441,1.243452,
0.00076600,-0.002441,1.243452,
0.00076620,0.000000,1.259700,
0.00076640,-0.002441,1.227205,
0.00076660,-0.002441,1.227205,
0.00076680,-0.002441,1.243452,
0.00076700,0.000000,1.243452,
0.00076720,0.000000,1.259700,
0.00076740,0.000000,1.259700,
0.00076760,-0.004883,1.243452,
0.00076780,0.000000,1.259700,
0.00076800,-0.002441,1.243452,
0.00076820,-0.002441,1.243452,
0.00076840,-0.002441,1.243452,
0.00076860,0.000000,1.243452,
0.00076880,0.000000,1.243452,
0.00076900,-0.002441,1.243452,
0.00076920,-0.002441,1.243452,
0.00076940,0.000000,1.243452,
0.00076960,0.000000,1.243452,
0.00076980,-0.002441,1.243452,
0.00077000,-0.002441,1.227205,
0.00077020,0.000000,1.227205,
0.00077040,-0.002441,1.259700,
0.00077060,-0.002441,1.259700,
0.00077080,0.000000,1.275947,
0.00077100,0.000000,1.259700,
0.00077120,-0.002441,1.243452,
0.00077140,-0.002441,1.227205,
0.00077160,-0.002441,1.227205,
0.00077180,0.000000,1.227205,
0.00077200,0.000000,1.243452,
0.00077220,0.000000,1.259700,
0.00077240,-0.004883,1.227205,
0.00077260,0.000000,1.259700,
0.00077280,0.000000,1.259700,
0.00077300,-0.002441,1.243452,
0.00077320,-0.002441,1.243452,
0.00077340,-0.002441,1.243452,
0.00077360,0.000000,1.227205,
0.00077380,-0.002441,1.243452,
0.00077400,0.000000,1.243452,
0.00077420,0.000000,1.259700,
0.00077440,0.000000,1.243452,
0.00077460,-0.002441,1.243452,
0.00077480,-0.002441,1.243452,
0.00077500,-0.002441,1.243452,
0.00077520,0.000000,1.243452,
0.00077540,-0.002441,1.243452,
0.00077560,-0.002441,1.227205,
0.00077580,0.000000,1.227205,
0.00077600,-0.002441,1.227205,
0.00077620,0.000000,1.227205,
0.00077640,0.000000,1.243452,
0.00077660,-0.002441,1.243452,
0.00077680,0.000000,1.243452,
0.00077700,0.000000,1.243452,
0.00077720,0.000000,1.227205,
0.00077740,0.000000,1.243452,
0.00077760,-0.002441,1.227205,
0.00077780,-0.002441,1.227205,
0.00077800,-0.002441,1.227205,
0.00077820,0.000000,1.227205,
0.00077840,-0.002441,1.243452,
0.00077860,0.000000,1.243452,
0.00077880,-0.002441,1.243452,
0.00077900,0.000000,1.243452,
0.00077920,-0.002441,1.243452,
0.00077940,0.000000,1.227205,
0.00077960,0.000000,1.227205,
0.00077980,0.000000,1.243452,
0.00078000,0.000000,1.243452,
0.00078020,0.000000,1.227205,
0.00078040,0.000000,1.227205,
0.00078060,0.000000,1.227205,
0.00078080,0.000000,1.243452,
0.00078100,-0.002441,1.243452,
0.00078120,-0.002441,1.243452,
0.00078140,-0.002441,1.227205,
0.00078160,-0.002441,1.227205,
0.00078180,-0.002441,1.243452,
0.00078200,-0.002441,1.243452,
0.00078220,0.000000,1.227205,
0.00078240,-0.002441,1.227205,
0.00078260,-0.002441,1.227205,
0.00078280,-0.002441,1.227205,
0.00078300,-0.002441,1.243452,
0.00078320,0.000000,1.227205,
0.00078340,0.000000,1.227205,
0.00078360,0.000000,1.227205,
0.00078380,0.000000,1.210957,
0.00078400,0.000000,1.227205,
0.00078420,-0.002441,1.227205,
0.00078440,-0.002441,1.243452,
0.00078460,0.000000,1.243452,
0.00078480,0.000000,1.243452,
0.00078500,0.000000,1.243452,
0.00078520,0.000000,1.227205,
0.00078540,0.000000,1.227205,
0.00078560,0.000000,1.227205,
0.00078580,0.000000,1.210957,
0.00078600,-0.002441,1.210957,
0.00078620,-0.002441,1.227205,
0.00078640,0.000000,1.227205,
0.00078660,0.000000,1.243452,
0.00078680,0.000000,1.243452,
0.00078700,0.000000,1.243452,
0.00078720,-0.002441,1.243452,
0.00078740,0.000000,1.227205,
0.00078760,-0.002441,1.210957,
0.00078780,-0.002441,1.210957,
0.00078800,0.000000,1.210957,
0.00078820,-0.002441,1.210957,
0.00078840,-0.002441,1.227205,
0.00078860,0.000000,1.227205,
0.00078880,0.000000,1.243452,
0.00078900,-0.002441,1.243452,
0.00078920,-0.002441,1.243452,
0.00078940,0.000000,1.243452,
0.00078960,0.000000,1.243452,
0.00078980,-0.002441,1.210957,
0.00079000,-0.002441,1.210957,
0.00079020,-0.002441,1.210957,
0.00079040,0.000000,1.227205,
0.00079060,-0.002441,1.227205,
0.00079080,-0.002441,1.243452,
0.00079100,0.000000,1.243452,
0.00079120,0.000000,1.227205,
0.00079140,0.000000,1.227205,
0.00079160,-0.002441,1.227205,
0.00079180,0.000000,1.227205,
0.00079200,-0.002441,1.227205,
0.00079220,0.000000,1.243452,
0.00079240,-0.002441,1.243452,
0.00079260,0.000000,1.227205,
0.00079280,-0.002441,1.227205,
0.00079300,0.000000,1.243452,
0.00079320,-0.002441,1.243452,
0.00079340,-0.002441,1.227205,
0.00079360,0.000000,1.227205,
0.00079380,0.000000,1.227205,
0.00079400,-0.002441,1.210957,
0.00079420,-0.002441,1.227205,
0.00079440,-0.002441,1.227205,
0.00079460,-0.002441,1.243452,
0.00079480,0.000000,1.243452,
0.00079500,0.000000,1.243452,
0.00079520,0.000000,1.243452,
0.00079540,-0.002441,1.243452,
0.00079560,-0.002441,1.210957,
0.00079580,0.002441,1.227205,
0.00079600,-0.002441,1.227205,
0.00079620,-0.002441,1.243452,
0.00079640,0.000000,1.243452,
0.00079660,0.000000,1.227205,
0.00079680,0.000000,1.227205,
0.00079700,0.000000,1.227205,
0.00079720,-0.002441,1.227205,
0.00079740,0.000000,1.243452,
0.00079760,0.000000,1.243452,
0.00079780,-0.002441,1.227205,
0.00079800,0.000000,1.227205,
0.00079820,0.000000,1.243452,
0.00079840,0.000000,1.243452,
0.00079860,-0.002441,1.243452,
0.00079880,-0.002441,1.227205,
0.00079900,-0.002441,1.227205,
0.00079920,-0.002441,1.227205,
0.00079940,0.000000,1.227205,
0.00079960,0.000000,1.210957,
0.00079980,-0.002441,1.227205,
0.00080000,0.000000,1.243452,
0.00080020,0.000000,1.243452,
0.00080040,-0.004883,1.227205,
0.00080060,0.000000,1.227205,
0.00080080,-0.002441,1.227205,
0.00080100,0.000000,1.243452,
0.00080120,0.000000,1.227205,
0.00080140,0.000000,1.227205,
0.00080160,-0.002441,1.227205,
0.00080180,-0.002441,1.227205,
0.00080200,-0.002441,1.210957,
0.00080220,-0.002441,1.227205,
0.00080240,-0.002441,1.227205,
0.00080260,0.000000,1.243452,
0.00080280,-0.002441,1.243452,
0.00080300,0.000000,1.243452,
0.00080320,-0.002441,1.243452,
0.00080340,-0.002441,1.210957,
0.00080360,-0.002441,1.227205,
0.00080380,0.000000,1.227205,
0.00080400,0.000000,1.243452,
0.00080420,-0.002441,1.227205,
0.00080440,-0.002441,1.227205,
0.00080460,0.000000,1.227205,
0.00080480,0.000000,1.210957,
0.00080500,-0.002441,1.210957,
0.00080520,-0.002441,1.227205,
0.00080540,0.000000,1.227205,
0.00080560,-0.002441,1.243452,
0.00080580,0.000000,1.259700,
0.00080600,-0.002441,1.243452,
0.00080620,0.000000,1.243452,
0.00080640,0.000000,1.227205,
0.00080660,0.000000,1.227205,
0.00080680,-0.002441,1.194710,
0.00080700,-0.002441,1.210957,
0.00080720,0.000000,1.210957,
0.00080740,0.000000,1.227205,
0.00080760,-0.002441,1.243452,
0.00080780,-0.002441,1.243452,
0.00080800,0.000000,1.259700,
0.00080820,-0.002441,1.227205,
0.00080840,-0.002441,1.210957,
0.00080860,-0.002441,1.227205,
0.00080880,0.000000,1.227205,
0.00080900,0.000000,1.227205,
0.00080920,-0.002441,1.210957,
0.00080940,0.000000,1.227205,
0.00080960,0.000000,1.243452,
0.00080980,-0.002441,1.227205,
0.00081000,-0.002441,1.227205,
0.00081020,-0.002441,1.210957,
0.00081040,-0.002441,1.227205,
0.00081060,-0.002441,1.243452,
0.00081080,-0.002441,1.227205,
0.00081100,0.002441,1.227205,
0.00081120,-0.002441,1.227205,
0.00081140,-0.002441,1.227205,
0.00081160,0.000000,1.227205,
0.00081180,-0.002441,1.227205,
0.00081200,-0.002441,1.227205,
0.00081220,0.000000,1.227205,
0.00081240,0.000000,1.227205,
0.00081260,0.000000,1.243452,
0.00081280,0.000000,1.227205,
0.00081300,-0.002441,1.227205,
0.00081320,-0.002441,1.227205,
0.00081340,0.000000,1.227205,
0.00081360,-0.002441,1.227205,
0.00081380,0.000000,1.243452,
0.00081400,-0.002441,1.243452,
0.00081420,0.000000,1.243452,
0.00081440,0.000000,1.227205,
0.00081460,-0.002441,1.227205,
0.00081480,-0.002441,1.227205,
0.00081500,-0.002441,1.227205,
0.00081520,0.000000,1.227205,
0.00081540,-0.002441,1.227205,
0.00081560,-0.002441,1.243452,
0.00081580,-0.002441,1.227205,
0.00081600,0.000000,1.227205,
0.00081620,0.000000,1.210957,
0.00081640,-0.002441,1.210957,
0.00081660,-0.002441,1.227205,
0.00081680,0.000000,1.227205,
0.00081700,0.000000,1.227205,
0.00081720,-0.004883,1.210957,
0.00081740,-0.002441,1.210957,
0.00081760,0.000000,1.227205,
0.00081780,-0.002441,1.227205,
0.00081800,-0.002441,1.243452,
0.00081820,-0.002441,1.243452,
0.00081840,0.000000,1.243452,
0.00081860,0.000000,1.227205,
0.00081880,0.000000,1.227205,
0.00081900,0.000000,1.210957,
0.00081920,0.000000,1.227205,
0.00081940,0.000000,1.227205,
0.00081960,-0.002441,1.227205,
0.00081980,-0.002441,1.227205,
0.00082000,0.000000,1.243452,
0.00082020,0.000000,1.227205,
0.00082040,-0.002441,1.227205,
0.00082060,0.002441,1.227205,
0.00082080,0.000000,1.243452,
0.00082100,0.000000,1.227205,
0.00082120,0.000000,1.227205,
0.00082140,0.000000,1.227205,
0.00082160,0.000000,1.227205,
0.00082180,-0.002441,1.243452,
0.00082200,-0.002441,1.243452,
0.00082220,-0.002441,1.227205,
0.00082240,0.000000,1.227205,
0.00082260,-0.002441,1.210957,
0.00082280,-0.002441,1.210957,
0.00082300,0.000000,1.210957,
0.00082320,0.000000,1.227205,
0.00082340,0.000000,1.227205,
0.00082360,-0.002441,1.227205,
0.00082380,-0.002441,1.243452,
0.00082400,0.000000,1.243452,
0.00082420,-0.002441,1.243452,
0.00082440,-0.002441,1.227205,
0.00082460,-0.002441,1.227205,
0.00082480,0.000000,1.227205,
0.00082500,0.002441,1.227205,
0.00082520,-0.002441,1.210957,
0.00082540,-0.004883,1.210957,
0.00082560,0.000000,1.227205,
0.00082580,0.000000,1.227205,
0.00082600,-0.002441,1.243452,
0.00082620,-0.002441,1.227205,
0.00082640,0.000000,1.243452,
0.00082660,0.000000,1.227205,
0.00082680,-0.002441,1.210957,
0.00082700,-0.002441,1.194710,
0.00082720,-0.002441,1.227205,
0.00082740,-0.002441,1.227205,
0.00082760,-0.002441,1.227205,
0.00082780,-0.002441,1.210957,
0.00082800,-0.002441,1.227205,
0.00082820,0.000000,1.227205,
0.00082840,-0.002441,1.227205,
0.00082860,-0.002441,1.227205,
0.00082880,0.000000,1.227205,
0.00082900,-0.002441,1.210957,
0.00082920,-0.002441,1.227205,
0.00082940,0.000000,1.243452,
0.00082960,-0.002441,1.243452,
0.00082980,0.000000,1.243452,
0.00083000,0.000000,1.227205,
0.00083020,-0.002441,1.227205,
0.00083040,0.000000,1.210957,
0.00083060,-0.002441,1.210957,
0.00083080,-0.002441,1.227205,
0.00083100,-0.002441,1.227205,
0.00083120,0.000000,1.243452,
0.00083140,0.000000,1.243452,
0.00083160,-0.002441,1.227205,
0.00083180,-0.002441,1.243452,
0.00083200,0.000000,1.227205,
0.00083220,0.000000,1.227205,
0.00083240,-0.002441,1.227205,
0.00083260,0.000000,1.227205,
0.00083280,0.000000,1.227205,
0.00083300,-0.002441,1.227205,
0.00083320,-0.002441,1.227205,
0.00083340,-0.002441,1.227205,
0.00083360,0.000000,1.243452,
0.00083380,0.000000,1.243452,
0.00083400,-0.002441,1.227205,
0.00083420,-0.002441,1.227205,
0.00083440,0.000000,1.227205,
0.00083460,0.000000,1.227205,
0.00083480,0.000000,1.227205,
0.00083500,-0.002441,1.227205,
0.00083520,0.000000,1.227205,
0.00083540,-0.002441,1.227205,
0.00083560,-0.002441,1.227205,
0.00083580,-0.002441,1.243452,
0.00083600,-0.002441,1.243452,
0.00083620,0.000000,1.243452,
0.00083640,-0.002441,1.243452,
0.00083660,0.000000,1.227205,
0.00083680,0.000000,1.227205,
0.00083700,-0.002441,1.227205,
0.00083720,-0.002441,1.227205,
0.00083740,0.000000,1.243452,
0.00083760,0.000000,1.243452,
0.00083780,0.000000,1.243452,
0.00083800,0.000000,1.227205,
0.00083820,0.000000,1.227205,
0.00083840,-0.002441,1.210957,
0.00083860,0.000000,1.227205,
0.00083880,-0.002441,1.227205,
0.00083900,-0.002441,1.227205,
0.00083920,-0.002441,1.243452,
0.00083940,0.000000,1.243452,
0.00083960,0.000000,1.227205,
0.00083980,0.000000,1.227205,
0.00084000,-0.002441,1.227205,
0.00084020,0.000000,1.227205,
0.00084040,-0.002441,1.227205,
0.00084060,-0.002441,1.243452,
0.00084080,0.000000,1.259700,
0.00084100,0.000000,1.259700,
0.00084120,-0.002441,1.243452,
0.00084140,0.000000,1.227205,
0.00084160,0.000000,1.227205,
0.00084180,-0.002441,1.227205,
0.00084200,-0.002441,1.210957,
0.00084220,-0.002441,1.194710,
0.00084240,0.000000,1.227205,
0.00084260,-0.002441,1.259700,
0.00084280,0.000000,1.259700,
0.00084300,-0.002441,1.243452,
0.00084320,0.000000,1.259700,
0.00084340,-0.002441,1.243452,
0.00084360,-0.002441,1.227205,
0.00084380,-0.002441,1.210957,
0.00084400,0.000000,1.227205,
0.00084420,0.000000,1.243452,
0.00084440,0.000000,1.243452,
0.00084460,-0.002441,1.227205,
0.00084480,0.000000,1.243452,
0.00084500,-0.002441,1.243452,
0.00084520,-0.002441,1.227205,
0.00084540,-0.002441,1.227205,
0.00084560,0.000000,1.243452,
0.00084580,0.000000,1.243452,
0.00084600,-0.002441,1.243452,
0.00084620,-0.002441,1.243452,
0.00084640,0.000000,1.227205,
0.00084660,0.000000,1.227205,
0.00084680,-0.002441,1.227205,
0.00084700,-0.002441,1.243452,
0.00084720,0.000000,1.243452,
0.00084740,0.000000,1.243452,
0.00084760,0.000000,1.243452,
0.00084780,0.000000,1.243452,
0.00084800,-0.002441,1.243452,
0.00084820,0.000000,1.243452,
0.00084840,-0.002441,1.227205,
0.00084860,-0.002441,1.243452,
0.00084880,-0.002441,1.243452,
0.00084900,0.000000,1.243452,
0.00084920,-0.002441,1.243452,
0.00084940,-0.002441,1.243452,
0.00084960,0.000000,1.243452,
0.00084980,0.000000,1.243452,
0.00085000,0.000000,1.227205,
0.00085020,-0.002441,1.243452,
0.00085040,-0.002441,1.243452,
0.00085060,0.000000,1.243452,
0.00085080,-0.002441,1.243452,
0.00085100,-0.002441,1.243452,
0.00085120,0.000000,1.259700,
0.00085140,-0.002441,1.243452,
0.00085160,-0.002441,1.243452,
0.00085180,-0.002441,1.227205,
0.00085200,0.000000,1.243452,
0.00085220,-0.002441,1.243452,
0.00085240,0.000000,1.243452,
0.00085260,-0.002441,1.243452,
0.00085280,0.000000,1.243452,
0.00085300,-0.002441,1.227205,
0.00085320,-0.002441,1.243452,
0.00085340,-0.002441,1.227205,
0.00085360,-0.002441,1.243452,
0.00085380,0.000000,1.243452,
0.00085400,0.000000,1.227205,
0.00085420,0.000000,1.243452,
0.00085440,-0.002441,1.259700,
0.00085460,0.000000,1.243452,
0.00085480,-0.002441,1.227205,
0.00085500,-0.002441,1.227205,
0.00085520,-0.002441,1.243452,
0.00085540,0.000000,1.243452,
0.00085560,0.000000,1.243452,
0.00085580,-0.002441,1.243452,
0.00085600,-0.002441,1.243452,
0.00085620,0.000000,1.243452,
0.00085640,-0.002441,1.243452,
0.00085660,-0.002441,1.227205,
0.00085680,0.000000,1.243452,
0.00085700,0.000000,1.243452,
0.00085720,-0.002441,1.243452,
0.00085740,0.000000,1.227205,
0.00085760,-0.002441,1.243452,
0.00085780,0.000000,1.259700,
0.00085800,-0.002441,1.243452,
0.00085820,-0.002441,1.227205,
0.00085840,-0.002441,1.227205,
0.00085860,0.000000,1.227205,
0.00085880,0.000000,1.243452,
0.00085900,-0.002441,1.259700,
0.00085920,0.000000,1.259700,
0.00085940,0.000000,1.243452,
0.00085960,-0.002441,1.243452,
0.00085980,-0.002441,1.243452,
0.00086000,0.000000,1.227205,
0.00086020,0.000000,1.227205,
0.00086040,0.000000,1.227205,
0.00086060,0.000000,1.227205,
0.00086080,0.002441,1.243452,
0.00086100,0.000000,1.259700,
0.00086120,-0.002441,1.259700,
0.00086140,-0.002441,1.243452,
0.00086160,-0.002441,1.243452,
0.00086180,0.000000,1.243452,
0.00086200,0.000000,1.243452,
0.00086220,0.000000,1.243452,
0.00086240,0.000000,1.259700,
0.00086260,-0.002441,1.243452,
0.00086280,-0.002441,1.243452,
0.00086300,-0.002441,1.243452,
0.00086320,-0.002441,1.243452,
0.00086340,-0.002441,1.243452,
0.00086360,0.000000,1.243452,
0.00086380,0.000000,1.243452,
0.00086400,-0.002441,1.243452,
0.00086420,-0.002441,1.243452,
0.00086440,-0.002441,1.243452,
0.00086460,-0.002441,1.243452,
0.00086480,0.000000,1.243452,
0.00086500,0.000000,1.243452,
0.00086520,0.000000,1.243452,
0.00086540,-0.002441,1.243452,
0.00086560,-0.002441,1.243452,
0.00086580,-0.002441,1.227205,
0.00086600,0.000000,1.243452,
0.00086620,-0.002441,1.227205,
0.00086640,-0.002441,1.227205,
0.00086660,0.000000,1.243452,
0.00086680,-0.002441,1.243452,
0.00086700,0.000000,1.243452,
0.00086720,0.000000,1.243452,
0.00086740,-0.002441,1.243452,
0.00086760,-0.002441,1.243452,
0.00086780,-0.002441,1.243452,
0.00086800,-0.002441,1.227205,
0.00086820,-0.002441,1.227205,
0.00086840,0.000000,1.243452,
0.00086860,-0.002441,1.243452,
0.00086880,0.002441,1.243452,
0.00086900,0.000000,1.243452,
0.00086920,0.000000,1.243452,
0.00086940,0.000000,1.243452,
0.00086960,0.000000,1.227205,
0.00086980,0.000000,1.243452,
0.00087000,0.000000,1.259700,
0.00087020,-0.002441,1.259700,
0.00087040,0.004883,1.243452,
0.00087060,0.000000,1.243452,
0.00087080,-0.002441,1.227205,
0.00087100,0.000000,1.243452,
0.00087120,-0.002441,1.243452,
0.00087140,0.000000,1.243452,
0.00087160,-0.002441,1.259700,
0.00087180,-0.002441,1.243452,
0.00087200,0.002441,1.259700,
0.00087220,0.000000,1.243452,
0.00087240,-0.002441,1.243452,
0.00087260,-0.002441,1.243452,
0.00087280,-0.002441,1.243452,
0.00087300,0.000000,1.243452,
0.00087320,-0.002441,1.227205,
0.00087340,0.000000,1.259700,
0.00087360,-0.002441,1.259700,
0.00087380,0.000000,1.259700,
0.00087400,-0.002441,1.227205,
0.00087420,-0.002441,1.243452,
0.00087440,-0.002441,1.243452,
0.00087460,-0.002441,1.243452,
0.00087480,-0.002441,1.227205,
0.00087500,-0.002441,1.227205,
0.00087520,-0.004883,1.227205,
0.00087540,0.000000,1.243452,
0.00087560,-0.002441,1.259700,
0.00087580,-0.002441,1.243452,
0.00087600,-0.002441,1.275947,
0.00087620,-0.002441,1.275947,
0.00087640,0.000000,1.259700,
0.00087660,-0.002441,1.243452,
0.00087680,-0.002441,1.227205,
0.00087700,0.000000,1.227205,
0.00087720,-0.002441,1.227205,
0.00087740,-0.002441,1.243452,
0.00087760,-0.002441,1.259700,
0.00087780,-0.002441,1.275947,
0.00087800,0.002441,1.275947,
0.00087820,-0.002441,1.259700,
0.00087840,0.000000,1.243452,
0.00087860,-0.002441,1.243452,
0.00087880,-0.002441,1.243452,
0.00087900,-0.002441,1.243452,
0.00087920,0.000000,1.243452,
0.00087940,0.000000,1.259700,
0.00087960,0.000000,1.259700,
0.00087980,0.000000,1.243452,
0.00088000,-0.002441,1.259700,
0.00088020,0.000000,1.243452,
0.00088040,-0.002441,1.243452,
0.00088060,-0.002441,1.243452,
0.00088080,-0.002441,1.243452,
0.00088100,0.000000,1.259700,
0.00088120,-0.002441,1.259700,
0.00088140,-0.002441,1.259700,
0.00088160,-0.002441,1.259700,
0.00088180,-0.002441,1.259700,
0.00088200,-0.002441,1.227205,
0.00088220,-0.002441,1.243452,
0.00088240,-0.002441,1.259700,
0.00088260,0.000000,1.259700,
0.00088280,-0.002441,1.259700,
0.00088300,-0.002441,1.259700,
0.00088320,-0.004883,1.243452,
0.00088340,0.000000,1.259700,
0.00088360,-0.002441,1.259700,
0.00088380,-0.002441,1.259700,
0.00088400,-0.002441,1.243452,
0.00088420,0.000000,1.243452,
0.00088440,0.000000,1.259700,
0.00088460,-0.002441,1.259700,
0.00088480,-0.002441,1.243452,
0.00088500,0.000000,1.259700,
0.00088520,-0.002441,1.243452,
0.00088540,-0.002441,1.259700,
0.00088560,-0.002441,1.243452,
0.00088580,0.000000,1.259700,
0.00088600,0.000000,1.259700,
0.00088620,-0.002441,1.243452,
0.00088640,0.000000,1.259700,
0.00088660,0.000000,1.275947,
0.00088680,-0.002441,1.259700,
0.00088700,-0.002441,1.259700,
0.00088720,0.000000,1.243452,
0.00088740,-0.002441,1.227205,
0.00088760,0.000000,1.259700,
0.00088780,0.000000,1.275947,
0.00088800,-0.002441,1.259700,
0.00088820,0.000000,1.259700,
0.00088840,0.000000,1.259700,
0.00088860,-0.002441,1.259700,
0.00088880,-0.002441,1.259700,
0.00088900,0.000000,1.259700,
0.00088920,0.000000,1.259700,
0.00088940,-0.002441,1.243452,
0.00088960,-0.002441,1.259700,
0.00088980,0.000000,1.275947,
0.00089000,-0.002441,1.259700,
0.00089020,0.000000,1.275947,
0.00089040,-0.002441,1.259700,
0.00089060,0.000000,1.275947,
0.00089080,0.000000,1.275947,
0.00089100,0.000000,1.243452,
0.00089120,0.000000,1.259700,
0.00089140,0.000000,1.275947,
0.00089160,0.000000,1.259700,
0.00089180,0.000000,1.275947,
0.00089200,0.000000,1.275947,
0.00089220,-0.002441,1.275947,
0.00089240,0.000000,1.275947,
0.00089260,-0.002441,1.259700,
0.00089280,-0.002441,1.243452,
0.00089300,0.000000,1.259700,
0.00089320,-0.002441,1.259700,
0.00089340,-0.002441,1.259700,
0.00089360,-0.002441,1.243452,
0.00089380,-0.002441,1.259700,
0.00089400,-0.002441,1.275947,
0.00089420,0.000000,1.292195,
0.00089440,0.000000,1.275947,
0.00089460,-0.002441,1.275947,
0.00089480,-0.002441,1.259700,
0.00089500,0.000000,1.259700,
0.00089520,-0.004883,1.243452,
0.00089540,0.000000,1.275947,
0.00089560,-0.002441,1.243452,
0.00089580,0.000000,1.259700,
0.00089600,0.000000,1.259700,
0.00089620,-0.002441,1.275947,
0.00089640,-0.002441,1.275947,
0.00089660,-0.002441,1.275947,
0.00089680,0.000000,1.259700,
0.00089700,0.000000,1.259700,
0.00089720,0.000000,1.259700,
0.00089740,0.000000,1.275947,
0.00089760,-0.002441,1.259700,
0.00089780,0.000000,1.275947,
0.00089800,-0.002441,1.259700,
0.00089820,-0.002441,1.259700,
0.00089840,-0.002441,1.259700,
0.00089860,-0.002441,1.275947,
0.00089880,-0.002441,1.275947,
0.00089900,-0.004883,1.275947,
0.00089920,0.000000,1.275947,
0.00089940,0.000000,1.259700,
0.00089960,-0.002441,1.259700,
0.00089980,-0.002441,1.259700,
0.00090000,-0.002441,1.243452,
0.00090020,-0.002441,1.275947,
0.00090040,-0.002441,1.275947,
0.00090060,-0.002441,1.275947,
0.00090080,-0.002441,1.275947,
0.00090100,0.000000,1.259700,
0.00090120,-0.002441,1.275947,
0.00090140,-0.004883,1.275947,
0.00090160,-0.002441,1.259700,
0.00090180,0.000000,1.259700,
0.00090200,-0.002441,1.275947,
0.00090220,0.000000,1.275947,
0.00090240,0.000000,1.275947,
0.00090260,-0.002441,1.259700,
0.00090280,0.000000,1.275947,
0.00090300,0.000000,1.275947,
0.00090320,-0.002441,1.243452,
0.00090340,-0.002441,1.275947,
0.00090360,-0.002441,1.275947,
0.00090380,0.000000,1.292195,
0.00090400,-0.002441,1.275947,
0.00090420,0.000000,1.259700,
0.00090440,0.000000,1.259700,
0.00090460,-0.002441,1.259700,
0.00090480,-0.002441,1.259700,
0.00090500,0.000000,1.275947,
0.00090520,-0.002441,1.259700,
0.00090540,0.000000,1.259700,
0.00090560,-0.002441,1.259700,
0.00090580,-0.002441,1.259700,
0.00090600,0.000000,1.259700,
0.00090620,0.000000,1.275947,
0.00090640,-0.002441,1.275947,
0.00090660,0.000000,1.275947,
0.00090680,-0.002441,1.259700,
0.00090700,-0.002441,1.259700,
0.00090720,0.000000,1.275947,
0.00090740,-0.002441,1.275947,
0.00090760,0.000000,1.275947,
0.00090780,0.000000,1.259700,
0.00090800,-0.002441,1.275947,
0.00090820,0.000000,1.275947,
0.00090840,0.000000,1.259700,
0.00090860,0.000000,1.243452,
0.00090880,0.000000,1.259700,
0.00090900,-0.002441,1.275947,
0.00090920,0.000000,1.275947,
0.00090940,0.000000,1.259700,
0.00090960,-0.002441,1.259700,
0.00090980,-0.002441,1.259700,
0.00091000,0.000000,1.259700,
0.00091020,0.000000,1.259700,
0.00091040,-0.002441,1.259700,
0.00091060,0.000000,1.259700,
0.00091080,-0.002441,1.275947,
0.00091100,-0.002441,1.275947,
0.00091120,-0.002441,1.275947,
0.00091140,-0.002441,1.275947,
0.00091160,-0.002441,1.275947,
0.00091180,0.000000,1.259700,
0.00091200,-0.002441,1.243452,
0.00091220,-0.002441,1.259700,
0.00091240,0.000000,1.259700,
0.00091260,-0.002441,1.259700,
0.00091280,-0.002441,1.275947,
0.00091300,0.000000,1.275947,
0.00091320,0.000000,1.275947,
0.00091340,0.000000,1.292195,
0.00091360,0.000000,1.275947,
0.00091380,-0.002441,1.259700,
0.00091400,-0.002441,1.259700,
0.00091420,-0.002441,1.259700,
0.00091440,-0.002441,1.275947,
0.00091460,-0.002441,1.275947,
0.00091480,0.000000,1.275947,
0.00091500,0.000000,1.259700,
0.00091520,0.000000,1.275947,
0.00091540,-0.002441,1.292195,
0.00091560,-0.002441,1.275947,
0.00091580,-0.002441,1.275947,
0.00091600,-0.002441,1.259700,
0.00091620,-0.002441,1.259700,
0.00091640,-0.002441,1.275947,
0.00091660,0.000000,1.275947,
0.00091680,-0.002441,1.275947,
0.00091700,-0.002441,1.275947,
0.00091720,-0.002441,1.259700,
0.00091740,-0.002441,1.259700,
0.00091760,0.000000,1.275947,
0.00091780,-0.002441,1.275947,
0.00091800,0.000000,1.275947,
0.00091820,0.000000,1.275947,
0.00091840,0.000000,1.259700,
0.00091860,-0.002441,1.275947,
0.00091880,0.000000,1.275947,
0.00091900,-0.002441,1.259700,
0.00091920,-0.002441,1.259700,
0.00091940,-0.002441,1.275947,
0.00091960,0.000000,1.275947,
0.00091980,-0.002441,1.275947,
0.00092000,0.000000,1.275947,
0.00092020,0.000000,1.275947,
0.00092040,0.000000,1.259700,
0.00092060,-0.002441,1.259700,
0.00092080,-0.002441,1.275947,
0.00092100,-0.002441,1.275947,
0.00092120,-0.002441,1.259700,
0.00092140,0.000000,1.275947,
0.00092160,0.000000,1.275947,
0.00092180,0.000000,1.292195,
0.00092200,-0.002441,1.275947,
0.00092220,0.000000,1.292195,
0.00092240,0.000000,1.259700,
0.00092260,0.000000,1.259700,
0.00092280,0.000000,1.275947,
0.00092300,0.000000,1.275947,
0.00092320,0.000000,1.275947,
0.00092340,-0.004883,1.292195,
0.00092360,0.000000,1.275947,
0.00092380,-0.002441,1.259700,
0.00092400,-0.002441,1.259700,
0.00092420,-0.002441,1.275947,
0.00092440,-0.002441,1.275947,
0.00092460,-0.002441,1.275947,
0.00092480,0.000000,1.292195,
0.00092500,-0.002441,1.292195,
0.00092520,-0.002441,1.275947,
0.00092540,-0.002441,1.275947,
0.00092560,-0.002441,1.275947,
0.00092580,-0.002441,1.275947,
0.00092600,0.000000,1.275947,
0.00092620,0.000000,1.275947,
0.00092640,0.000000,1.275947,
0.00092660,-0.002441,1.259700,
0.00092680,0.000000,1.275947,
0.00092700,0.000000,1.275947,
0.00092720,0.000000,1.292195,
0.00092740,-0.002441,1.275947,
0.00092760,0.000000,1.275947,
0.00092780,0.000000,1.292195,
0.00092800,0.000000,1.275947,
0.00092820,0.000000,1.275947,
0.00092840,0.000000,1.259700,
0.00092860,-0.002441,1.259700,
0.00092880,-0.002441,1.259700,
0.00092900,-0.002441,1.275947,
0.00092920,0.000000,1.292195,
0.00092940,-0.002441,1.292195,
0.00092960,0.000000,1.292195,
0.00092980,0.002441,1.292195,
0.00093000,0.000000,1.275947,
0.00093020,-0.002441,1.275947,
0.00093040,-0.002441,1.259700,
0.00093060,-0.002441,1.275947,
0.00093080,0.000000,1.275947,
0.00093100,-0.002441,1.292195,
0.00093120,0.000000,1.292195,
0.00093140,0.000000,1.292195,
0.00093160,0.000000,1.275947,
0.00093180,0.000000,1.275947,
0.00093200,-0.002441,1.275947,
0.00093220,-0.002441,1.259700,
0.00093240,0.000000,1.275947,
0.00093260,-0.002441,1.292195,
0.00093280,-0.002441,1.292195,
0.00093300,-0.002441,1.275947,
0.00093320,0.000000,1.292195,
0.00093340,-0.004883,1.275947,
0.00093360,-0.002441,1.275947,
0.00093380,-0.002441,1.275947,
0.00093400,-0.002441,1.275947,
0.00093420,0.000000,1.292195,
0.00093440,-0.002441,1.275947,
0.00093460,0.000000,1.275947,
0.00093480,-0.002441,1.292195,
0.00093500,-0.002441,1.292195,
0.00093520,-0.002441,1.292195,
0.00093540,-0.002441,1.292195,
0.00093560,-0.002441,1.275947,
0.00093580,-0.002441,1.292195,
0.00093600,-0.002441,1.275947,
0.00093620,0.000000,1.275947,
0.00093640,0.000000,1.275947,
0.00093660,-0.002441,1.292195,
0.00093680,0.000000,1.275947,
0.00093700,-0.002441,1.275947,
0.00093720,0.002441,1.292195,
0.00093740,0.000000,1.275947,
0.00093760,0.000000,1.292195,
0.00093780,0.000000,1.292195,
0.00093800,-0.002441,1.275947,
0.00093820,-0.002441,1.275947,
0.00093840,-0.002441,1.259700,
0.00093860,0.000000,1.275947,
0.00093880,0.000000,1.292195,
0.00093900,-0.002441,1.292195,
0.00093920,-0.002441,1.292195,
0.00093940,0.000000,1.292195,
0.00093960,-0.002441,1.275947,
0.00093980,-0.002441,1.275947,
0.00094000,-0.002441,1.275947,
0.00094020,-0.002441,1.275947,
0.00094040,0.000000,1.292195,
0.00094060,0.000000,1.275947,
0.00094080,-0.002441,1.275947,
0.00094100,0.000000,1.292195,
0.00094120,0.000000,1.292195,
0.00094140,0.000000,1.275947,
0.00094160,-0.002441,1.292195,
0.00094180,-0.002441,1.292195,
0.00094200,-0.002441,1.275947,
0.00094220,0.000000,1.292195,
0.00094240,0.000000,1.275947,
0.00094260,-0.002441,1.275947,
0.00094280,0.000000,1.275947,
0.00094300,0.000000,1.275947,
0.00094320,-0.004883,1.275947,
0.00094340,0.000000,1.292195,
0.00094360,0.000000,1.292195,
0.00094380,0.000000,1.292195,
0.00094400,-0.002441,1.292195,
0.00094420,-0.002441,1.275947,
0.00094440,-0.002441,1.292195,
0.00094460,0.000000,1.275947,
0.00094480,-0.002441,1.259700,
0.00094500,-0.002441,1.275947,
0.00094520,0.000000,1.275947,
0.00094540,0.000000,1.275947,
0.00094560,-0.002441,1.292195,
0.00094580,0.002441,1.292195,
0.00094600,-0.002441,1.308443,
0.00094620,0.000000,1.292195,
0.00094640,-0.002441,1.292195,
0.00094660,-0.002441,1.275947,
0.00094680,0.000000,1.259700,
0.00094700,0.000000,1.259700,
0.00094720,-0.002441,1.275947,
0.00094740,-0.002441,1.259700,
0.00094760,-0.002441,1.275947,
0.00094780,0.000000,1.292195,
0.00094800,-0.002441,1.292195,
0.00094820,0.000000,1.308443,
0.00094840,0.000000,1.292195,
0.00094860,0.000000,1.275947,
0.00094880,-0.002441,1.275947,
0.00094900,-0.002441,1.275947,
0.00094920,0.000000,1.275947,
0.00094940,0.000000,1.275947,
0.00094960,-0.002441,1.275947,
0.00094980,0.000000,1.292195,
0.00095000,0.000000,1.292195,
0.00095020,-0.002441,1.292195,
0.00095040,-0.002441,1.292195,
0.00095060,0.000000,1.292195,
0.00095080,0.000000,1.275947,
0.00095100,-0.002441,1.275947,
0.00095120,-0.002441,1.292195,
0.00095140,0.000000,1.275947,
0.00095160,0.000000,1.292195,
0.00095180,0.000000,1.308443,
0.00095200,-0.004883,1.275947,
0.00095220,-0.002441,1.275947,
0.00095240,0.000000,1.275947,
0.00095260,-0.002441,1.275947,
0.00095280,-0.002441,1.275947,
0.00095300,0.000000,1.275947,
0.00095320,0.000000,1.292195,
0.00095340,0.000000,1.292195,
0.00095360,-0.002441,1.275947,
0.00095380,-0.002441,1.275947,
0.00095400,0.000000,1.292195,
0.00095420,0.000000,1.275947,
0.00095440,0.000000,1.292195,
0.00095460,0.000000,1.275947,
0.00095480,-0.002441,1.275947,
0.00095500,0.000000,1.292195,
0.00095520,0.000000,1.292195,
0.00095540,-0.002441,1.275947,
0.00095560,0.000000,1.292195,
0.00095580,-0.002441,1.292195,
0.00095600,-0.002441,1.292195,
0.00095620,-0.002441,1.292195,
0.00095640,0.000000,1.292195,
0.00095660,0.000000,1.275947,
0.00095680,-0.002441,1.275947,
0.00095700,0.000000,1.275947,
0.00095720,0.000000,1.275947,
0.00095740,-0.002441,1.275947,
0.00095760,-0.002441,1.275947,
0.00095780,-0.002441,1.275947,
0.00095800,0.000000,1.292195,
0.00095820,-0.002441,1.292195,
0.00095840,0.000000,1.292195,
0.00095860,0.000000,1.275947,
0.00095880,-0.002441,1.275947,
0.00095900,-0.002441,1.292195,
0.00095920,-0.002441,1.292195,
0.00095940,-0.002441,1.292195,
0.00095960,-0.002441,1.292195,
0.00095980,-0.002441,1.292195,
0.00096000,0.000000,1.275947,
0.00096020,-0.002441,1.292195,
0.00096040,0.000000,1.292195,
0.00096060,-0.002441,1.292195,
0.00096080,-0.002441,1.292195,
0.00096100,-0.002441,1.292195,
0.00096120,0.000000,1.292195,
0.00096140,0.000000,1.292195,
0.00096160,0.000000,1.292195,
0.00096180,-0.002441,1.292195,
0.00096200,0.000000,1.292195,
0.00096220,0.000000,1.292195,
0.00096240,-0.002441,1.292195,
0.00096260,0.000000,1.292195,
0.00096280,0.000000,1.292195,
0.00096300,0.000000,1.292195,
0.00096320,0.000000,1.292195,
0.00096340,-0.002441,1.292195,
0.00096360,0.000000,1.292195,
0.00096380,0.000000,1.292195,
0.00096400,-0.002441,1.292195,
0.00096420,-0.002441,1.292195,
0.00096440,0.000000,1.308443,
0.00096460,0.000000,1.308443,
0.00096480,0.000000,1.308443,
0.00096500,0.000000,1.308443,
0.00096520,-0.002441,1.292195,
0.00096540,0.002441,1.275947,
0.00096560,-0.002441,1.275947,
0.00096580,-0.002441,1.292195,
0.00096600,0.000000,1.292195,
0.00096620,0.000000,1.308443,
0.00096640,0.000000,1.308443,
0.00096660,0.000000,1.292195,
0.00096680,-0.002441,1.292195,
0.00096700,0.000000,1.275947,
0.00096720,-0.002441,1.292195,
0.00096740,-0.002441,1.292195,
0.00096760,-0.002441,1.292195,
0.00096780,-0.002441,1.292195,
0.00096800,0.000000,1.292195,
0.00096820,0.000000,1.292195,
0.00096840,0.000000,1.292195,
0.00096860,0.000000,1.292195,
0.00096880,-0.002441,1.292195,
0.00096900,0.000000,1.292195,
0.00096920,-0.002441,1.292195,
0.00096940,0.000000,1.292195,
0.00096960,-0.002441,1.292195,
0.00096980,0.000000,1.292195,
0.00097000,-0.002441,1.292195,
0.00097020,0.000000,1.292195,
0.00097040,-0.002441,1.292195,
0.00097060,-0.002441,1.292195,
0.00097080,0.000000,1.292195,
0.00097100,0.000000,1.292195,
0.00097120,0.000000,1.292195,
0.00097140,0.000000,1.292195,
0.00097160,-0.002441,1.308443,
0.00097180,-0.002441,1.292195,
0.00097200,-0.002441,1.292195,
0.00097220,-0.002441,1.275947,
0.00097240,0.000000,1.292195,
0.00097260,-0.004883,1.292195,
0.00097280,0.000000,1.308443,
0.00097300,0.000000,1.292195,
0.00097320,-0.002441,1.292195,
0.00097340,-0.002441,1.275947,
0.00097360,-0.002441,1.292195,
0.00097380,-0.002441,1.292195,
0.00097400,0.000000,1.292195,
0.00097420,-0.002441,1.308443,
0.00097440,0.000000,1.292195,
0.00097460,0.000000,1.292195,
0.00097480,-0.002441,1.292195,
0.00097500,-0.002441,1.292195,
0.00097520,0.000000,1.292195,
0.00097540,-0.002441,1.292195,
0.00097560,-0.002441,1.292195,
0.00097580,-0.002441,1.292195,
0.00097600,0.000000,1.292195,
0.00097620,0.000000,1.292195,
0.00097640,-0.002441,1.292195,
0.00097660,-0.002441,1.308443,
0.00097680,-0.002441,1.292195,
0.00097700,-0.002441,1.292195,
0.00097720,0.000000,1.292195,
0.00097740,-0.002441,1.292195,
0.00097760,0.000000,1.292195,
0.00097780,-0.002441,1.275947,
0.00097800,-0.002441,1.292195,
0.00097820,-0.002441,1.292195,
0.00097840,0.000000,1.292195,
0.00097860,-0.002441,1.275947,
0.00097880,0.000000,1.292195,
0.00097900,-0.002441,1.308443,
0.00097920,0.000000,1.308443,
0.00097940,0.000000,1.292195,
0.00097960,0.000000,1.275947,
0.00097980,-0.002441,1.275947,
0.00098000,-0.002441,1.275947,
0.00098020,-0.004883,1.259700,
0.00098040,0.000000,1.259700,
0.00098060,-0.002441,1.292195,
0.00098080,-0.002441,1.292195,
0.00098100,-0.002441,1.292195,
0.00098120,0.000000,1.308443,
0.00098140,-0.002441,1.292195,
0.00098160,0.000000,1.292195,
0.00098180,0.000000,1.275947,
0.00098200,0.000000,1.275947,
0.00098220,0.000000,1.259700,
0.00098240,0.000000,1.259700,
0.00098260,-0.004883,1.275947,
0.00098280,0.000000,1.308443,
0.00098300,-0.002441,1.308443,
0.00098320,-0.002441,1.292195,
0.00098340,-0.002441,1.275947,
0.00098360,0.000000,1.275947,
0.00098380,0.000000,1.259700,
0.00098400,0.000000,1.275947,
0.00098420,0.000000,1.275947,
0.00098440,-0.002441,1.275947,
0.00098460,0.000000,1.275947,
0.00098480,-0.002441,1.292195,
0.00098500,-0.002441,1.275947,
0.00098520,-0.002441,1.275947,
0.00098540,-0.002441,1.292195,
0.00098560,0.000000,1.292195,
0.00098580,-0.002441,1.259700,
0.00098600,-0.002441,1.259700,
0.00098620,-0.002441,1.292195,
0.00098640,-0.004883,1.275947,
0.00098660,-0.002441,1.275947,
0.00098680,0.000000,1.275947,
0.00098700,0.000000,1.275947,
0.00098720,0.000000,1.292195,
0.00098740,0.000000,1.292195,
0.00098760,0.000000,1.275947,
0.00098780,0.000000,1.259700,
0.00098800,0.000000,1.259700,
0.00098820,0.000000,1.275947,
0.00098840,-0.002441,1.275947,
0.00098860,0.000000,1.275947,
0.00098880,0.002441,1.292195,
0.00098900,-0.002441,1.292195,
0.00098920,0.002441,1.275947,
0.00098940,-0.002441,1.275947,
0.00098960,-0.002441,1.292195,
0.00098980,0.000000,1.275947,
0.00099000,-0.002441,1.275947,
0.00099020,-0.002441,1.275947,
0.00099040,0.000000,1.275947,
0.00099060,0.000000,1.292195,
0.00099080,0.002441,1.292195,
0.00099100,0.000000,1.292195,
0.00099120,-0.002441,1.275947,
0.00099140,-0.002441,1.259700,
0.00099160,-0.002441,1.275947,
0.00099180,-0.002441,1.275947,
0.00099200,0.000000,1.292195,
0.00099220,-0.002441,1.275947,
0.00099240,0.002441,1.292195,
0.00099260,-0.002441,1.275947,
0.00099280,0.000000,1.275947,
0.00099300,-0.002441,1.275947,
0.00099320,-0.002441,1.275947,
0.00099340,0.000000,1.275947,
0.00099360,0.000000,1.275947,
0.00099380,0.000000,1.275947,
0.00099400,0.000000,1.259700,
0.00099420,0.000000,1.275947,
0.00099440,0.000000,1.292195,
0.00099460,-0.002441,1.275947,
0.00099480,-0.002441,1.275947,
0.00099500,-0.002441,1.275947,
0.00099520,0.000000,1.292195,
0.00099540,0.000000,1.275947,
0.00099560,-0.002441,1.275947,
0.00099580,0.000000,1.275947,
0.00099600,-0.002441,1.275947,
0.00099620,0.000000,1.275947,
0.00099640,-0.002441,1.275947,
0.00099660,0.000000,1.292195,
0.00099680,0.000000,1.275947,
0.00099700,-0.002441,1.275947,
0.00099720,0.000000,1.275947,
0.00099740,-0.002441,1.292195,
0.00099760,-0.002441,1.292195,
0.00099780,-0.002441,1.275947,
0.00099800,-0.002441,1.259700,
0.00099820,0.000000,1.292195,
0.00099840,0.000000,1.275947,
0.00099860,0.000000,1.292195,
0.00099880,0.000000,1.275947,
0.00099900,0.000000,1.275947,
0.00099920,-0.002441,1.275947,
0.00099940,-0.002441,1.275947,
0.00099960,-0.002441,1.292195,
0.00099980,0.000000,1.292195,
0.00100000,0.000000,1.292195,
0.00100020,-0.002441,1.292195,
0.00100040,0.000000,1.275947,
0.00100060,-0.002441,1.259700,
0.00100080,0.000000,1.275947,
0.00100100,-0.002441,1.275947,
0.00100120,-0.002441,1.275947,
0.00100140,0.000000,1.275947,
0.00100160,-0.002441,1.275947,
0.00100180,-0.002441,1.292195,
0.00100200,0.000000,1.292195,
0.00100220,-0.004883,1.275947,
0.00100240,0.000000,1.275947,
0.00100260,-0.002441,1.275947,
0.00100280,0.000000,1.275947,
0.00100300,0.000000,1.292195,
0.00100320,-0.002441,1.292195,
0.00100340,-0.002441,1.275947,
0.00100360,-0.002441,1.275947,
0.00100380,0.000000,1.292195,
0.00100400,0.000000,1.292195,
0.00100420,-0.002441,1.275947,
0.00100440,0.000000,1.292195,
0.00100460,0.002441,1.292195,
0.00100480,0.000000,1.292195,
0.00100500,0.000000,1.292195,
0.00100520,-0.002441,1.292195,
0.00100540,0.000000,1.308443,
0.00100560,-0.002441,1.275947,
0.00100580,0.000000,1.275947,
0.00100600,-0.002441,1.275947,
0.00100620,0.000000,1.292195,
0.00100640,0.000000,1.292195,
0.00100660,-0.002441,1.292195,
0.00100680,0.000000,1.292195,
0.00100700,0.000000,1.292195,
0.00100720,0.000000,1.275947,
0.00100740,-0.002441,1.275947,
0.00100760,0.000000,1.292195,
0.00100780,0.000000,1.292195,
0.00100800,0.000000,1.292195,
0.00100820,0.000000,1.292195,
0.00100840,-0.004883,1.275947,
0.00100860,0.000000,1.292195,
0.00100880,-0.002441,1.292195,
0.00100900,-0.002441,1.292195,
0.00100920,0.000000,1.292195,
0.00100940,0.000000,1.292195,
0.00100960,-0.002441,1.292195,
0.00100980,0.000000,1.275947,
0.00101000,-0.002441,1.292195,
0.00101020,0.000000,1.292195,
0.00101040,-0.002441,1.292195,
0.00101060,-0.002441,1.275947,
0.00101080,-0.002441,1.292195,
0.00101100,0.000000,1.292195,
0.00101120,0.000000,1.292195,
0.00101140,0.000000,1.275947,
0.00101160,-0.002441,1.292195,
0.00101180,0.000000,1.292195,
0.00101200,0.000000,1.292195,
0.00101220,-0.002441,1.275947,
0.00101240,-0.002441,1.275947,
0.00101260,0.000000,1.275947,
0.00101280,0.000000,1.275947,
0.00101300,0.000000,1.292195,
0.00101320,-0.002441,1.292195,
0.00101340,0.000000,1.292195,
0.00101360,0.000000,1.292195,
0.00101380,-0.002441,1.275947,
0.00101400,-0.002441,1.275947,
0.00101420,-0.002441,1.292195,
0.00101440,0.000000,1.292195,
0.00101460,0.000000,1.292195,
0.00101480,-0.002441,1.275947,
0.00101500,0.000000,1.275947,
0.00101520,0.000000,1.259700,
0.00101540,0.000000,1.259700,
0.00101560,-0.002441,1.259700,
0.00101580,0.000000,1.292195,
0.00101600,0.000000,1.292195,
0.00101620,-0.002441,1.308443,
0.00101640,0.000000,1.308443,
0.00101660,0.000000,1.292195,
0.00101680,-0.002441,1.275947,
0.00101700,-0.002441,1.259700,
0.00101720,-0.002441,1.243452,
0.00101740,-0.002441,1.259700,
0.00101760,0.000000,1.275947,
0.00101780,0.000000,1.292195,
0.00101800,0.000000,1.308443,
0.00101820,0.000000,1.308443,
0.00101840,0.000000,1.308443,
0.00101860,-0.002441,1.292195,
0.00101880,-0.002441,1.292195,
0.00101900,0.000000,1.259700,
0.00101920,0.000000,1.259700,
0.00101940,-0.002441,1.275947,
0.00101960,0.000000,1.292195,
0.00101980,0.000000,1.275947,
0.00102000,-0.002441,1.292195,
0.00102020,-0.002441,1.259700,
0.00102040,-0.002441,1.275947,
0.00102060,0.000000,1.292195,
0.00102080,-0.004883,1.275947,
0.00102100,0.000000,1.292195,
0.00102120,0.000000,1.275947,
0.00102140,0.000000,1.275947,
0.00102160,-0.002441,1.275947,
0.00102180,0.000000,1.292195,
0.00102200,0.000000,1.292195,
0.00102220,-0.002441,1.275947,
0.00102240,-0.002441,1.275947,
0.00102260,0.000000,1.275947,
0.00102280,0.000000,1.275947,
0.00102300,0.000000,1.275947,
0.00102320,0.000000,1.275947,
0.00102340,-0.002441,1.275947,
0.00102360,-0.002441,1.275947,
0.00102380,0.000000,1.275947,
0.00102400,-0.002441,1.275947,
0.00102420,0.000000,1.292195,
0.00102440,-0.002441,1.292195,
0.00102460,0.002441,1.292195,
0.00102480,0.000000,1.275947,
0.00102500,0.000000,1.259700,
0.00102520,-0.002441,1.259700,
0.00102540,0.000000,1.259700,
0.00102560,0.002441,1.292195,
0.00102580,0.000000,1.275947,
0.00102600,-0.002441,1.292195,
0.00102620,0.000000,1.275947,
0.00102640,0.000000,1.275947,
0.00102660,0.000000,1.259700,
0.00102680,-0.004883,1.259700,
0.00102700,0.000000,1.275947,
0.00102720,0.000000,1.259700,
0.00102740,0.002441,1.275947,
0.00102760,0.000000,1.275947,
0.00102780,0.000000,1.275947,
0.00102800,0.002441,1.275947,
0.00102820,-0.002441,1.259700,
0.00102840,-0.002441,1.259700,
0.00102860,0.000000,1.259700,
0.00102880,0.000000,1.275947,
0.00102900,0.000000,1.275947,
0.00102920,-0.002441,1.259700,
0.00102940,0.000000,1.275947,
0.00102960,-0.002441,1.275947,
0.00102980,-0.002441,1.259700,
0.00103000,-0.002441,1.275947,
0.00103020,0.000000,1.275947,
0.00103040,0.000000,1.275947,
0.00103060,0.000000,1.275947,
0.00103080,-0.002441,1.259700,
0.00103100,0.000000,1.275947,
0.00103120,-0.002441,1.275947,
0.00103140,-0.002441,1.243452,
0.00103160,-0.002441,1.275947,
0.00103180,-0.002441,1.275947,
0.00103200,0.000000,1.292195,
0.00103220,-0.002441,1.292195,
0.00103240,-0.002441,1.275947,
0.00103260,0.000000,1.275947,
0.00103280,0.000000,1.275947,
0.00103300,-0.002441,1.275947,
0.00103320,-0.002441,1.259700,
0.00103340,0.000000,1.259700,
0.00103360,0.000000,1.259700,
0.00103380,0.000000,1.259700,
0.00103400,-0.002441,1.275947,
0.00103420,0.000000,1.292195,
0.00103440,0.000000,1.275947,
0.00103460,-0.002441,1.275947,
0.00103480,-0.002441,1.259700,
0.00103500,-0.002441,1.259700,
0.00103520,-0.002441,1.275947,
0.00103540,0.000000,1.275947,
0.00103560,0.000000,1.259700,
0.00103580,-0.002441,1.259700,
0.00103600,-0.002441,1.275947,
0.00103620,-0.002441,1.275947,
0.00103640,-0.002441,1.275947,
0.00103660,-0.002441,1.259700,
0.00103680,0.000000,1.259700,
0.00103700,0.000000,1.259700,
0.00103720,-0.002441,1.275947,
0.00103740,-0.002441,1.275947,
0.00103760,0.000000,1.275947,
0.00103780,-0.002441,1.275947,
0.00103800,0.000000,1.259700,
0.00103820,-0.002441,1.259700,
0.00103840,0.002441,1.259700,
0.00103860,-0.002441,1.275947,
0.00103880,0.000000,1.275947,
0.00103900,-0.002441,1.275947,
0.00103920,-0.002441,1.275947,
0.00103940,-0.002441,1.275947,
0.00103960,-0.002441,1.275947,
0.00103980,0.000000,1.275947,
0.00104000,0.000000,1.292195,
0.00104020,-0.002441,1.275947,
0.00104040,0.000000,1.275947,
0.00104060,-0.002441,1.275947,
0.00104080,-0.002441,1.259700,
0.00104100,-0.002441,1.259700,
0.00104120,-0.002441,1.259700,
0.00104140,-0.002441,1.275947,
0.00104160,0.000000,1.292195,
0.00104180,0.000000,1.292195,
0.00104200,0.000000,1.275947,
0.00104220,0.000000,1.275947,
0.00104240,0.000000,1.275947,
0.00104260,-0.002441,1.275947,
0.00104280,-0.002441,1.259700,
0.00104300,-0.002441,1.259700,
0.00104320,-0.002441,1.275947,
0.00104340,-0.002441,1.275947,
0.00104360,0.000000,1.259700,
0.00104380,0.000000,1.275947,
0.00104400,-0.002441,1.275947,
0.00104420,0.000000,1.275947,
0.00104440,0.000000,1.259700,
0.00104460,-0.002441,1.259700,
0.00104480,0.000000,1.275947,
0.00104500,0.000000,1.275947,
0.00104520,0.000000,1.259700,
0.00104540,-0.002441,1.275947,
0.00104560,-0.002441,1.275947,
0.00104580,0.000000,1.275947,
0.00104600,-0.002441,1.259700,
0.00104620,-0.002441,1.275947,
0.00104640,-0.002441,1.275947,
0.00104660,0.000000,1.275947,
0.00104680,-0.002441,1.275947,
0.00104700,0.000000,1.275947,
0.00104720,-0.002441,1.275947,
0.00104740,-0.002441,1.259700,
0.00104760,0.000000,1.259700,
0.00104780,-0.002441,1.259700,
0.00104800,0.000000,1.275947,
0.00104820,0.000000,1.292195,
0.00104840,0.000000,1.275947,
0.00104860,0.002441,1.259700,
0.00104880,0.000000,1.275947,
0.00104900,-0.004883,1.259700,
0.00104920,-0.002441,1.259700,
0.00104940,0.000000,1.259700,
0.00104960,0.000000,1.275947,
0.00104980,-0.002441,1.275947,
0.00105000,0.000000,1.259700,
0.00105020,0.002441,1.275947,
0.00105040,-0.002441,1.259700,
0.00105060,-0.002441,1.259700,
0.00105080,-0.002441,1.259700,
0.00105100,-0.002441,1.259700,
0.00105120,0.000000,1.292195,
0.00105140,0.000000,1.292195,
0.00105160,-0.002441,1.275947,
0.00105180,0.000000,1.292195,
0.00105200,0.000000,1.275947,
0.00105220,-0.002441,1.259700,
0.00105240,0.000000,1.243452,
0.00105260,0.000000,1.259700,
0.00105280,0.000000,1.259700,
0.00105300,-0.002441,1.275947,
0.00105320,0.000000,1.275947,
0.00105340,-0.002441,1.259700,
0.00105360,-0.002441,1.275947,
0.00105380,-0.002441,1.275947,
0.00105400,-0.002441,1.259700,
0.00105420,-0.002441,1.259700,
0.00105440,-0.002441,1.259700,
0.00105460,0.000000,1.275947,
0.00105480,-0.002441,1.292195,
0.00105500,-0.002441,1.275947,
0.00105520,-0.002441,1.259700,
0.00105540,-0.002441,1.259700,
0.00105560,-0.002441,1.259700,
0.00105580,-0.002441,1.275947,
0.00105600,0.000000,1.275947,
0.00105620,-0.002441,1.259700,
0.00105640,0.000000,1.275947,
0.00105660,-0.002441,1.275947,
0.00105680,-0.002441,1.259700,
0.00105700,-0.002441,1.259700,
0.00105720,-0.002441,1.259700,
0.00105740,-0.002441,1.259700,
0.00105760,-0.002441,1.259700,
0.00105780,0.000000,1.259700,
0.00105800,-0.002441,1.259700,
0.00105820,-0.004883,1.275947,
0.00105840,0.000000,1.275947,
0.00105860,-0.002441,1.259700,
0.00105880,0.000000,1.275947,
0.00105900,-0.002441,1.259700,
0.00105920,0.000000,1.259700,
0.00105940,0.000000,1.259700,
0.00105960,0.000000,1.259700,
0.00105980,-0.002441,1.275947,
0.00106000,-0.002441,1.259700,
0.00106020,0.000000,1.259700,
0.00106040,0.000000,1.243452,
0.00106060,-0.002441,1.259700,
0.00106080,-0.002441,1.275947,
0.00106100,0.000000,1.275947,
0.00106120,0.000000,1.259700,
0.00106140,-0.002441,1.259700,
0.00106160,0.000000,1.243452,
0.00106180,-0.002441,1.259700,
0.00106200,-0.002441,1.259700,
0.00106220,-0.002441,1.275947,
0.00106240,0.000000,1.275947,
0.00106260,-0.002441,1.275947,
0.00106280,0.000000,1.275947,
0.00106300,-0.004883,1.259700,
0.00106320,0.000000,1.259700,
0.00106340,0.000000,1.259700,
0.00106360,-0.002441,1.243452,
0.00106380,0.000000,1.275947,
0.00106400,0.000000,1.275947,
0.00106420,0.000000,1.259700,
0.00106440,-0.002441,1.259700,
0.00106460,0.002441,1.275947,
0.00106480,0.000000,1.275947,
0.00106500,0.000000,1.275947,
0.00106520,-0.002441,1.259700,
0.00106540,0.000000,1.259700,
0.00106560,0.000000,1.259700,
0.00106580,-0.002441,1.275947,
0.00106600,0.000000,1.275947,
0.00106620,-0.002441,1.259700,
0.00106640,0.000000,1.259700,
0.00106660,0.000000,1.275947,
0.00106680,-0.002441,1.243452,
0.00106700,0.000000,1.259700,
0.00106720,0.000000,1.275947,
0.00106740,0.000000,1.275947,
0.00106760,-0.002441,1.275947,
0.00106780,0.000000,1.259700,
0.00106800,0.000000,1.259700,
0.00106820,0.000000,1.259700,
0.00106840,-0.002441,1.259700,
0.00106860,-0.002441,1.243452,
0.00106880,0.000000,1.243452,
0.00106900,-0.002441,1.259700,
0.00106920,-0.002441,1.259700,
0.00106940,0.000000,1.259700,
0.00106960,0.000000,1.275947,
0.00106980,0.000000,1.275947,
0.00107000,-0.002441,1.275947,
0.00107020,0.000000,1.275947,
0.00107040,0.000000,1.275947,
0.00107060,0.000000,1.259700,
0.00107080,0.000000,1.259700,
0.00107100,0.000000,1.259700,
0.00107120,0.000000,1.243452,
0.00107140,-0.002441,1.259700,
0.00107160,-0.002441,1.259700,
0.00107180,-0.002441,1.259700,
0.00107200,-0.002441,1.259700,
0.00107220,0.000000,1.259700,
0.00107240,0.000000,1.259700,
0.00107260,-0.002441,1.259700,
0.00107280,0.000000,1.259700,
0.00107300,-0.002441,1.243452,
0.00107320,-0.002441,1.243452,
0.00107340,-0.002441,1.259700,
0.00107360,-0.002441,1.259700,
0.00107380,0.000000,1.275947,
0.00107400,-0.002441,1.259700,
0.00107420,0.000000,1.259700,
0.00107440,-0.002441,1.259700,
0.00107460,0.000000,1.259700,
0.00107480,-0.002441,1.243452,
0.00107500,0.000000,1.259700,
0.00107520,0.000000,1.259700,
0.00107540,0.000000,1.275947,
0.00107560,0.000000,1.275947,
0.00107580,-0.002441,1.259700,
0.00107600,0.000000,1.259700,
0.00107620,-0.002441,1.259700,
0.00107640,-0.002441,1.259700,
0.00107660,-0.002441,1.259700,
0.00107680,0.000000,1.259700,
0.00107700,0.000000,1.275947,
0.00107720,0.000000,1.275947,
0.00107740,0.000000,1.259700,
0.00107760,0.000000,1.259700,
0.00107780,-0.002441,1.259700,
0.00107800,-0.002441,1.259700,
0.00107820,-0.002441,1.259700,
0.00107840,0.000000,1.275947,
0.00107860,-0.002441,1.259700,
0.00107880,0.000000,1.259700,
0.00107900,-0.002441,1.259700,
0.00107920,0.000000,1.275947,
0.00107940,0.000000,1.259700,
0.00107960,-0.002441,1.243452,
0.00107980,0.000000,1.243452,
0.00108000,-0.002441,1.259700,
0.00108020,0.000000,1.259700,
0.00108040,0.000000,1.275947,
0.00108060,-0.002441,1.259700,
0.00108080,0.000000,1.259700,
0.00108100,-0.002441,1.259700,
0.00108120,-0.002441,1.259700,
0.00108140,-0.002441,1.259700,
0.00108160,0.000000,1.275947,
0.00108180,-0.002441,1.259700,
0.00108200,-0.002441,1.259700,
0.00108220,-0.002441,1.259700,
0.00108240,-0.002441,1.275947,
0.00108260,-0.002441,1.259700,
0.00108280,-0.004883,1.243452,
0.00108300,-0.002441,1.259700,
0.00108320,-0.002441,1.275947,
0.00108340,-0.002441,1.259700,
0.00108360,0.000000,1.259700,
0.00108380,0.000000,1.259700,
0.00108400,0.000000,1.259700,
0.00108420,0.000000,1.259700,
0.00108440,-0.002441,1.259700,
0.00108460,-0.002441,1.243452,
0.00108480,0.000000,1.243452,
0.00108500,0.000000,1.259700,
0.00108520,0.000000,1.259700,
0.00108540,-0.002441,1.243452,
0.00108560,0.000000,1.243452,
0.00108580,0.000000,1.259700,
0.00108600,-0.002441,1.259700,
0.00108620,-0.002441,1.275947,
0.00108640,-0.002441,1.275947,
0.00108660,0.000000,1.275947,
0.00108680,-0.002441,1.259700,
0.00108700,0.000000,1.259700,
0.00108720,0.000000,1.259700,
0.00108740,-0.002441,1.243452,
0.00108760,-0.002441,1.243452,
0.00108780,0.000000,1.243452,
0.00108800,-0.002441,1.259700,
0.00108820,0.000000,1.275947,
0.00108840,-0.002441,1.275947,
0.00108860,-0.002441,1.275947,
0.00108880,0.000000,1.275947,
0.00108900,0.000000,1.259700,
0.00108920,-0.002441,1.259700,
0.00108940,-0.002441,1.259700,
0.00108960,0.000000,1.275947,
0.00108980,0.000000,1.259700,
0.00109000,0.000000,1.259700,
0.00109020,-0.002441,1.259700,
0.00109040,0.000000,1.259700,
0.00109060,0.000000,1.259700,
0.00109080,-0.002441,1.259700,
0.00109100,-0.002441,1.275947,
0.00109120,-0.002441,1.259700,
0.00109140,0.000000,1.259700,
0.00109160,0.000000,1.259700,
0.00109180,0.000000,1.275947,
0.00109200,-0.002441,1.275947,
0.00109220,0.000000,1.259700,
0.00109240,0.000000,1.259700,
0.00109260,-0.002441,1.259700,
0.00109280,-0.002441,1.259700,
0.00109300,-0.002441,1.259700,
0.00109320,0.000000,1.259700,
0.00109340,-0.002441,1.275947,
0.00109360,-0.002441,1.259700,
0.00109380,-0.002441,1.259700,
0.00109400,-0.002441,1.259700,
0.00109420,-0.002441,1.259700,
0.00109440,-0.002441,1.259700,
0.00109460,0.000000,1.259700,
0.00109480,0.000000,1.259700,
0.00109500,-0.002441,1.259700,
0.00109520,0.000000,1.275947,
0.00109540,-0.002441,1.259700,
0.00109560,0.000000,1.259700,
0.00109580,-0.002441,1.243452,
0.00109600,-0.002441,1.259700,
0.00109620,-0.002441,1.259700,
0.00109640,0.000000,1.275947,
0.00109660,-0.002441,1.259700,
0.00109680,0.000000,1.259700,
0.00109700,-0.002441,1.259700,
0.00109720,0.000000,1.259700,
0.00109740,-0.002441,1.259700,
0.00109760,0.000000,1.275947,
0.00109780,-0.002441,1.259700,
0.00109800,0.000000,1.259700,
0.00109820,-0.002441,1.259700,
0.00109840,0.000000,1.275947,
0.00109860,0.000000,1.275947,
0.00109880,-0.002441,1.259700,
0.00109900,-0.002441,1.243452,
0.00109920,-0.002441,1.259700,
0.00109940,0.000000,1.259700,
0.00109960,0.000000,1.259700,
0.00109980,-0.002441,1.259700,
0.00110000,0.000000,1.259700,
0.00110020,0.000000,1.259700,
0.00110040,-0.002441,1.259700,
0.00110060,-0.002441,1.259700,
0.00110080,0.000000,1.259700,
0.00110100,0.000000,1.259700,
0.00110120,0.000000,1.259700,
0.00110140,-0.002441,1.259700,
0.00110160,-0.002441,1.259700,
0.00110180,0.000000,1.275947,
0.00110200,-0.002441,1.259700,
0.00110220,-0.002441,1.243452,
0.00110240,-0.002441,1.259700,
0.00110260,-0.002441,1.259700,
0.00110280,0.000000,1.275947,
0.00110300,-0.002441,1.259700,
0.00110320,0.000000,1.243452,
0.00110340,-0.002441,1.243452,
0.00110360,-0.002441,1.259700,
0.00110380,-0.002441,1.259700,
0.00110400,0.000000,1.243452,
0.00110420,0.000000,1.243452,
0.00110440,0.000000,1.259700,
0.00110460,-0.002441,1.259700,
0.00110480,0.000000,1.259700,
0.00110500,0.000000,1.275947,
0.00110520,0.000000,1.275947,
0.00110540,-0.002441,1.259700,
0.00110560,-0.002441,1.243452,
0.00110580,0.000000,1.259700,
0.00110600,0.000000,1.243452,
0.00110620,-0.002441,1.243452,
0.00110640,0.002441,1.275947,
0.00110660,0.000000,1.275947,
0.00110680,-0.002441,1.259700,
0.00110700,-0.002441,1.259700,
0.00110720,-0.002441,1.259700,
0.00110740,0.000000,1.259700,
0.00110760,-0.002441,1.259700,
0.00110780,0.000000,1.259700,
0.00110800,-0.002441,1.259700,
0.00110820,0.000000,1.259700,
0.00110840,0.000000,1.259700,
0.00110860,-0.002441,1.259700,
0.00110880,-0.002441,1.259700,
0.00110900,0.000000,1.259700,
0.00110920,-0.002441,1.259700,
0.00110940,0.000000,1.259700,
0.00110960,-0.002441,1.243452,
0.00110980,0.000000,1.259700,
0.00111000,-0.002441,1.259700,
0.00111020,-0.002441,1.259700,
0.00111040,-0.002441,1.259700,
0.00111060,0.002441,1.259700,
0.00111080,0.000000,1.259700,
0.00111100,0.000000,1.259700,
0.00111120,-0.002441,1.243452,
0.00111140,0.000000,1.259700,
0.00111160,0.000000,1.259700,
0.00111180,-0.002441,1.259700,
0.00111200,0.000000,1.259700,
0.00111220,0.000000,1.275947,
0.00111240,-0.002441,1.259700,
0.00111260,-0.002441,1.259700,
0.00111280,0.000000,1.275947,
0.00111300,-0.004883,1.275947,
0.00111320,0.000000,1.275947,
0.00111340,-0.002441,1.259700,
0.00111360,-0.002441,1.259700,
0.00111380,-0.002441,1.259700,
0.00111400,0.000000,1.259700,
0.00111420,-0.002441,1.259700,
0.00111440,-0.002441,1.259700,
0.00111460,0.000000,1.275947,
0.00111480,-0.002441,1.259700,
0.00111500,-0.002441,1.259700,
0.00111520,-0.002441,1.275947,
0.00111540,0.002441,1.292195,
0.00111560,0.000000,1.259700,
0.00111580,-0.002441,1.243452,
0.00111600,-0.002441,1.259700,
0.00111620,-0.002441,1.275947,
0.00111640,-0.002441,1.275947,
0.00111660,-0.002441,1.259700,
0.00111680,-0.002441,1.243452,
0.00111700,-0.002441,1.259700,
0.00111720,-0.002441,1.259700,
0.00111740,-0.002441,1.259700,
0.00111760,-0.002441,1.259700,
0.00111780,-0.002441,1.259700,
0.00111800,0.000000,1.259700,
0.00111820,-0.002441,1.259700,
0.00111840,-0.002441,1.259700,
0.00111860,-0.002441,1.259700,
0.00111880,-0.002441,1.259700,
0.00111900,0.000000,1.259700,
0.00111920,-0.002441,1.259700,
0.00111940,-0.002441,1.275947,
0.00111960,-0.002441,1.275947,
0.00111980,-0.002441,1.259700,
0.00112000,-0.002441,1.259700,
0.00112020,0.000000,1.259700,
0.00112040,-0.002441,1.275947,
0.00112060,-0.002441,1.259700,
0.00112080,-0.002441,1.259700,
0.00112100,0.000000,1.259700,
0.00112120,0.000000,1.259700,
0.00112140,-0.002441,1.275947,
0.00112160,0.000000,1.275947,
0.00112180,0.000000,1.275947,
0.00112200,0.000000,1.275947,
0.00112220,0.000000,1.275947,
0.00112240,0.000000,1.259700,
0.00112260,0.000000,1.243452,
0.00112280,-0.002441,1.243452,
0.00112300,-0.002441,1.243452,
0.00112320,-0.002441,1.275947,
0.00112340,-0.002441,1.275947,
0.00112360,0.000000,1.275947,
0.00112380,0.000000,1.275947,
0.00112400,0.000000,1.259700,
0.00112420,0.000000,1.275947,
0.00112440,0.000000,1.275947,
0.00112460,-0.002441,1.275947,
0.00112480,0.000000,1.275947,
0.00112500,0.000000,1.275947,
0.00112520,-0.002441,1.259700,
0.00112540,-0.002441,1.259700,
0.00112560,0.000000,1.259700,
0.00112580,0.000000,1.275947,
0.00112600,0.000000,1.259700,
0.00112620,-0.002441,1.259700,
0.00112640,0.000000,1.275947,
0.00112660,-0.002441,1.275947,
0.00112680,0.000000,1.259700,
0.00112700,0.000000,1.259700,
0.00112720,-0.002441,1.259700,
0.00112740,0.000000,1.275947,
0.00112760,0.000000,1.275947,
0.00112780,-0.002441,1.259700,
0.00112800,-0.002441,1.259700,
0.00112820,0.000000,1.259700,
0.00112840,-0.002441,1.259700,
0.00112860,0.000000,1.275947,
0.00112880,-0.004883,1.275947,
0.00112900,0.000000,1.275947,
0.00112920,0.000000,1.259700,
0.00112940,-0.002441,1.259700,
0.00112960,0.000000,1.259700,
0.00112980,-0.002441,1.259700,
0.00113000,0.000000,1.275947,
0.00113020,0.000000,1.275947,
0.00113040,0.000000,1.275947,
0.00113060,-0.002441,1.259700,
0.00113080,0.000000,1.275947,
0.00113100,-0.002441,1.259700,
0.00113120,0.000000,1.259700,
0.00113140,0.000000,1.259700,
0.00113160,-0.002441,1.259700,
0.00113180,0.000000,1.275947,
0.00113200,-0.002441,1.275947,
0.00113220,-0.002441,1.259700,
0.00113240,0.000000,1.259700,
0.00113260,-0.002441,1.259700,
0.00113280,-0.002441,1.275947,
0.00113300,-0.002441,1.275947,
0.00113320,0.000000,1.259700,
0.00113340,-0.002441,1.259700,
0.00113360,0.000000,1.259700,
0.00113380,0.000000,1.275947,
0.00113400,0.000000,1.275947,
0.00113420,-0.002441,1.259700,
0.00113440,-0.002441,1.259700,
0.00113460,-0.002441,1.259700,
0.00113480,0.000000,1.275947,
0.00113500,-0.002441,1.275947,
0.00113520,-0.002441,1.275947,
0.00113540,0.000000,1.275947,
0.00113560,0.000000,1.259700,
0.00113580,-0.002441,1.259700,
0.00113600,-0.002441,1.259700,
0.00113620,-0.002441,1.275947,
0.00113640,0.000000,1.275947,
0.00113660,0.000000,1.275947,
0.00113680,-0.002441,1.259700,
0.00113700,-0.002441,1.259700,
0.00113720,0.000000,1.259700,
0.00113740,0.000000,1.275947,
0.00113760,-0.002441,1.275947,
0.00113780,-0.002441,1.275947,
0.00113800,-0.002441,1.292195,
0.00113820,0.000000,1.275947,
0.00113840,-0.002441,1.275947,
0.00113860,0.000000,1.259700,
0.00113880,0.000000,1.259700,
0.00113900,0.000000,1.243452,
0.00113920,-0.002441,1.259700,
0.00113940,0.000000,1.275947,
0.00113960,0.000000,1.275947,
0.00113980,-0.002441,1.275947,
0.00114000,0.000000,1.292195,
0.00114020,0.000000,1.292195,
0.00114040,0.000000,1.275947,
0.00114060,0.000000,1.259700,
0.00114080,-0.002441,1.243452,
0.00114100,-0.002441,1.243452,
0.00114120,0.000000,1.259700,
0.00114140,0.000000,1.275947,
0.00114160,-0.002441,1.292195,
0.00114180,0.000000,1.292195,
0.00114200,-0.002441,1.275947,
0.00114220,0.000000,1.275947,
0.00114240,0.000000,1.259700,
0.00114260,-0.002441,1.259700,
0.00114280,-0.002441,1.259700,
0.00114300,-0.002441,1.259700,
0.00114320,-0.002441,1.259700,
0.00114340,0.000000,1.292195,
0.00114360,0.000000,1.275947,
0.00114380,-0.002441,1.275947,
0.00114400,-0.002441,1.275947,
0.00114420,0.000000,1.275947,
0.00114440,0.000000,1.292195,
0.00114460,0.000000,1.292195,
0.00114480,0.000000,1.275947,
0.00114500,-0.002441,1.259700,
0.00114520,-0.002441,1.243452,
0.00114540,-0.002441,1.259700,
0.00114560,-0.002441,1.259700,
0.00114580,-0.002441,1.259700,
0.00114600,-0.002441,1.259700,
0.00114620,0.000000,1.292195,
0.00114640,-0.002441,1.275947,
0.00114660,0.000000,1.275947,
0.00114680,-0.002441,1.259700,
0.00114700,-0.002441,1.259700,
0.00114720,-0.002441,1.275947,
0.00114740,-0.002441,1.259700,
0.00114760,-0.002441,1.275947,
0.00114780,0.000000,1.275947,
0.00114800,-0.002441,1.275947,
0.00114820,0.000000,1.275947,
0.00114840,0.000000,1.259700,
0.00114860,-0.002441,1.259700,
0.00114880,0.000000,1.259700,
0.00114900,0.000000,1.275947,
0.00114920,-0.002441,1.259700,
0.00114940,0.000000,1.275947,
0.00114960,0.000000,1.275947,
0.00114980,0.002441,1.292195,
0.00115000,-0.002441,1.259700,
0.00115020,0.000000,1.259700,
0.00115040,-0.002441,1.243452,
0.00115060,0.000000,1.259700,
0.00115080,-0.002441,1.275947,
0.00115100,-0.002441,1.275947,
0.00115120,-0.002441,1.275947,
0.00115140,0.000000,1.275947,
0.00115160,0.000000,1.275947,
0.00115180,-0.002441,1.259700,
0.00115200,-0.002441,1.259700,
0.00115220,0.000000,1.275947,
0.00115240,0.000000,1.275947,
0.00115260,-0.002441,1.275947,
0.00115280,0.000000,1.275947,
0.00115300,-0.002441,1.259700,
0.00115320,0.000000,1.275947,
0.00115340,-0.002441,1.275947,
0.00115360,-0.002441,1.259700,
0.00115380,-0.002441,1.259700,
0.00115400,-0.002441,1.259700,
0.00115420,0.000000,1.275947,
0.00115440,0.000000,1.275947,
0.00115460,-0.002441,1.259700,
0.00115480,-0.002441,1.275947,
0.00115500,-0.002441,1.259700,
0.00115520,-0.002441,1.275947,
0.00115540,-0.002441,1.275947,
0.00115560,-0.002441,1.259700,
0.00115580,0.000000,1.259700,
0.00115600,-0.002441,1.259700,
0.00115620,0.000000,1.259700,
0.00115640,0.000000,1.275947,
0.00115660,-0.002441,1.292195,
0.00115680,-0.002441,1.292195,
0.00115700,-0.002441,1.275947,
0.00115720,0.000000,1.275947,
0.00115740,0.000000,1.259700,
0.00115760,-0.002441,1.259700,
0.00115780,0.002441,1.259700,
0.00115800,-0.002441,1.259700,
0.00115820,-0.002441,1.259700,
0.00115840,-0.004883,1.275947,
0.00115860,-0.002441,1.292195,
0.00115880,0.000000,1.292195,
0.00115900,-0.002441,1.292195,
0.00115920,0.000000,1.275947,
0.00115940,0.002441,1.259700,
0.00115960,0.000000,1.275947,
0.00115980,-0.002441,1.275947,
0.00116000,-0.002441,1.275947,
0.00116020,0.000000,1.275947,
0.00116040,0.000000,1.275947,
0.00116060,0.000000,1.259700,
0.00116080,0.000000,1.275947,
0.00116100,0.000000,1.275947,
0.00116120,-0.002441,1.275947,
0.00116140,-0.002441,1.275947,
0.00116160,-0.002441,1.259700,
0.00116180,-0.002441,1.259700,
0.00116200,0.000000,1.275947,
0.00116220,0.000000,1.275947,
0.00116240,0.000000,1.275947,
0.00116260,-0.002441,1.259700,
0.00116280,0.000000,1.259700,
0.00116300,-0.002441,1.259700,
0.00116320,-0.004883,1.275947,
0.00116340,-0.002441,1.275947,
0.00116360,0.000000,1.259700,
0.00116380,-0.002441,1.275947,
0.00116400,0.000000,1.292195,
0.00116420,0.000000,1.292195,
0.00116440,-0.002441,1.275947,
0.00116460,0.000000,1.275947,
0.00116480,-0.002441,1.259700,
0.00116500,-0.002441,1.259700,
0.00116520,-0.002441,1.275947,
0.00116540,0.000000,1.292195,
0.00116560,-0.002441,1.275947,
0.00116580,0.002441,1.275947,
0.00116600,-0.002441,1.275947,
0.00116620,-0.002441,1.275947,
0.00116640,0.000000,1.275947,
0.00116660,0.000000,1.275947,
0.00116680,0.000000,1.275947,
0.00116700,0.002441,1.259700,
0.00116720,0.000000,1.275947,
0.00116740,-0.004883,1.275947,
0.00116760,0.000000,1.292195,
0.00116780,-0.002441,1.275947,
0.00116800,-0.002441,1.259700,
0.00116820,0.000000,1.275947,
0.00116840,-0.002441,1.275947,
0.00116860,0.000000,1.275947,
0.00116880,-0.002441,1.275947,
0.00116900,-0.002441,1.275947,
0.00116920,0.000000,1.275947,
0.00116940,0.000000,1.275947,
0.00116960,-0.002441,1.259700,
0.00116980,-0.002441,1.259700,
0.00117000,0.000000,1.275947,
0.00117020,0.000000,1.275947,
0.00117040,-0.002441,1.275947,
0.00117060,0.000000,1.275947,
0.00117080,0.000000,1.275947,
0.00117100,-0.002441,1.259700,
0.00117120,-0.002441,1.275947,
0.00117140,-0.002441,1.275947,
0.00117160,-0.002441,1.275947,
0.00117180,0.000000,1.275947,
0.00117200,-0.002441,1.275947,
0.00117220,-0.002441,1.259700,
0.00117240,-0.002441,1.292195,
0.00117260,-0.002441,1.275947,
0.00117280,-0.002441,1.275947,
0.00117300,-0.002441,1.292195,
0.00117320,-0.002441,1.275947,
0.00117340,0.000000,1.292195,
0.00117360,0.000000,1.275947,
0.00117380,0.000000,1.259700,
0.00117400,0.000000,1.275947,
0.00117420,0.000000,1.259700,
0.00117440,-0.002441,1.259700,
0.00117460,0.000000,1.292195,
0.00117480,0.000000,1.275947,
0.00117500,0.000000,1.275947,
0.00117520,0.000000,1.292195,
0.00117540,-0.002441,1.275947,
0.00117560,-0.002441,1.292195,
0.00117580,-0.002441,1.275947,
0.00117600,-0.002441,1.275947,
0.00117620,-0.002441,1.259700,
0.00117640,0.000000,1.275947,
0.00117660,0.000000,1.275947,
0.00117680,0.000000,1.275947,
0.00117700,-0.002441,1.275947,
0.00117720,0.000000,1.292195,
0.00117740,-0.002441,1.292195,
0.00117760,-0.002441,1.275947,
0.00117780,0.000000,1.275947,
0.00117800,0.000000,1.259700,
0.00117820,0.000000,1.259700,
0.00117840,0.000000,1.275947,
0.00117860,0.000000,1.275947,
0.00117880,0.000000,1.275947,
0.00117900,0.000000,1.275947,
0.00117920,-0.002441,1.275947,
0.00117940,-0.002441,1.275947,
0.00117960,0.000000,1.275947,
0.00117980,0.000000,1.275947,
0.00118000,-0.002441,1.275947,
0.00118020,-0.002441,1.259700,
0.00118040,0.000000,1.275947,
0.00118060,0.000000,1.292195,
0.00118080,-0.004883,1.275947,
0.00118100,0.000000,1.275947,
0.00118120,0.000000,1.275947,
0.00118140,0.000000,1.259700,
0.00118160,-0.002441,1.259700,
0.00118180,-0.002441,1.259700,
0.00118200,0.000000,1.292195,
0.00118220,0.000000,1.275947,
0.00118240,-0.002441,1.275947,
0.00118260,-0.002441,1.275947,
0.00118280,0.000000,1.275947,
0.00118300,0.000000,1.275947,
0.00118320,0.000000,1.275947,
0.00118340,-0.002441,1.275947,
0.00118360,-0.002441,1.275947,
0.00118380,0.000000,1.275947,
0.00118400,-0.002441,1.259700,
0.00118420,0.000000,1.275947,
0.00118440,-0.002441,1.292195,
0.00118460,0.000000,1.275947,
0.00118480,-0.002441,1.259700,
0.00118500,-0.002441,1.259700,
0.00118520,0.000000,1.275947,
0.00118540,-0.002441,1.275947,
0.00118560,-0.002441,1.275947,
0.00118580,-0.002441,1.259700,
0.00118600,-0.002441,1.275947,
0.00118620,0.000000,1.292195,
0.00118640,-0.002441,1.275947,
0.00118660,0.000000,1.275947,
0.00118680,0.000000,1.259700,
0.00118700,-0.002441,1.259700,
0.00118720,-0.002441,1.259700,
0.00118740,0.000000,1.275947,
0.00118760,0.002441,1.292195,
0.00118780,0.000000,1.259700,
0.00118800,0.000000,1.275947,
0.00118820,-0.002441,1.259700,
0.00118840,0.000000,1.275947,
0.00118860,-0.002441,1.275947,
0.00118880,-0.002441,1.275947,
0.00118900,0.000000,1.275947,
0.00118920,0.000000,1.259700,
0.00118940,0.000000,1.259700,
0.00118960,-0.002441,1.259700,
0.00118980,0.000000,1.275947,
0.00119000,0.000000,1.275947,
0.00119020,-0.002441,1.259700,
0.00119040,-0.002441,1.259700,
0.00119060,0.000000,1.259700,
0.00119080,0.000000,1.259700,
0.00119100,0.000000,1.259700,
0.00119120,0.000000,1.259700,
0.00119140,-0.002441,1.275947,
0.00119160,0.000000,1.275947,
0.00119180,0.000000,1.292195,
0.00119200,-0.002441,1.275947,
0.00119220,-0.002441,1.259700,
0.00119240,-0.002441,1.243452,
0.00119260,0.000000,1.259700,
0.00119280,-0.002441,1.259700,
0.00119300,-0.002441,1.259700,
0.00119320,0.000000,1.259700,
0.00119340,0.000000,1.259700,
0.00119360,-0.002441,1.275947,
0.00119380,0.000000,1.275947,
0.00119400,-0.002441,1.275947,
0.00119420,0.000000,1.275947,
0.00119440,0.000000,1.259700,
0.00119460,0.000000,1.259700,
0.00119480,0.000000,1.259700,
0.00119500,-0.002441,1.275947,
0.00119520,0.000000,1.275947,
0.00119540,-0.002441,1.259700,
0.00119560,0.000000,1.259700,
0.00119580,-0.002441,1.259700,
0.00119600,-0.002441,1.275947,
0.00119620,0.000000,1.275947,
0.00119640,0.000000,1.275947,
0.00119660,-0.002441,1.259700,
0.00119680,-0.002441,1.259700,
0.00119700,-0.002441,1.259700,
0.00119720,0.000000,1.275947,
0.00119740,-0.002441,1.275947,
0.00119760,0.002441,1.292195,
0.00119780,-0.002441,1.259700,
0.00119800,0.000000,1.275947,
0.00119820,0.000000,1.275947,
0.00119840,-0.002441,1.259700,
0.00119860,-0.002441,1.259700,
0.00119880,0.000000,1.275947,
0.00119900,-0.002441,1.259700,
0.00119920,-0.002441,1.275947,
0.00119940,0.000000,1.275947,
0.00119960,-0.002441,1.259700,
0.00119980,-0.002441,1.275947,
0.00120000,-0.002441,1.275947,
0.00120020,-0.002441,1.275947,
0.00120040,0.000000,1.275947,
0.00120060,0.000000,1.275947,
0.00120080,0.000000,1.259700,
0.00120100,0.000000,1.259700,
0.00120120,-0.002441,1.275947,
0.00120140,-0.002441,1.275947,
0.00120160,-0.002441,1.259700,
0.00120180,-0.002441,1.259700,
0.00120200,-0.002441,1.275947,
0.00120220,0.000000,1.275947,
0.00120240,0.000000,1.275947,
0.00120260,-0.002441,1.259700,
0.00120280,0.000000,1.275947,
0.00120300,-0.002441,1.275947,
0.00120320,-0.002441,1.275947,
0.00120340,-0.002441,1.259700,
0.00120360,0.000000,1.275947,
0.00120380,-0.002441,1.259700,
0.00120400,0.000000,1.275947,
0.00120420,0.000000,1.259700,
0.00120440,0.000000,1.292195,
0.00120460,-0.002441,1.275947,
0.00120480,0.000000,1.275947,
0.00120500,-0.002441,1.259700,
0.00120520,0.000000,1.259700,
0.00120540,0.000000,1.275947,
0.00120560,0.000000,1.275947,
0.00120580,0.000000,1.259700,
0.00120600,-0.002441,1.275947,
0.00120620,0.000000,1.259700,
0.00120640,0.000000,1.292195,
0.00120660,-0.002441,1.275947,
0.00120680,-0.002441,1.275947,
0.00120700,0.000000,1.275947,
0.00120720,0.000000,1.292195,
0.00120740,-0.002441,1.275947,
0.00120760,0.000000,1.292195,
0.00120780,-0.002441,1.275947,
0.00120800,-0.002441,1.275947,
0.00120820,-0.002441,1.275947,
0.00120840,0.000000,1.275947,
0.00120860,-0.002441,1.259700,
0.00120880,0.000000,1.275947,
0.00120900,-0.002441,1.259700,
0.00120920,-0.002441,1.259700,
0.00120940,-0.002441,1.275947,
0.00120960,0.000000,1.275947,
0.00120980,-0.002441,1.275947,
0.00121000,-0.004883,1.292195,
0.00121020,0.000000,1.308443,
0.00121040,0.000000,1.308443,
0.00121060,-0.002441,1.292195,
0.00121080,0.002441,1.275947,
0.00121100,0.002441,1.259700,
0.00121120,-0.002441,1.259700,
0.00121140,-0.002441,1.259700,
0.00121160,-0.002441,1.275947,
0.00121180,0.000000,1.292195,
0.00121200,0.000000,1.292195,
0.00121220,0.000000,1.292195,
0.00121240,0.002441,1.292195,
0.00121260,-0.002441,1.275947,
0.00121280,-0.002441,1.275947,
0.00121300,-0.002441,1.275947,
0.00121320,-0.002441,1.275947,
0.00121340,0.000000,1.275947,
0.00121360,0.000000,1.275947,
0.00121380,0.000000,1.292195,
0.00121400,0.000000,1.292195,
0.00121420,0.000000,1.275947,
0.00121440,0.000000,1.275947,
0.00121460,-0.002441,1.275947,
0.00121480,-0.002441,1.275947,
0.00121500,0.000000,1.275947,
0.00121520,-0.002441,1.275947,
0.00121540,-0.002441,1.275947,
0.00121560,-0.002441,1.275947,
0.00121580,-0.002441,1.275947,
0.00121600,0.000000,1.292195,
0.00121620,-0.004883,1.275947,
0.00121640,-0.002441,1.275947,
0.00121660,0.000000,1.292195,
0.00121680,0.000000,1.275947,
0.00121700,-0.002441,1.275947,
0.00121720,-0.002441,1.259700,
0.00121740,0.000000,1.292195,
0.00121760,-0.002441,1.275947,
0.00121780,-0.002441,1.275947,
0.00121800,-0.002441,1.275947,
0.00121820,-0.002441,1.275947,
0.00121840,0.000000,1.292195,
0.00121860,-0.004883,1.275947,
0.00121880,0.000000,1.259700,
0.00121900,-0.002441,1.275947,
0.00121920,-0.002441,1.275947,
0.00121940,0.000000,1.275947,
0.00121960,-0.002441,1.275947,
0.00121980,0.000000,1.275947,
0.00122000,-0.002441,1.275947,
0.00122020,-0.002441,1.275947,
0.00122040,-0.002441,1.275947,
0.00122060,-0.002441,1.275947,
0.00122080,-0.002441,1.275947,
0.00122100,-0.004883,1.259700,
0.00122120,-0.002441,1.275947,
0.00122140,-0.002441,1.292195,
0.00122160,0.000000,1.275947,
0.00122180,-0.002441,1.275947,
0.00122200,-0.002441,1.275947,
0.00122220,-0.002441,1.275947,
0.00122240,-0.002441,1.275947,
0.00122260,0.000000,1.259700,
0.00122280,0.000000,1.275947,
0.00122300,0.000000,1.275947,
0.00122320,0.000000,1.275947,
0.00122340,0.000000,1.292195,
0.00122360,-0.002441,1.275947,
0.00122380,0.000000,1.275947,
0.00122400,-0.002441,1.275947,
0.00122420,0.000000,1.259700,
0.00122440,-0.002441,1.259700,
0.00122460,-0.002441,1.275947,
0.00122480,0.000000,1.292195,
0.00122500,0.000000,1.275947,
0.00122520,0.000000,1.275947,
0.00122540,0.000000,1.275947,
0.00122560,0.000000,1.275947,
0.00122580,-0.002441,1.259700,
0.00122600,0.000000,1.243452,
0.00122620,0.000000,1.259700,
0.00122640,-0.002441,1.259700,
0.00122660,-0.002441,1.275947,
0.00122680,0.000000,1.292195,
0.00122700,0.000000,1.308443,
0.00122720,0.000000,1.292195,
0.00122740,-0.002441,1.275947,
0.00122760,0.000000,1.243452,
0.00122780,0.000000,1.259700,
0.00122800,0.000000,1.259700,
0.00122820,-0.002441,1.275947,
0.00122840,-0.002441,1.275947,
0.00122860,0.000000,1.275947,
0.00122880,-0.002441,1.275947,
0.00122900,-0.002441,1.275947,
0.00122920,-0.004883,1.275947,
0.00122940,0.000000,1.292195,
0.00122960,-0.002441,1.275947,
0.00122980,0.000000,1.259700,
0.00123000,0.000000,1.259700,
0.00123020,0.000000,1.275947,
0.00123040,-0.002441,1.275947,
0.00123060,-0.002441,1.275947,
0.00123080,-0.002441,1.275947,
0.00123100,0.000000,1.292195,
0.00123120,0.000000,1.259700,
0.00123140,-0.002441,1.259700,
0.00123160,-0.002441,1.275947,
0.00123180,0.000000,1.292195,
0.00123200,-0.002441,1.275947,
0.00123220,-0.002441,1.275947,
0.00123240,-0.002441,1.275947,
0.00123260,0.000000,1.275947,
0.00123280,0.000000,1.275947,
0.00123300,-0.002441,1.259700,
0.00123320,0.000000,1.275947,
0.00123340,0.002441,1.292195,
0.00123360,0.000000,1.275947,
0.00123380,-0.002441,1.259700,
0.00123400,0.000000,1.259700,
0.00123420,0.000000,1.275947,
0.00123440,-0.002441,1.275947,
0.00123460,0.000000,1.275947,
0.00123480,0.000000,1.292195,
0.00123500,0.000000,1.275947,
0.00123520,0.000000,1.275947,
0.00123540,-0.002441,1.259700,
0.00123560,0.000000,1.259700,
0.00123580,0.000000,1.275947,
0.00123600,0.000000,1.275947,
0.00123620,0.000000,1.259700,
0.00123640,0.000000,1.259700,
0.00123660,-0.002441,1.275947,
0.00123680,-0.002441,1.275947,
0.00123700,-0.002441,1.275947,
0.00123720,-0.002441,1.259700,
0.00123740,0.000000,1.259700,
0.00123760,0.000000,1.259700,
0.00123780,-0.002441,1.275947,
0.00123800,-0.002441,1.259700,
0.00123820,0.000000,1.275947,
0.00123840,-0.002441,1.292195,
0.00123860,-0.002441,1.275947,
0.00123880,-0.002441,1.259700,
0.00123900,0.000000,1.259700,
0.00123920,0.000000,1.275947,
0.00123940,-0.002441,1.275947,
0.00123960,-0.004883,1.259700,
0.00123980,0.000000,1.275947,
0.00124000,0.000000,1.275947,
0.00124020,-0.002441,1.275947,
0.00124040,-0.002441,1.259700,
0.00124060,0.000000,1.275947,
0.00124080,-0.002441,1.275947,
0.00124100,0.000000,1.275947,
0.00124120,-0.002441,1.275947,
0.00124140,-0.002441,1.259700,
0.00124160,-0.002441,1.259700,
0.00124180,-0.002441,1.275947,
0.00124200,0.000000,1.275947,
0.00124220,-0.002441,1.275947,
0.00124240,0.000000,1.275947,
0.00124260,0.000000,1.292195,
0.00124280,0.000000,1.292195,
0.00124300,-0.002441,1.275947,
0.00124320,0.000000,1.275947,
0.00124340,-0.002441,1.259700,
0.00124360,-0.002441,1.259700,
0.00124380,-0.002441,1.275947,
0.00124400,0.000000,1.275947,
0.00124420,0.000000,1.275947,
0.00124440,-0.002441,1.259700,
0.00124460,-0.002441,1.259700,
0.00124480,0.000000,1.275947,
0.00124500,-0.002441,1.292195,
0.00124520,0.000000,1.292195,
0.00124540,0.000000,1.292195,
0.00124560,0.000000,1.275947,
0.00124580,0.000000,1.275947,
0.00124600,0.000000,1.275947,
0.00124620,-0.002441,1.259700,
0.00124640,0.000000,1.259700,
0.00124660,0.000000,1.275947,
0.00124680,-0.002441,1.292195,
0.00124700,-0.002441,1.292195,
0.00124720,0.000000,1.292195,
0.00124740,0.000000,1.292195,
0.00124760,0.000000,1.275947,
0.00124780,0.002441,1.292195,
0.00124800,-0.002441,1.275947,
0.00124820,0.002441,1.259700,
0.00124840,-0.002441,1.259700,
0.00124860,0.000000,1.275947,
0.00124880,0.000000,1.275947,
0.00124900,0.000000,1.292195,
0.00124920,-0.002441,1.275947,
0.00124940,0.000000,1.275947,
0.00124960,-0.002441,1.275947,
0.00124980,-0.002441,1.275947,
0.00125000,-0.002441,1.259700,
0.00125020,0.000000,1.275947,
0.00125040,0.000000,1.275947,
0.00125060,0.002441,1.292195,
0.00125080,0.000000,1.292195,
0.00125100,-0.002441,1.292195,
0.00125120,0.000000,1.275947,
0.00125140,-0.002441,1.259700,
0.00125160,0.000000,1.275947,
0.00125180,-0.002441,1.275947,
0.00125200,0.000000,1.292195,
0.00125220,0.000000,1.292195,
0.00125240,0.000000,1.275947,
0.00125260,-0.002441,1.275947,
0.00125280,-0.002441,1.275947,
0.00125300,-0.002441,1.275947,
0.00125320,-0.002441,1.275947,
0.00125340,0.000000,1.275947,
0.00125360,0.000000,1.275947,
0.00125380,0.000000,1.275947,
0.00125400,-0.002441,1.275947,
0.00125420,-0.002441,1.275947,
0.00125440,-0.002441,1.275947,
0.00125460,-0.002441,1.275947,
0.00125480,-0.002441,1.275947,
0.00125500,-0.002441,1.259700,
0.00125520,0.000000,1.259700,
0.00125540,-0.002441,1.275947,
0.00125560,0.000000,1.275947,
0.00125580,0.000000,1.308443,
0.00125600,0.000000,1.275947,
0.00125620,-0.002441,1.275947,
0.00125640,-0.002441,1.275947,
0.00125660,0.000000,1.292195,
0.00125680,0.000000,1.292195,
0.00125700,0.000000,1.259700,
0.00125720,0.000000,1.259700,
0.00125740,0.000000,1.292195,
0.00125760,-0.002441,1.275947,
0.00125780,0.000000,1.275947,
0.00125800,-0.002441,1.275947,
0.00125820,0.000000,1.275947,
0.00125840,-0.002441,1.292195,
0.00125860,0.000000,1.292195,
0.00125880,-0.002441,1.275947,
0.00125900,-0.002441,1.275947,
0.00125920,-0.002441,1.259700,
0.00125940,0.000000,1.275947,
0.00125960,0.000000,1.275947,
0.00125980,0.000000,1.275947,
0.00126000,0.000000,1.292195,
0.00126020,0.000000,1.275947,
0.00126040,0.000000,1.275947,
0.00126060,-0.002441,1.259700,
0.00126080,0.000000,1.275947,
0.00126100,-0.002441,1.259700,
0.00126120,0.000000,1.243452,
0.00126140,-0.002441,1.259700,
0.00126160,0.000000,1.292195,
0.00126180,0.000000,1.292195,
0.00126200,0.000000,1.308443,
0.00126220,0.000000,1.292195,
0.00126240,-0.002441,1.275947,
0.00126260,0.000000,1.259700,
0.00126280,0.000000,1.259700,
0.00126300,-0.002441,1.259700,
0.00126320,-0.002441,1.259700,
0.00126340,0.000000,1.275947,
0.00126360,-0.002441,1.292195,
0.00126380,0.002441,1.292195,
0.00126400,0.002441,1.292195,
0.00126420,-0.002441,1.275947,
0.00126440,0.000000,1.259700,
0.00126460,0.000000,1.259700,
0.00126480,0.000000,1.259700,
0.00126500,-0.002441,1.259700,
0.00126520,0.000000,1.259700,
0.00126540,0.002441,1.259700,
0.00126560,0.000000,1.275947,
0.00126580,-0.002441,1.275947,
0.00126600,0.000000,1.275947,
0.00126620,-0.002441,1.275947,
0.00126640,0.000000,1.275947,
0.00126660,0.000000,1.275947,
0.00126680,-0.002441,1.259700,
0.00126700,0.000000,1.275947,
0.00126720,0.000000,1.259700,
0.00126740,0.000000,1.275947,
0.00126760,-0.002441,1.259700,
0.00126780,-0.002441,1.275947,
0.00126800,0.000000,1.275947,
0.00126820,0.000000,1.259700,
0.00126840,0.000000,1.259700,
0.00126860,-0.002441,1.275947,
0.00126880,-0.002441,1.275947,
0.00126900,-0.002441,1.259700,
0.00126920,-0.002441,1.259700,
0.00126940,-0.002441,1.259700,
0.00126960,-0.002441,1.275947,
0.00126980,0.000000,1.292195,
0.00127000,0.000000,1.275947,
0.00127020,-0.002441,1.259700,
0.00127040,0.000000,1.259700,
0.00127060,-0.002441,1.259700,
0.00127080,-0.002441,1.259700,
0.00127100,-0.002441,1.275947,
0.00127120,0.000000,1.275947,
0.00127140,0.000000,1.275947,
0.00127160,0.000000,1.275947,
0.00127180,0.000000,1.275947,
0.00127200,0.000000,1.275947,
0.00127220,-0.002441,1.275947,
0.00127240,-0.002441,1.275947,
0.00127260,0.000000,1.259700,
0.00127280,0.000000,1.275947,
0.00127300,-0.002441,1.275947,
0.00127320,0.000000,1.275947,
0.00127340,-0.002441,1.259700,
0.00127360,0.000000,1.275947,
0.00127380,-0.002441,1.259700,
0.00127400,0.000000,1.259700,
0.00127420,-0.002441,1.259700,
0.00127440,0.000000,1.275947,
0.00127460,0.000000,1.259700,
0.00127480,0.000000,1.259700,
0.00127500,0.000000,1.259700,
0.00127520,-0.002441,1.275947,
0.00127540,-0.002441,1.292195,
0.00127560,-0.002441,1.259700,
0.00127580,0.000000,1.275947,
0.00127600,0.000000,1.275947,
0.00127620,0.000000,1.275947,
0.00127640,0.000000,1.275947,
0.00127660,-0.002441,1.259700,
0.00127680,0.000000,1.259700,
0.00127700,0.000000,1.259700,
0.00127720,-0.002441,1.259700,
0.00127740,-0.002441,1.275947,
0.00127760,0.000000,1.292195,
0.00127780,-0.002441,1.275947,
0.00127800,-0.002441,1.275947,
0.00127820,0.000000,1.275947,
0.00127840,0.000000,1.275947,
0.00127860,0.000000,1.275947,
0.00127880,-0.002441,1.259700,
0.00127900,0.000000,1.259700,
0.00127920,0.000000,1.275947,
0.00127940,0.000000,1.259700,
0.00127960,-0.002441,1.259700,
0.00127980,-0.002441,1.259700,
0.00128000,0.000000,1.292195,
0.00128020,-0.002441,1.275947,
0.00128040,-0.002441,1.275947,
0.00128060,-0.002441,1.275947,
0.00128080,0.000000,1.275947,
0.00128100,-0.002441,1.275947,
0.00128120,-0.002441,1.259700,
0.00128140,0.000000,1.275947,
0.00128160,0.000000,1.275947,
0.00128180,0.000000,1.259700,
0.00128200,-0.002441,1.259700,
0.00128220,-0.002441,1.275947,
0.00128240,0.000000,1.292195,
0.00128260,-0.002441,1.275947,
0.00128280,-0.002441,1.275947,
0.00128300,0.000000,1.259700,
0.00128320,0.000000,1.275947,
0.00128340,-0.002441,1.275947,
0.00128360,-0.002441,1.259700,
0.00128380,-0.002441,1.275947,
0.00128400,0.000000,1.275947,
0.00128420,-0.002441,1.275947,
0.00128440,-0.002441,1.275947,
0.00128460,-0.002441,1.275947,
0.00128480,0.002441,1.275947,
0.00128500,0.000000,1.259700,
0.00128520,-0.002441,1.275947,
0.00128540,-0.002441,1.275947,
0.00128560,0.000000,1.275947,
0.00128580,-0.002441,1.275947,
0.00128600,-0.002441,1.259700,
0.00128620,-0.002441,1.259700,
0.00128640,0.000000,1.275947,
0.00128660,-0.002441,1.275947,
0.00128680,-0.002441,1.275947,
0.00128700,0.000000,1.292195,
0.00128720,0.000000,1.275947,
0.00128740,0.002441,1.275947,
0.00128760,0.000000,1.275947,
0.00128780,-0.002441,1.275947,
0.00128800,0.000000,1.292195,
0.00128820,-0.002441,1.259700,
0.00128840,-0.002441,1.259700,
0.00128860,0.000000,1.275947,
0.00128880,-0.002441,1.275947,
0.00128900,0.000000,1.275947,
0.00128920,0.000000,1.275947,
0.00128940,-0.002441,1.275947,
0.00128960,-0.002441,1.292195,
0.00128980,-0.002441,1.275947,
0.00129000,-0.002441,1.275947,
0.00129020,-0.002441,1.259700,
0.00129040,-0.002441,1.275947,
0.00129060,-0.002441,1.275947,
0.00129080,0.000000,1.275947,
0.00129100,-0.002441,1.275947,
0.00129120,0.000000,1.275947,
0.00129140,-0.002441,1.275947,
0.00129160,-0.002441,1.275947,
0.00129180,-0.002441,1.275947,
0.00129200,0.000000,1.275947,
0.00129220,0.000000,1.275947,
0.00129240,-0.002441,1.259700,
0.00129260,0.000000,1.259700,
0.00129280,0.000000,1.292195,
0.00129300,-0.002441,1.292195,
0.00129320,-0.002441,1.275947,
0.00129340,-0.002441,1.275947,
0.00129360,0.000000,1.275947,
0.00129380,0.000000,1.275947,
0.00129400,-0.002441,1.275947,
0.00129420,-0.002441,1.259700,
0.00129440,0.000000,1.259700,
0.00129460,0.000000,1.292195,
0.00129480,-0.002441,1.275947,
0.00129500,-0.002441,1.259700,
0.00129520,-0.002441,1.259700,
0.00129540,0.000000,1.259700,
0.00129560,0.000000,1.259700,
0.00129580,-0.002441,1.259700,
0.00129600,-0.002441,1.243452,
0.00129620,0.000000,1.259700,
0.00129640,-0.002441,1.259700,
0.00129660,-0.002441,1.259700,
0.00129680,-0.002441,1.275947,
0.00129700,0.000000,1.292195,
0.00129720,0.000000,1.292195,
0.00129740,0.000000,1.292195,
0.00129760,-0.002441,1.275947,
0.00129780,0.000000,1.243452,
0.00129800,-0.002441,1.243452,
0.00129820,-0.002441,1.243452,
0.00129840,0.000000,1.259700,
0.00129860,0.000000,1.275947,
0.00129880,0.000000,1.292195,
0.00129900,0.000000,1.275947,
0.00129920,0.000000,1.275947,
0.00129940,0.000000,1.259700,
0.00129960,-0.002441,1.259700,
0.00129980,-0.004883,1.259700,
0.00130000,0.000000,1.259700,
0.00130020,0.000000,1.259700,
0.00130040,0.000000,1.259700,
0.00130060,0.000000,1.275947,
0.00130080,0.000000,1.275947,
0.00130100,0.000000,1.275947,
0.00130120,0.000000,1.259700,
0.00130140,-0.002441,1.259700,
0.00130160,0.000000,1.259700,
0.00130180,0.000000,1.259700,
0.00130200,0.000000,1.259700,
0.00130220,0.000000,1.259700,
0.00130240,-0.002441,1.275947,
0.00130260,0.000000,1.275947,
0.00130280,-0.002441,1.275947,
0.00130300,-0.002441,1.259700,
0.00130320,0.000000,1.259700,
0.00130340,0.000000,1.259700,
0.00130360,0.000000,1.259700,
0.00130380,-0.002441,1.259700,
0.00130400,-0.002441,1.275947,
0.00130420,-0.002441,1.259700,
0.00130440,0.000000,1.259700,
0.00130460,-0.002441,1.259700,
0.00130480,-0.002441,1.259700,
0.00130500,0.000000,1.275947,
0.00130520,0.000000,1.259700,
0.00130540,0.000000,1.259700,
0.00130560,0.000000,1.259700,
0.00130580,-0.002441,1.259700,
0.00130600,-0.002441,1.259700,
0.00130620,-0.002441,1.259700,
0.00130640,0.000000,1.259700,
0.00130660,0.000000,1.275947,
0.00130680,-0.002441,1.259700,
0.00130700,-0.002441,1.259700,
0.00130720,0.000000,1.275947,
0.00130740,-0.002441,1.259700,
0.00130760,-0.002441,1.259700,
0.00130780,-0.002441,1.259700,
0.00130800,0.000000,1.259700,
0.00130820,0.000000,1.259700,
0.00130840,-0.002441,1.259700,
0.00130860,-0.002441,1.259700,
0.00130880,0.000000,1.259700,
0.00130900,-0.002441,1.259700,
0.00130920,0.000000,1.259700,
0.00130940,0.000000,1.259700,
0.00130960,-0.002441,1.243452,
0.00130980,0.002441,1.259700,
0.00131000,-0.002441,1.259700,
0.00131020,-0.002441,1.243452,
0.00131040,-0.002441,1.275947,
0.00131060,0.000000,1.275947,
0.00131080,0.002441,1.259700,
0.00131100,-0.002441,1.243452,
0.00131120,-0.002441,1.259700,
0.00131140,0.000000,1.259700,
0.00131160,0.000000,1.259700,
0.00131180,0.000000,1.259700,
0.00131200,-0.002441,1.243452,
0.00131220,0.000000,1.259700,
0.00131240,0.000000,1.259700,
0.00131260,-0.002441,1.259700,
0.00131280,0.000000,1.259700,
0.00131300,0.000000,1.275947,
0.00131320,0.002441,1.275947,
0.00131340,-0.002441,1.259700,
0.00131360,-0.002441,1.259700,
0.00131380,-0.002441,1.259700,
0.00131400,-0.002441,1.243452,
0.00131420,-0.002441,1.259700,
0.00131440,-0.002441,1.243452,
0.00131460,0.000000,1.243452,
0.00131480,0.000000,1.259700,
0.00131500,-0.002441,1.259700,
0.00131520,0.000000,1.275947,
0.00131540,0.000000,1.275947,
0.00131560,0.000000,1.275947,
0.00131580,-0.002441,1.259700,
0.00131600,0.000000,1.243452,
0.00131620,0.000000,1.259700,
0.00131640,0.000000,1.259700,
0.00131660,-0.002441,1.259700,
0.00131680,0.002441,1.275947,
0.00131700,-0.002441,1.259700,
0.00131720,-0.002441,1.259700,
0.00131740,-0.004883,1.259700,
0.00131760,-0.002441,1.259700,
0.00131780,0.000000,1.259700,
0.00131800,-0.002441,1.275947,
0.00131820,-0.002441,1.275947,
0.00131840,0.002441,1.259700,
0.00131860,0.000000,1.259700,
0.00131880,-0.002441,1.259700,
0.00131900,-0.002441,1.259700,
0.00131920,0.000000,1.259700,
0.00131940,-0.002441,1.259700,
0.00131960,0.000000,1.259700,
0.00131980,-0.002441,1.259700,
0.00132000,-0.002441,1.259700,
0.00132020,0.000000,1.259700,
0.00132040,0.000000,1.275947,
0.00132060,-0.002441,1.275947,
0.00132080,0.000000,1.259700,
0.00132100,0.000000,1.259700,
0.00132120,0.000000,1.259700,
0.00132140,0.000000,1.259700,
0.00132160,-0.002441,1.259700,
0.00132180,0.000000,1.259700,
0.00132200,-0.002441,1.259700,
0.00132220,-0.002441,1.259700,
0.00132240,-0.002441,1.259700,
0.00132260,-0.002441,1.259700,
0.00132280,0.000000,1.243452,
0.00132300,0.000000,1.259700,
0.00132320,0.000000,1.275947,
0.00132340,-0.002441,1.275947,
0.00132360,-0.002441,1.259700,
0.00132380,0.000000,1.259700,
0.00132400,0.000000,1.259700,
0.00132420,0.000000,1.275947,
0.00132440,0.000000,1.275947,
0.00132460,0.000000,1.259700,
0.00132480,0.002441,1.259700,
0.00132500,-0.002441,1.259700,
0.00132520,0.000000,1.259700,
0.00132540,0.000000,1.243452,
0.00132560,-0.002441,1.259700,
0.00132580,-0.002441,1.259700,
0.00132600,0.000000,1.275947,
0.00132620,0.000000,1.275947,
0.00132640,-0.002441,1.259700,
0.00132660,-0.002441,1.275947,
0.00132680,-0.002441,1.275947,
0.00132700,-0.002441,1.259700,
0.00132720,-0.002441,1.243452,
0.00132740,0.000000,1.259700,
0.00132760,0.000000,1.275947,
0.00132780,0.000000,1.259700,
0.00132800,-0.002441,1.259700,
0.00132820,-0.002441,1.259700,
0.00132840,-0.002441,1.275947,
0.00132860,-0.002441,1.259700,
0.00132880,-0.002441,1.275947,
0.00132900,0.000000,1.259700,
0.00132920,0.000000,1.259700,
0.00132940,0.000000,1.259700,
0.00132960,-0.002441,1.259700,
0.00132980,0.000000,1.259700,
0.00133000,-0.002441,1.275947,
0.00133020,-0.002441,1.259700,
0.00133040,-0.002441,1.259700,
0.00133060,0.000000,1.259700,
0.00133080,0.000000,1.259700,
0.00133100,0.000000,1.259700,
0.00133120,0.000000,1.243452,
0.00133140,-0.002441,1.243452,
0.00133160,0.000000,1.243452,
0.00133180,0.000000,1.259700,
0.00133200,0.000000,1.292195,
0.00133220,0.000000,1.292195,
0.00133240,0.000000,1.292195,
0.00133260,0.000000,1.259700,
0.00133280,-0.002441,1.243452,
0.00133300,0.000000,1.259700,
0.00133320,0.000000,1.243452,
0.00133340,-0.002441,1.243452,
0.00133360,0.000000,1.259700,
0.00133380,0.000000,1.292195,
0.00133400,0.000000,1.292195,
0.00133420,-0.002441,1.275947,
0.00133440,-0.002441,1.275947,
0.00133460,0.000000,1.275947,
0.00133480,-0.002441,1.259700,
0.00133500,-0.002441,1.243452,
0.00133520,-0.002441,1.259700,
0.00133540,-0.002441,1.259700,
0.00133560,0.000000,1.259700,
0.00133580,-0.002441,1.259700,
0.00133600,0.000000,1.275947,
0.00133620,0.002441,1.275947,
0.00133640,0.000000,1.259700,
0.00133660,-0.002441,1.243452,
0.00133680,-0.002441,1.259700,
0.00133700,0.000000,1.259700,
0.00133720,0.000000,1.259700,
0.00133740,0.000000,1.259700,
0.00133760,0.000000,1.259700,
0.00133780,0.000000,1.259700,
0.00133800,0.000000,1.259700,
0.00133820,-0.002441,1.259700,
0.00133840,-0.002441,1.259700,
0.00133860,0.000000,1.259700,
0.00133880,0.000000,1.243452,
0.00133900,-0.002441,1.243452,
0.00133920,0.000000,1.259700,
0.00133940,0.000000,1.259700,
0.00133960,0.000000,1.259700,
0.00133980,-0.002441,1.259700,
0.00134000,-0.002441,1.259700,
0.00134020,0.000000,1.259700,
0.00134040,0.000000,1.259700,
0.00134060,0.000000,1.259700,
0.00134080,0.000000,1.259700,
0.00134100,-0.002441,1.243452,
0.00134120,0.000000,1.259700,
0.00134140,-0.002441,1.243452,
0.00134160,0.000000,1.243452,
0.00134180,-0.002441,1.259700,
0.00134200,0.000000,1.259700,
0.00134220,-0.002441,1.259700,
0.00134240,-0.002441,1.259700,
0.00134260,-0.002441,1.243452,
0.00134280,-0.002441,1.243452,
0.00134300,-0.002441,1.243452,
0.00134320,0.000000,1.243452,
0.00134340,0.000000,1.243452,
0.00134360,0.000000,1.259700,
0.00134380,0.000000,1.259700,
0.00134400,0.000000,1.259700,
0.00134420,0.000000,1.243452,
0.00134440,-0.002441,1.259700,
0.00134460,-0.002441,1.243452,
0.00134480,-0.002441,1.259700,
0.00134500,-0.002441,1.259700,
0.00134520,0.000000,1.259700,
0.00134540,0.000000,1.243452,
0.00134560,0.000000,1.243452,
0.00134580,0.000000,1.243452,
0.00134600,-0.002441,1.243452,
0.00134620,0.000000,1.259700,
0.00134640,0.000000,1.275947,
0.00134660,0.000000,1.275947,
0.00134680,0.000000,1.243452,
0.00134700,-0.002441,1.243452,
0.00134720,0.000000,1.243452,
0.00134740,0.000000,1.259700,
0.00134760,0.000000,1.243452,
0.00134780,-0.002441,1.243452,
0.00134800,-0.002441,1.243452,
0.00134820,0.000000,1.259700,
0.00134840,0.000000,1.259700,
0.00134860,0.000000,1.259700,
0.00134880,-0.002441,1.275947,
0.00134900,0.000000,1.259700,
0.00134920,0.000000,1.243452,
0.00134940,0.002441,1.243452,
0.00134960,-0.002441,1.227205,
0.00134980,-0.002441,1.243452,
0.00135000,0.002441,1.259700,
0.00135020,0.000000,1.259700,
0.00135040,-0.002441,1.259700,
0.00135060,0.000000,1.275947,
0.00135080,0.000000,1.275947,
0.00135100,0.000000,1.259700,
0.00135120,-0.002441,1.243452,
0.00135140,0.000000,1.243452,
0.00135160,0.000000,1.243452,
0.00135180,-0.002441,1.243452,
0.00135200,-0.002441,1.243452,
0.00135220,0.000000,1.259700,
0.00135240,-0.002441,1.243452,
0.00135260,0.000000,1.259700,
0.00135280,-0.002441,1.259700,
0.00135300,0.000000,1.259700,
0.00135320,0.000000,1.243452,
0.00135340,-0.002441,1.243452,
0.00135360,0.000000,1.243452,
0.00135380,0.000000,1.243452,
0.00135400,0.000000,1.259700,
0.00135420,-0.002441,1.259700,
0.00135440,-0.002441,1.259700,
0.00135460,-0.002441,1.243452,
0.00135480,0.000000,1.243452,
0.00135500,-0.002441,1.259700,
0.00135520,-0.002441,1.259700,
0.00135540,0.000000,1.259700,
0.00135560,0.000000,1.243452,
0.00135580,-0.002441,1.243452,
0.00135600,-0.002441,1.243452,
0.00135620,-0.002441,1.243452,
0.00135640,0.000000,1.243452,
0.00135660,0.000000,1.259700,
0.00135680,0.000000,1.259700,
0.00135700,0.000000,1.259700,
0.00135720,-0.002441,1.259700,
0.00135740,-0.002441,1.243452,
0.00135760,-0.002441,1.243452,
0.00135780,0.000000,1.243452,
0.00135800,0.000000,1.259700,
0.00135820,0.000000,1.259700,
0.00135840,0.000000,1.243452,
0.00135860,0.000000,1.259700,
0.00135880,-0.002441,1.243452,
0.00135900,-0.002441,1.243452,
0.00135920,-0.002441,1.243452,
0.00135940,-0.002441,1.243452,
0.00135960,0.000000,1.243452,
0.00135980,0.000000,1.243452,
0.00136000,0.000000,1.243452,
0.00136020,-0.002441,1.259700,
0.00136040,0.000000,1.259700,
0.00136060,-0.002441,1.259700,
0.00136080,-0.002441,1.243452,
0.00136100,-0.002441,1.243452,
0.00136120,0.000000,1.243452,
0.00136140,-0.002441,1.243452,
0.00136160,-0.002441,1.243452,
0.00136180,0.000000,1.259700,
0.00136200,0.000000,1.259700,
0.00136220,-0.002441,1.259700,
0.00136240,-0.002441,1.243452,
0.00136260,-0.002441,1.243452,
0.00136280,0.000000,1.243452,
0.00136300,0.000000,1.259700,
0.00136320,-0.002441,1.259700,
0.00136340,-0.002441,1.259700,
0.00136360,0.000000,1.243452,
0.00136380,-0.002441,1.243452,
0.00136400,-0.002441,1.243452,
0.00136420,0.000000,1.259700,
0.00136440,0.000000,1.243452,
0.00136460,0.000000,1.259700,
0.00136480,0.000000,1.259700,
0.00136500,-0.002441,1.259700,
0.00136520,-0.002441,1.259700,
0.00136540,0.000000,1.243452,
0.00136560,-0.002441,1.243452,
0.00136580,0.000000,1.243452,
0.00136600,-0.002441,1.259700,
0.00136620,0.000000,1.243452,
0.00136640,0.000000,1.227205,
0.00136660,-0.002441,1.243452,
0.00136680,0.000000,1.243452,
0.00136700,-0.002441,1.259700,
0.00136720,0.000000,1.275947,
0.00136740,0.000000,1.275947,
0.00136760,0.000000,1.275947,
0.00136780,0.000000,1.243452,
0.00136800,0.000000,1.227205,
0.00136820,-0.002441,1.243452,
0.00136840,0.000000,1.243452,
0.00136860,0.002441,1.243452,
0.00136880,-0.002441,1.243452,
0.00136900,0.000000,1.243452,
0.00136920,0.000000,1.259700,
0.00136940,0.000000,1.259700,
0.00136960,0.000000,1.275947,
0.00136980,0.000000,1.259700,
0.00137000,0.000000,1.243452,
0.00137020,0.000000,1.243452,
0.00137040,-0.002441,1.243452,
0.00137060,0.000000,1.243452,
0.00137080,0.000000,1.259700,
0.00137100,0.000000,1.259700,
0.00137120,0.000000,1.259700,
0.00137140,0.004883,1.259700,
0.00137160,0.000000,1.243452,
0.00137180,-0.002441,1.243452,
0.00137200,-0.002441,1.259700,
0.00137220,0.000000,1.259700,
0.00137240,0.002441,1.259700,
0.00137260,0.000000,1.259700,
0.00137280,-0.002441,1.259700,
0.00137300,0.002441,1.259700,
0.00137320,0.000000,1.243452,
0.00137340,0.000000,1.259700,
0.00137360,-0.002441,1.243452,
0.00137380,-0.002441,1.243452,
0.00137400,0.000000,1.243452,
0.00137420,0.000000,1.259700,
0.00137440,-0.002441,1.259700,
0.00137460,0.000000,1.259700,
0.00137480,0.000000,1.243452,
0.00137500,0.000000,1.259700,
0.00137520,-0.002441,1.259700,
0.00137540,-0.002441,1.259700,
0.00137560,0.000000,1.259700,
0.00137580,0.000000,1.243452,
0.00137600,-0.002441,1.243452,
0.00137620,-0.002441,1.243452,
0.00137640,0.000000,1.259700,
0.00137660,0.000000,1.259700,
0.00137680,0.000000,1.259700,
0.00137700,0.000000,1.243452,
0.00137720,-0.002441,1.259700,
0.00137740,0.000000,1.259700,
0.00137760,-0.002441,1.259700,
0.00137780,-0.002441,1.259700,
0.00137800,-0.002441,1.243452,
0.00137820,-0.002441,1.243452,
0.00137840,-0.002441,1.243452,
0.00137860,-0.002441,1.243452,
0.00137880,-0.002441,1.259700,
0.00137900,0.000000,1.243452,
0.00137920,-0.002441,1.243452,
0.00137940,0.000000,1.259700,
0.00137960,-0.002441,1.259700,
0.00137980,0.000000,1.243452,
0.00138000,-0.002441,1.243452,
0.00138020,-0.002441,1.243452,
0.00138040,0.002441,1.259700,
0.00138060,0.000000,1.259700,
0.00138080,0.000000,1.243452,
0.00138100,-0.004883,1.243452,
0.00138120,0.000000,1.243452,
0.00138140,0.000000,1.259700,
0.00138160,-0.002441,1.243452,
0.00138180,0.000000,1.259700,
0.00138200,-0.002441,1.243452,
0.00138220,0.000000,1.243452,
0.00138240,0.000000,1.259700,
0.00138260,-0.002441,1.259700,
0.00138280,0.000000,1.259700,
0.00138300,-0.002441,1.243452,
0.00138320,-0.002441,1.243452,
0.00138340,0.000000,1.243452,
0.00138360,0.000000,1.259700,
0.00138380,0.000000,1.275947,
0.00138400,-0.002441,1.259700,
0.00138420,-0.002441,1.243452,
0.00138440,0.000000,1.227205,
0.00138460,-0.002441,1.227205,
0.00138480,-0.002441,1.227205,
0.00138500,-0.002441,1.227205,
0.00138520,-0.002441,1.243452,
0.00138540,0.000000,1.275947,
0.00138560,-0.002441,1.275947,
0.00138580,-0.004883,1.259700,
0.00138600,-0.002441,1.259700,
0.00138620,0.000000,1.243452,
0.00138640,-0.002441,1.243452,
0.00138660,-0.002441,1.243452,
0.00138680,-0.002441,1.227205,
0.00138700,0.000000,1.243452,
0.00138720,0.000000,1.243452,
0.00138740,0.000000,1.243452,
0.00138760,0.000000,1.259700,
0.00138780,-0.002441,1.259700,
0.00138800,-0.002441,1.259700,
0.00138820,0.000000,1.259700,
0.00138840,0.000000,1.243452,
0.00138860,0.000000,1.243452,
0.00138880,0.000000,1.243452,
0.00138900,-0.002441,1.243452,
0.00138920,-0.002441,1.243452,
0.00138940,0.000000,1.243452,
0.00138960,-0.002441,1.243452,
0.00138980,-0.002441,1.259700,
0.00139000,0.000000,1.243452,
0.00139020,0.000000,1.243452,
0.00139040,0.000000,1.243452,
0.00139060,-0.004883,1.243452,
0.00139080,0.000000,1.259700,
0.00139100,0.000000,1.243452,
0.00139120,-0.002441,1.243452,
0.00139140,-0.002441,1.243452,
0.00139160,0.000000,1.243452,
0.00139180,0.000000,1.259700,
0.00139200,-0.002441,1.259700,
0.00139220,0.000000,1.259700,
0.00139240,0.000000,1.259700,
0.00139260,-0.002441,1.243452,
0.00139280,-0.002441,1.243452,
0.00139300,-0.002441,1.243452,
0.00139320,-0.002441,1.259700,
0.00139340,0.000000,1.259700,
0.00139360,0.000000,1.259700,
0.00139380,-0.002441,1.243452,
0.00139400,0.002441,1.259700,
0.00139420,0.000000,1.259700,
0.00139440,-0.002441,1.259700,
0.00139460,0.000000,1.243452,
0.00139480,0.000000,1.243452,
0.00139500,0.000000,1.259700,
0.00139520,-0.002441,1.259700,
0.00139540,0.000000,1.259700,
0.00139560,0.000000,1.243452,
0.00139580,0.000000,1.259700,
0.00139600,-0.002441,1.259700,
0.00139620,-0.002441,1.243452,
0.00139640,0.000000,1.259700,
0.00139660,0.000000,1.259700,
0.00139680,-0.002441,1.243452,
0.00139700,0.000000,1.259700,
0.00139720,0.000000,1.259700,
0.00139740,0.000000,1.259700,
0.00139760,-0.002441,1.259700,
0.00139780,0.002441,1.243452,
0.00139800,0.000000,1.243452,
0.00139820,0.000000,1.243452,
0.00139840,0.000000,1.259700,
0.00139860,0.000000,1.243452,
0.00139880,0.000000,1.243452,
0.00139900,0.000000,1.243452,
0.00139920,-0.002441,1.243452,
0.00139940,-0.002441,1.243452,
0.00139960,-0.002441,1.259700,
0.00139980,0.000000,1.259700,
0.00140000,-0.002441,1.259700,
0.00140020,-0.002441,1.243452,
0.00140040,0.000000,1.243452,
0.00140060,-0.002441,1.243452,
0.00140080,-0.002441,1.259700,
0.00140100,-0.002441,1.243452,
0.00140120,0.000000,1.259700,
0.00140140,0.000000,1.243452,
0.00140160,0.000000,1.227205,
0.00140180,-0.002441,1.243452,
0.00140200,0.002441,1.259700,
0.00140220,-0.002441,1.275947,
0.00140240,0.000000,1.292195,
0.00140260,-0.002441,1.259700,
0.00140280,0.000000,1.243452,
0.00140300,0.000000,1.243452,
0.00140320,0.000000,1.227205,
0.00140340,0.000000,1.243452,
0.00140360,0.000000,1.259700,
0.00140380,-0.002441,1.259700,
0.00140400,-0.002441,1.259700,
0.00140420,-0.002441,1.259700,
0.00140440,-0.002441,1.259700,
0.00140460,-0.002441,1.259700,
0.00140480,0.000000,1.259700,
0.00140500,0.000000,1.243452,
0.00140520,-0.002441,1.259700,
0.00140540,0.000000,1.259700,
0.00140560,0.000000,1.259700,
0.00140580,-0.002441,1.259700,
0.00140600,0.000000,1.259700,
0.00140620,0.000000,1.259700,
0.00140640,0.000000,1.259700,
0.00140660,0.000000,1.259700,
0.00140680,0.000000,1.243452,
0.00140700,-0.002441,1.243452,
0.00140720,0.000000,1.259700,
0.00140740,-0.002441,1.259700,
0.00140760,0.002441,1.275947,
0.00140780,0.000000,1.259700,
0.00140800,-0.002441,1.243452,
0.00140820,0.000000,1.259700,
0.00140840,0.000000,1.243452,
0.00140860,0.000000,1.259700,
0.00140880,-0.002441,1.259700,
0.00140900,0.000000,1.259700,
0.00140920,0.002441,1.259700,
0.00140940,0.000000,1.243452,
0.00140960,0.000000,1.259700,
0.00140980,0.000000,1.259700,
0.00141000,0.000000,1.259700,
0.00141020,0.000000,1.259700,
0.00141040,-0.002441,1.259700,
0.00141060,-0.002441,1.259700,
0.00141080,0.000000,1.259700,
0.00141100,-0.002441,1.259700,
0.00141120,0.000000,1.259700,
0.00141140,-0.002441,1.243452,
0.00141160,0.002441,1.275947,
0.00141180,-0.002441,1.259700,
0.00141200,-0.002441,1.259700,
0.00141220,-0.002441,1.259700,
0.00141240,0.000000,1.259700,
0.00141260,0.000000,1.259700,
0.00141280,-0.002441,1.259700,
0.00141300,-0.002441,1.259700,
0.00141320,0.000000,1.259700,
0.00141340,0.000000,1.259700,
0.00141360,-0.002441,1.259700,
0.00141380,-0.002441,1.259700,
0.00141400,0.000000,1.259700,
0.00141420,0.000000,1.259700,
0.00141440,0.000000,1.259700,
0.00141460,-0.002441,1.259700,
0.00141480,-0.002441,1.259700,
0.00141500,-0.002441,1.259700,
0.00141520,-0.002441,1.259700,
0.00141540,-0.002441,1.259700,
0.00141560,-0.002441,1.259700,
0.00141580,0.000000,1.259700,
0.00141600,-0.002441,1.243452,
0.00141620,-0.002441,1.259700,
0.00141640,-0.004883,1.243452,
0.00141660,0.000000,1.259700,
0.00141680,-0.002441,1.259700,
0.00141700,-0.002441,1.259700,
0.00141720,0.000000,1.259700,
0.00141740,-0.002441,1.259700,
0.00141760,0.000000,1.259700,
0.00141780,0.000000,1.243452,
0.00141800,0.000000,1.259700,
0.00141820,0.000000,1.259700,
0.00141840,-0.002441,1.259700,
0.00141860,0.000000,1.259700,
0.00141880,0.000000,1.259700,
0.00141900,-0.002441,1.259700,
0.00141920,-0.002441,1.259700,
0.00141940,0.000000,1.243452,
0.00141960,0.000000,1.259700,
0.00141980,-0.002441,1.243452,
0.00142000,0.000000,1.243452,
0.00142020,-0.002441,1.243452,
0.00142040,0.000000,1.259700,
0.00142060,0.000000,1.275947,
0.00142080,0.000000,1.275947,
0.00142100,-0.002441,1.259700,
0.00142120,0.000000,1.259700,
0.00142140,-0.002441,1.243452,
0.00142160,0.000000,1.243452,
0.00142180,-0.002441,1.259700,
0.00142200,-0.002441,1.259700,
0.00142220,-0.002441,1.259700,
0.00142240,0.000000,1.259700,
0.00142260,-0.002441,1.259700,
0.00142280,0.000000,1.275947,
0.00142300,-0.002441,1.275947,
0.00142320,-0.002441,1.275947,
0.00142340,-0.002441,1.259700,
0.00142360,0.000000,1.243452,
0.00142380,0.000000,1.259700,
0.00142400,0.000000,1.259700,
0.00142420,0.000000,1.259700,
0.00142440,-0.002441,1.275947,
0.00142460,-0.002441,1.275947,
0.00142480,0.000000,1.259700,
0.00142500,-0.002441,1.259700,
0.00142520,-0.002441,1.259700,
0.00142540,0.000000,1.259700,
0.00142560,-0.002441,1.259700,
0.00142580,0.000000,1.259700,
0.00142600,0.000000,1.243452,
0.00142620,0.000000,1.259700,
0.00142640,0.000000,1.259700,
0.00142660,-0.002441,1.243452,
0.00142680,0.000000,1.243452,
0.00142700,0.000000,1.259700,
0.00142720,0.000000,1.259700,
0.00142740,0.000000,1.259700,
0.00142760,0.002441,1.275947,
0.00142780,-0.002441,1.259700,
0.00142800,-0.002441,1.243452,
0.00142820,-0.002441,1.243452,
0.00142840,-0.002441,1.259700,
0.00142860,0.000000,1.259700,
0.00142880,0.002441,1.275947,
0.00142900,-0.002441,1.259700,
0.00142920,0.002441,1.259700,
0.00142940,0.000000,1.259700,
0.00142960,-0.002441,1.259700,
0.00142980,-0.002441,1.243452,
0.00143000,0.002441,1.243452,
0.00143020,-0.002441,1.243452,
0.00143040,0.000000,1.259700,
0.00143060,0.000000,1.275947,
0.00143080,0.002441,1.275947,
0.00143100,-0.002441,1.259700,
0.00143120,-0.002441,1.259700,
0.00143140,-0.002441,1.243452,
0.00143160,0.000000,1.243452,
0.00143180,0.000000,1.259700,
0.00143200,0.000000,1.259700,
0.00143220,-0.002441,1.275947,
0.00143240,-0.002441,1.275947,
0.00143260,-0.002441,1.259700,
0.00143280,-0.002441,1.259700,
0.00143300,-0.002441,1.243452,
0.00143320,-0.002441,1.259700,
0.00143340,0.000000,1.259700,
0.00143360,-0.002441,1.259700,
0.00143380,0.000000,1.259700,
0.00143400,-0.002441,1.243452,
0.00143420,0.000000,1.259700,
0.00143440,-0.002441,1.259700,
0.00143460,-0.002441,1.259700,
0.00143480,-0.002441,1.259700,
0.00143500,0.000000,1.275947,
0.00143520,0.000000,1.275947,
0.00143540,0.000000,1.259700,
0.00143560,0.000000,1.259700,
0.00143580,0.000000,1.259700,
0.00143600,0.000000,1.259700,
0.00143620,-0.002441,1.259700,
0.00143640,0.000000,1.259700,
0.00143660,0.000000,1.259700,
0.00143680,-0.002441,1.259700,
0.00143700,0.000000,1.259700,
0.00143720,0.000000,1.259700,
0.00143740,-0.002441,1.275947,
0.00143760,0.000000,1.275947,
0.00143780,-0.002441,1.275947,
0.00143800,0.000000,1.259700,
0.00143820,0.000000,1.243452,
0.00143840,-0.002441,1.243452,
0.00143860,-0.002441,1.243452,
0.00143880,0.000000,1.259700,
0.00143900,0.000000,1.275947,
0.00143920,-0.002441,1.259700,
0.00143940,0.000000,1.259700,
0.00143960,0.000000,1.275947,
0.00143980,0.000000,1.275947,
0.00144000,0.000000,1.259700,
0.00144020,0.000000,1.259700,
0.00144040,-0.002441,1.259700,
0.00144060,0.000000,1.259700,
0.00144080,-0.002441,1.259700,
0.00144100,0.002441,1.259700,
0.00144120,-0.002441,1.259700,
0.00144140,0.000000,1.259700,
0.00144160,0.000000,1.259700,
0.00144180,0.000000,1.259700,
0.00144200,-0.004883,1.259700,
0.00144220,-0.002441,1.275947,
0.00144240,-0.002441,1.275947,
0.00144260,-0.002441,1.259700,
0.00144280,-0.002441,1.275947,
0.00144300,-0.002441,1.275947,
0.00144320,-0.002441,1.259700,
0.00144340,0.000000,1.275947,
0.00144360,-0.002441,1.275947,
0.00144380,-0.002441,1.275947,
0.00144400,0.000000,1.275947,
0.00144420,-0.002441,1.259700,
0.00144440,-0.002441,1.259700,
0.00144460,-0.002441,1.259700,
0.00144480,0.000000,1.275947,
0.00144500,-0.002441,1.275947,
0.00144520,-0.002441,1.259700,
0.00144540,0.000000,1.275947,
0.00144560,-0.002441,1.275947,
0.00144580,-0.002441,1.275947,
0.00144600,0.000000,1.259700,
0.00144620,-0.002441,1.275947,
0.00144640,0.000000,1.275947,
0.00144660,-0.002441,1.259700,
0.00144680,0.000000,1.259700,
0.00144700,0.002441,1.275947,
0.00144720,0.000000,1.275947,
0.00144740,-0.002441,1.259700,
0.00144760,0.000000,1.275947,
0.00144780,0.000000,1.259700,
0.00144800,0.000000,1.275947,
0.00144820,0.000000,1.275947,
0.00144840,-0.002441,1.275947,
0.00144860,0.000000,1.275947,
0.00144880,0.000000,1.275947,
0.00144900,-0.002441,1.259700,
0.00144920,-0.004883,1.259700,
0.00144940,0.000000,1.275947,
0.00144960,0.000000,1.275947,
0.00144980,-0.002441,1.259700,
0.00145000,0.000000,1.259700,
0.00145020,0.000000,1.275947,
0.00145040,0.000000,1.275947,
0.00145060,-0.002441,1.275947,
0.00145080,-0.002441,1.259700,
0.00145100,0.000000,1.275947,
0.00145120,-0.002441,1.275947,
0.00145140,0.000000,1.275947,
0.00145160,0.000000,1.275947,
0.00145180,0.000000,1.275947,
0.00145200,-0.002441,1.259700,
0.00145220,0.000000,1.275947,
0.00145240,-0.002441,1.275947,
0.00145260,-0.002441,1.275947,
0.00145280,0.000000,1.292195,
0.00145300,0.000000,1.275947,
0.00145320,-0.002441,1.259700,
0.00145340,-0.002441,1.275947,
0.00145360,-0.002441,1.275947,
0.00145380,-0.002441,1.275947,
0.00145400,-0.002441,1.275947,
0.00145420,0.000000,1.275947,
0.00145440,-0.002441,1.259700,
0.00145460,0.000000,1.259700,
0.00145480,0.000000,1.259700,
0.00145500,0.000000,1.259700,
0.00145520,0.000000,1.259700,
0.00145540,-0.002441,1.275947,
0.00145560,-0.002441,1.275947,
0.00145580,-0.002441,1.292195,
0.00145600,0.000000,1.292195,
0.00145620,-0.002441,1.275947,
0.00145640,-0.002441,1.275947,
0.00145660,0.000000,1.275947,
0.00145680,-0.002441,1.259700,
0.00145700,0.000000,1.259700,
0.00145720,-0.002441,1.259700,
0.00145740,0.000000,1.259700,
0.00145760,0.000000,1.292195,
0.00145780,0.000000,1.292195,
0.00145800,-0.002441,1.275947,
0.00145820,0.002441,1.292195,
0.00145840,0.000000,1.259700,
0.00145860,-0.002441,1.275947,
0.00145880,-0.002441,1.275947,
0.00145900,0.000000,1.275947,
0.00145920,0.000000,1.275947,
0.00145940,0.000000,1.292195,
0.00145960,-0.002441,1.275947,
0.00145980,0.000000,1.275947,
0.00146000,0.000000,1.275947,
0.00146020,0.000000,1.275947,
0.00146040,-0.004883,1.259700,
0.00146060,-0.002441,1.275947,
0.00146080,-0.002441,1.275947,
0.00146100,0.000000,1.275947,
0.00146120,0.000000,1.275947,
0.00146140,-0.002441,1.259700,
0.00146160,0.000000,1.292195,
0.00146180,0.000000,1.292195,
0.00146200,-0.002441,1.259700,
0.00146220,0.000000,1.275947,
0.00146240,0.000000,1.275947,
0.00146260,0.000000,1.275947,
0.00146280,0.000000,1.275947,
0.00146300,-0.002441,1.275947,
0.00146320,-0.002441,1.275947,
0.00146340,0.000000,1.275947,
0.00146360,-0.002441,1.259700,
0.00146380,-0.002441,1.275947,
0.00146400,-0.002441,1.275947,
0.00146420,0.000000,1.292195,
0.00146440,-0.002441,1.292195,
0.00146460,0.000000,1.275947,
0.00146480,0.000000,1.275947,
0.00146500,-0.002441,1.275947,
0.00146520,0.000000,1.259700,
0.00146540,0.000000,1.275947,
0.00146560,-0.002441,1.275947,
0.00146580,0.000000,1.275947,
0.00146600,0.000000,1.292195,
0.00146620,0.000000,1.292195,
0.00146640,0.000000,1.275947,
0.00146660,-0.004883,1.275947,
0.00146680,-0.002441,1.275947,
0.00146700,-0.002441,1.275947,
0.00146720,-0.002441,1.275947,
0.00146740,0.000000,1.275947,
0.00146760,-0.002441,1.275947,
0.00146780,0.000000,1.292195,
0.00146800,-0.002441,1.292195,
0.00146820,-0.002441,1.275947,
0.00146840,-0.002441,1.259700,
0.00146860,-0.002441,1.275947,
0.00146880,-0.002441,1.275947,
0.00146900,0.000000,1.275947,
0.00146920,-0.002441,1.275947,
0.00146940,-0.002441,1.292195,
0.00146960,0.000000,1.292195,
0.00146980,0.000000,1.275947,
0.00147000,-0.002441,1.275947,
0.00147020,0.000000,1.259700,
0.00147040,0.000000,1.292195,
0.00147060,-0.002441,1.292195,
0.00147080,0.000000,1.292195,
0.00147100,0.000000,1.275947,
0.00147120,0.000000,1.275947,
0.00147140,-0.002441,1.275947,
0.00147160,-0.002441,1.259700,
0.00147180,0.002441,1.259700,
0.00147200,0.000000,1.275947,
0.00147220,0.000000,1.292195,
0.00147240,-0.002441,1.292195,
0.00147260,-0.002441,1.308443,
0.00147280,0.000000,1.292195,
0.00147300,-0.002441,1.275947,
0.00147320,-0.002441,1.259700,
0.00147340,0.000000,1.259700,
0.00147360,0.000000,1.275947,
0.00147380,0.000000,1.275947,
0.00147400,0.000000,1.275947,
0.00147420,0.002441,1.308443,
0.00147440,-0.002441,1.292195,
0.00147460,0.000000,1.292195,
0.00147480,-0.002441,1.292195,
0.00147500,0.000000,1.292195,
0.00147520,-0.002441,1.275947,
0.00147540,0.000000,1.259700,
0.00147560,0.000000,1.292195,
0.00147580,0.000000,1.292195,
0.00147600,-0.002441,1.292195,
0.00147620,-0.002441,1.292195,
0.00147640,0.000000,1.275947,
0.00147660,0.000000,1.275947,
0.00147680,-0.002441,1.275947,
0.00147700,0.000000,1.275947,
0.00147720,0.000000,1.292195,
0.00147740,-0.002441,1.292195,
0.00147760,-0.002441,1.292195,
0.00147780,-0.002441,1.275947,
0.00147800,-0.002441,1.259700,
0.00147820,-0.002441,1.275947,
0.00147840,-0.002441,1.292195,
0.00147860,0.000000,1.275947,
0.00147880,-0.002441,1.275947,
0.00147900,-0.002441,1.275947,
0.00147920,0.000000,1.275947,
0.00147940,-0.002441,1.275947,
0.00147960,-0.002441,1.275947,
0.00147980,-0.002441,1.292195,
0.00148000,0.000000,1.292195,
0.00148020,0.000000,1.292195,
0.00148040,-0.002441,1.275947,
0.00148060,0.000000,1.292195,
0.00148080,0.000000,1.292195,
0.00148100,0.000000,1.275947,
0.00148120,-0.002441,1.275947,
0.00148140,-0.002441,1.275947,
0.00148160,-0.002441,1.275947,
0.00148180,0.000000,1.275947,
0.00148200,0.000000,1.275947,
0.00148220,0.002441,1.275947,
0.00148240,-0.002441,1.275947,
0.00148260,-0.002441,1.275947,
0.00148280,-0.002441,1.275947,
0.00148300,-0.002441,1.275947,
0.00148320,0.000000,1.275947,
0.00148340,0.000000,1.292195,
0.00148360,0.000000,1.292195,
0.00148380,0.000000,1.292195,
0.00148400,0.000000,1.308443,
0.00148420,-0.002441,1.275947,
0.00148440,-0.002441,1.275947,
0.00148460,-0.002441,1.275947,
0.00148480,0.000000,1.275947,
0.00148500,0.000000,1.292195,
0.00148520,0.002441,1.292195,
0.00148540,-0.002441,1.275947,
0.00148560,0.000000,1.275947,
0.00148580,0.000000,1.275947,
0.00148600,0.000000,1.275947,
0.00148620,-0.002441,1.275947,
0.00148640,0.000000,1.292195,
0.00148660,-0.002441,1.275947,
0.00148680,0.000000,1.292195,
0.00148700,-0.002441,1.275947,
0.00148720,-0.002441,1.292195,
0.00148740,0.000000,1.275947,
0.00148760,0.000000,1.275947,
0.00148780,-0.002441,1.292195,
0.00148800,0.000000,1.292195,
0.00148820,0.000000,1.292195,
0.00148840,0.000000,1.292195,
0.00148860,0.000000,1.275947,
0.00148880,0.000000,1.292195,
0.00148900,-0.002441,1.292195,
0.00148920,-0.002441,1.292195,
0.00148940,0.000000,1.292195,
0.00148960,-0.002441,1.275947,
0.00148980,0.000000,1.275947,
0.00149000,0.000000,1.275947,
0.00149020,0.000000,1.292195,
0.00149040,0.000000,1.292195,
0.00149060,0.000000,1.292195,
0.00149080,0.000000,1.308443,
0.00149100,-0.002441,1.308443,
0.00149120,-0.002441,1.308443,
0.00149140,-0.002441,1.292195,
0.00149160,-0.002441,1.292195,
0.00149180,0.000000,1.275947,
0.00149200,0.000000,1.275947,
0.00149220,-0.002441,1.275947,
0.00149240,-0.002441,1.275947,
0.00149260,-0.002441,1.275947,
0.00149280,0.000000,1.292195,
0.00149300,0.000000,1.308443,
0.00149320,-0.002441,1.308443,
0.00149340,-0.002441,1.292195,
0.00149360,0.000000,1.292195,
0.00149380,-0.004883,1.275947,
0.00149400,0.000000,1.292195,
0.00149420,-0.002441,1.292195,
0.00149440,-0.002441,1.292195,
0.00149460,-0.002441,1.292195,
0.00149480,0.000000,1.292195,
0.00149500,-0.002441,1.275947,
0.00149520,0.002441,1.308443,
0.00149540,-0.002441,1.292195,
0.00149560,-0.002441,1.275947,
0.00149580,-0.002441,1.292195,
0.00149600,-0.002441,1.292195,
0.00149620,-0.002441,1.292195,
0.00149640,0.000000,1.292195,
0.00149660,-0.002441,1.292195,
0.00149680,-0.002441,1.292195,
0.00149700,0.000000,1.292195,
0.00149720,-0.002441,1.292195,
0.00149740,-0.002441,1.292195,
0.00149760,-0.002441,1.292195,
0.00149780,0.000000,1.308443,
0.00149800,-0.002441,1.292195,
0.00149820,-0.002441,1.292195,
0.00149840,0.000000,1.292195,
0.00149860,0.000000,1.275947,
0.00149880,-0.002441,1.275947,
0.00149900,0.000000,1.292195,
0.00149920,0.000000,1.308443,
0.00149940,0.000000,1.292195,
0.00149960,0.000000,1.292195,
0.00149980,-0.002441,1.292195,
0.00150000,0.000000,1.275947,
0.00150020,-0.002441,1.275947,
0.00150040,-0.002441,1.275947,
0.00150060,-0.002441,1.275947,
0.00150080,0.000000,1.292195,
0.00150100,-0.002441,1.292195,
0.00150120,0.000000,1.292195,
0.00150140,-0.004883,1.275947,
0.00150160,0.000000,1.292195,
0.00150180,-0.002441,1.292195,
0.00150200,-0.002441,1.275947,
0.00150220,0.000000,1.275947,
0.00150240,-0.002441,1.275947,
0.00150260,0.000000,1.292195,
0.00150280,0.000000,1.275947,
0.00150300,0.000000,1.275947,
0.00150320,0.000000,1.292195,
0.00150340,0.000000,1.292195,
0.00150360,-0.002441,1.292195,
0.00150380,-0.004883,1.292195,
0.00150400,-0.002441,1.292195,
0.00150420,0.000000,1.275947,
0.00150440,0.000000,1.275947,
0.00150460,0.000000,1.292195,
0.00150480,0.000000,1.292195,
0.00150500,-0.002441,1.292195,
0.00150520,-0.002441,1.275947,
0.00150540,-0.002441,1.275947,
0.00150560,0.000000,1.292195,
0.00150580,0.000000,1.292195,
0.00150600,-0.002441,1.292195,
0.00150620,-0.002441,1.275947,
0.00150640,0.000000,1.275947,
0.00150660,-0.002441,1.259700,
0.00150680,-0.002441,1.259700,
0.00150700,-0.002441,1.259700,
0.00150720,0.000000,1.275947,
0.00150740,0.000000,1.308443,
0.00150760,0.000000,1.308443,
0.00150780,0.000000,1.308443,
0.00150800,0.000000,1.292195,
0.00150820,0.000000,1.275947,
0.00150840,-0.002441,1.243452,
0.00150860,0.000000,1.243452,
0.00150880,0.000000,1.259700,
0.00150900,0.000000,1.275947,
0.00150920,-0.002441,1.292195,
0.00150940,0.000000,1.292195,
0.00150960,0.002441,1.292195,
0.00150980,-0.002441,1.275947,
0.00151000,0.000000,1.292195,
0.00151020,0.000000,1.275947,
0.00151040,0.000000,1.259700,
0.00151060,-0.002441,1.275947,
0.00151080,0.000000,1.275947,
0.00151100,0.000000,1.275947,
0.00151120,0.000000,1.292195,
0.00151140,-0.002441,1.275947,
0.00151160,0.000000,1.275947,
0.00151180,-0.002441,1.259700,
0.00151200,-0.002441,1.275947,
0.00151220,0.000000,1.275947,
0.00151240,-0.002441,1.292195,
0.00151260,-0.002441,1.275947,
0.00151280,-0.002441,1.275947,
0.00151300,0.000000,1.275947,
0.00151320,-0.002441,1.259700,
0.00151340,-0.002441,1.275947,
0.00151360,0.000000,1.275947,
0.00151380,0.000000,1.275947,
0.00151400,0.000000,1.275947,
0.00151420,-0.002441,1.275947,
0.00151440,0.000000,1.275947,
0.00151460,0.000000,1.259700,
0.00151480,0.000000,1.275947,
0.00151500,-0.002441,1.275947,
0.00151520,0.000000,1.275947,
0.00151540,0.000000,1.275947,
0.00151560,0.000000,1.275947,
0.00151580,-0.002441,1.275947,
0.00151600,-0.002441,1.292195,
0.00151620,-0.002441,1.275947,
0.00151640,-0.002441,1.275947,
0.00151660,-0.002441,1.275947,
0.00151680,-0.002441,1.275947,
0.00151700,-0.002441,1.275947,
0.00151720,-0.004883,1.275947,
0.00151740,0.000000,1.275947,
0.00151760,0.000000,1.292195,
0.00151780,0.000000,1.292195,
0.00151800,-0.002441,1.275947,
0.00151820,0.000000,1.259700,
0.00151840,-0.002441,1.275947,
0.00151860,0.000000,1.275947,
0.00151880,0.000000,1.275947,
0.00151900,-0.002441,1.275947,
0.00151920,0.000000,1.275947,
0.00151940,0.000000,1.275947,
0.00151960,-0.004883,1.259700,
0.00151980,-0.002441,1.275947,
0.00152000,0.000000,1.275947,
0.00152020,0.000000,1.275947,
0.00152040,0.000000,1.275947,
0.00152060,0.000000,1.275947,
0.00152080,0.000000,1.275947,
0.00152100,0.000000,1.275947,
0.00152120,-0.002441,1.275947,
0.00152140,-0.002441,1.292195,
0.00152160,-0.002441,1.275947,
0.00152180,0.000000,1.275947,
0.00152200,0.000000,1.275947,
0.00152220,0.000000,1.292195,
0.00152240,0.000000,1.308443,
0.00152260,-0.002441,1.275947,
0.00152280,-0.002441,1.275947,
0.00152300,-0.002441,1.275947,
0.00152320,0.000000,1.275947,
0.00152340,0.000000,1.292195,
0.00152360,0.000000,1.292195,
0.00152380,-0.002441,1.275947,
0.00152400,-0.002441,1.275947,
0.00152420,-0.002441,1.292195,
0.00152440,-0.002441,1.292195,
0.00152460,-0.002441,1.275947,
0.00152480,0.000000,1.275947,
0.00152500,-0.002441,1.259700,
0.00152520,0.000000,1.259700,
0.00152540,0.000000,1.275947,
0.00152560,0.000000,1.308443,
0.00152580,-0.002441,1.308443,
0.00152600,-0.002441,1.292195,
0.00152620,-0.002441,1.275947,
0.00152640,-0.002441,1.275947,
0.00152660,0.000000,1.275947,
0.00152680,-0.002441,1.275947,
0.00152700,-0.002441,1.275947,
0.00152720,-0.002441,1.292195,
0.00152740,-0.002441,1.275947,
0.00152760,-0.002441,1.292195,
0.00152780,-0.002441,1.292195,
0.00152800,0.000000,1.292195,
0.00152820,0.000000,1.292195,
0.00152840,0.000000,1.275947,
0.00152860,0.000000,1.292195,
0.00152880,0.000000,1.292195,
0.00152900,0.000000,1.275947,
0.00152920,0.000000,1.275947,
0.00152940,-0.002441,1.292195,
0.00152960,-0.002441,1.292195,
0.00152980,0.000000,1.275947,
0.00153000,0.000000,1.275947,
0.00153020,-0.002441,1.292195,
0.00153040,-0.002441,1.292195,
0.00153060,-0.002441,1.275947,
0.00153080,0.000000,1.292195,
0.00153100,-0.002441,1.259700,
0.00153120,0.000000,1.275947,
0.00153140,0.000000,1.292195,
0.00153160,0.000000,1.292195,
0.00153180,0.000000,1.292195,
0.00153200,-0.002441,1.292195,
0.00153220,-0.002441,1.292195,
0.00153240,-0.002441,1.275947,
0.00153260,-0.002441,1.275947,
0.00153280,-0.002441,1.275947,
0.00153300,0.002441,1.292195,
0.00153320,-0.002441,1.275947,
0.00153340,0.002441,1.275947,
0.00153360,0.000000,1.275947,
0.00153380,-0.002441,1.292195,
0.00153400,-0.002441,1.275947,
0.00153420,-0.002441,1.275947,
0.00153440,0.000000,1.292195,
0.00153460,-0.002441,1.292195,
0.00153480,0.000000,1.292195,
0.00153500,0.000000,1.292195,
0.00153520,0.002441,1.275947,
0.00153540,0.000000,1.292195,
0.00153560,-0.002441,1.292195,
0.00153580,-0.002441,1.275947,
0.00153600,-0.002441,1.292195,
0.00153620,-0.002441,1.292195,
0.00153640,0.000000,1.292195,
0.00153660,-0.002441,1.275947,
0.00153680,0.002441,1.275947,
0.00153700,-0.002441,1.275947,
0.00153720,0.000000,1.292195,
0.00153740,-0.002441,1.275947,
0.00153760,-0.002441,1.275947,
0.00153780,-0.002441,1.275947,
0.00153800,0.000000,1.275947,
0.00153820,-0.002441,1.275947,
0.00153840,0.000000,1.292195,
0.00153860,-0.002441,1.275947,
0.00153880,-0.002441,1.292195,
0.00153900,0.000000,1.275947,
0.00153920,-0.002441,1.275947,
0.00153940,-0.002441,1.275947,
0.00153960,-0.002441,1.292195,
0.00153980,-0.002441,1.275947,
0.00154000,-0.002441,1.259700,
0.00154020,0.000000,1.275947,
0.00154040,-0.002441,1.275947,
0.00154060,-0.002441,1.275947,
0.00154080,-0.002441,1.275947,
0.00154100,0.000000,1.292195,
0.00154120,-0.002441,1.292195,
0.00154140,-0.002441,1.275947,
0.00154160,-0.002441,1.259700,
0.00154180,0.000000,1.259700,
0.00154200,-0.002441,1.259700,
0.00154220,-0.002441,1.259700,
0.00154240,-0.002441,1.275947,
0.00154260,0.000000,1.292195,
0.00154280,0.000000,1.308443,
0.00154300,-0.002441,1.292195,
0.00154320,0.000000,1.275947,
0.00154340,0.000000,1.275947,
0.00154360,-0.002441,1.259700,
0.00154380,0.000000,1.243452,
0.00154400,0.000000,1.259700,
0.00154420,-0.002441,1.275947,
0.00154440,0.000000,1.292195,
0.00154460,-0.002441,1.292195,
0.00154480,0.000000,1.292195,
0.00154500,-0.002441,1.275947,
0.00154520,-0.002441,1.275947,
0.00154540,0.000000,1.275947,
0.00154560,-0.002441,1.259700,
0.00154580,-0.002441,1.259700,
0.00154600,0.000000,1.259700,
0.00154620,-0.002441,1.275947,
0.00154640,-0.004883,1.275947,
0.00154660,0.000000,1.275947,
0.00154680,-0.002441,1.275947,
0.00154700,-0.002441,1.275947,
0.00154720,0.000000,1.275947,
0.00154740,0.000000,1.275947,
0.00154760,0.000000,1.275947,
0.00154780,0.000000,1.275947,
0.00154800,-0.004883,1.259700,
0.00154820,0.000000,1.275947,
0.00154840,-0.002441,1.259700,
0.00154860,-0.002441,1.275947,
0.00154880,-0.002441,1.275947,
0.00154900,0.000000,1.275947,
0.00154920,-0.002441,1.259700,
0.00154940,0.000000,1.275947,
0.00154960,-0.004883,1.275947,
0.00154980,0.000000,1.275947,
0.00155000,0.000000,1.259700,
0.00155020,-0.004883,1.259700,
0.00155040,-0.002441,1.275947,
0.00155060,-0.002441,1.292195,
0.00155080,-0.002441,1.275947,
0.00155100,0.000000,1.259700,
0.00155120,-0.002441,1.259700,
0.00155140,0.000000,1.275947,
0.00155160,0.000000,1.275947,
0.00155180,-0.002441,1.259700,
0.00155200,-0.002441,1.259700,
0.00155220,0.000000,1.275947,
0.00155240,0.000000,1.275947,
0.00155260,-0.002441,1.275947,
0.00155280,0.000000,1.275947,
0.00155300,0.000000,1.275947,
0.00155320,-0.002441,1.259700,
0.00155340,-0.002441,1.259700,
0.00155360,-0.002441,1.259700,
0.00155380,0.000000,1.275947,
0.00155400,0.000000,1.275947,
0.00155420,-0.002441,1.259700,
0.00155440,-0.002441,1.259700,
0.00155460,0.000000,1.259700,
0.00155480,0.000000,1.259700,
0.00155500,0.000000,1.275947,
0.00155520,-0.002441,1.259700,
0.00155540,0.000000,1.275947,
0.00155560,0.000000,1.259700,
0.00155580,0.000000,1.259700,
0.00155600,0.000000,1.275947,
0.00155620,0.000000,1.292195,
0.00155640,-0.002441,1.275947,
0.00155660,-0.002441,1.259700,
0.00155680,-0.002441,1.259700,
0.00155700,0.000000,1.275947,
0.00155720,0.000000,1.275947,
0.00155740,0.000000,1.275947,
0.00155760,-0.002441,1.275947,
0.00155780,0.000000,1.275947,
0.00155800,-0.002441,1.275947,
0.00155820,-0.002441,1.275947,
0.00155840,-0.002441,1.275947,
0.00155860,0.000000,1.275947,
0.00155880,0.000000,1.292195,
0.00155900,-0.002441,1.275947,
0.00155920,-0.002441,1.292195,
0.00155940,0.000000,1.275947,
0.00155960,-0.002441,1.275947,
0.00155980,-0.002441,1.259700,
0.00156000,-0.002441,1.259700,
0.00156020,0.000000,1.259700,
0.00156040,0.000000,1.275947,
0.00156060,-0.002441,1.259700,
0.00156080,-0.002441,1.275947,
0.00156100,0.000000,1.292195,
0.00156120,-0.002441,1.292195,
0.00156140,-0.002441,1.275947,
0.00156160,0.000000,1.275947,
0.00156180,0.000000,1.259700,
0.00156200,-0.002441,1.259700,
0.00156220,0.000000,1.259700,
0.00156240,0.000000,1.275947,
0.00156260,0.000000,1.259700,
0.00156280,-0.002441,1.275947,
0.00156300,-0.002441,1.292195,
0.00156320,-0.002441,1.275947,
0.00156340,-0.002441,1.259700,
0.00156360,-0.002441,1.275947,
0.00156380,0.000000,1.292195,
0.00156400,-0.002441,1.275947,
0.00156420,0.000000,1.259700,
0.00156440,-0.002441,1.259700,
0.00156460,-0.002441,1.275947,
0.00156480,-0.002441,1.275947,
0.00156500,-0.002441,1.275947,
0.00156520,0.000000,1.275947,
0.00156540,-0.002441,1.259700,
0.00156560,-0.002441,1.275947,
0.00156580,0.000000,1.275947,
0.00156600,-0.002441,1.275947,
0.00156620,-0.002441,1.275947,
0.00156640,-0.002441,1.275947,
0.00156660,0.000000,1.275947,
0.00156680,-0.002441,1.275947,
0.00156700,0.000000,1.275947,
0.00156720,-0.002441,1.275947,
0.00156740,0.000000,1.292195,
0.00156760,0.000000,1.275947,
0.00156780,-0.002441,1.259700,
0.00156800,-0.002441,1.259700,
0.00156820,0.000000,1.275947,
0.00156840,-0.002441,1.292195,
0.00156860,0.000000,1.292195,
0.00156880,0.000000,1.292195,
0.00156900,-0.002441,1.275947,
0.00156920,0.000000,1.275947,
0.00156940,-0.002441,1.259700,
0.00156960,0.000000,1.275947,
0.00156980,0.000000,1.275947,
0.00157000,0.000000,1.292195,
0.00157020,0.000000,1.292195,
0.00157040,-0.002441,1.275947,
0.00157060,-0.002441,1.275947,
0.00157080,0.000000,1.275947,
0.00157100,0.000000,1.275947,
0.00157120,-0.002441,1.275947,
0.00157140,-0.002441,1.275947,
0.00157160,-0.002441,1.275947,
0.00157180,-0.002441,1.275947,
0.00157200,-0.002441,1.275947,
0.00157220,0.000000,1.292195,
0.00157240,0.000000,1.275947,
0.00157260,0.000000,1.275947,
0.00157280,-0.002441,1.275947,
0.00157300,0.000000,1.275947,
0.00157320,-0.002441,1.275947,
0.00157340,-0.002441,1.275947,
0.00157360,-0.002441,1.275947,
0.00157380,0.000000,1.275947,
0.00157400,-0.002441,1.275947,
0.00157420,-0.002441,1.275947,
0.00157440,-0.002441,1.275947,
0.00157460,0.000000,1.292195,
0.00157480,0.000000,1.275947,
0.00157500,0.000000,1.275947,
0.00157520,0.000000,1.259700,
0.00157540,0.000000,1.259700,
0.00157560,-0.002441,1.275947,
0.00157580,-0.002441,1.275947,
0.00157600,-0.002441,1.259700,
0.00157620,0.000000,1.275947,
0.00157640,0.000000,1.275947,
0.00157660,-0.002441,1.275947,
0.00157680,-0.002441,1.275947,
0.00157700,0.000000,1.259700,
0.00157720,-0.002441,1.259700,
0.00157740,-0.004883,1.275947,
0.00157760,-0.002441,1.292195,
0.00157780,0.000000,1.292195,
0.00157800,0.000000,1.292195,
0.00157820,-0.002441,1.275947,
0.00157840,0.000000,1.275947,
0.00157860,-0.002441,1.275947,
0.00157880,0.000000,1.259700,
0.00157900,-0.002441,1.259700,
0.00157920,-0.002441,1.259700,
0.00157940,-0.002441,1.275947,
0.00157960,-0.002441,1.292195,
0.00157980,-0.002441,1.292195,
0.00158000,0.000000,1.275947,
0.00158020,-0.002441,1.275947,
0.00158040,-0.002441,1.259700,
0.00158060,-0.002441,1.275947,
0.00158080,-0.004883,1.259700,
0.00158100,0.000000,1.259700,
0.00158120,0.000000,1.259700,
0.00158140,0.000000,1.275947,
0.00158160,-0.002441,1.275947,
0.00158180,0.000000,1.275947,
0.00158200,-0.002441,1.259700,
0.00158220,0.000000,1.275947,
0.00158240,-0.002441,1.259700,
0.00158260,0.000000,1.275947,
0.00158280,0.000000,1.275947,
0.00158300,0.000000,1.259700,
0.00158320,-0.002441,1.259700,
0.00158340,0.000000,1.275947,
0.00158360,0.000000,1.275947,
0.00158380,0.000000,1.275947,
0.00158400,-0.002441,1.259700,
0.00158420,-0.002441,1.259700,
0.00158440,0.000000,1.259700,
0.00158460,0.000000,1.259700,
0.00158480,-0.002441,1.259700,
0.00158500,-0.002441,1.259700,
0.00158520,0.000000,1.259700,
0.00158540,-0.002441,1.259700,
0.00158560,-0.002441,1.275947,
0.00158580,-0.002441,1.275947,
0.00158600,-0.002441,1.275947,
0.00158620,0.000000,1.275947,
0.00158640,-0.002441,1.259700,
0.00158660,-0.002441,1.259700,
0.00158680,-0.002441,1.259700,
0.00158700,0.000000,1.259700,
0.00158720,-0.002441,1.275947,
0.00158740,-0.004883,1.275947,
0.00158760,0.000000,1.275947,
0.00158780,0.000000,1.259700,
0.00158800,0.000000,1.259700,
0.00158820,0.000000,1.259700,
0.00158840,0.000000,1.275947,
0.00158860,-0.002441,1.259700,
0.00158880,0.000000,1.259700,
0.00158900,0.000000,1.259700,
0.00158920,0.000000,1.259700,
0.00158940,0.000000,1.275947,
0.00158960,0.000000,1.259700,
0.00158980,0.002441,1.259700,
0.00159000,0.000000,1.275947,
0.00159020,-0.002441,1.259700,
0.00159040,-0.002441,1.259700,
0.00159060,-0.002441,1.259700,
0.00159080,0.000000,1.259700,
0.00159100,0.000000,1.259700,
0.00159120,-0.002441,1.259700,
0.00159140,0.002441,1.259700,
0.00159160,0.000000,1.275947,
0.00159180,-0.002441,1.259700,
0.00159200,-0.002441,1.259700,
0.00159220,-0.002441,1.259700,
0.00159240,0.000000,1.259700,
0.00159260,0.000000,1.259700,
0.00159280,-0.002441,1.259700,
0.00159300,-0.002441,1.243452,
0.00159320,0.000000,1.259700,
0.00159340,0.000000,1.275947,
0.00159360,-0.004883,1.259700,
0.00159380,-0.002441,1.275947,
0.00159400,0.000000,1.275947,
0.00159420,0.000000,1.275947,
0.00159440,-0.002441,1.259700,
0.00159460,-0.002441,1.243452,
0.00159480,0.000000,1.259700,
0.00159500,-0.002441,1.243452,
0.00159520,-0.002441,1.243452,
0.00159540,-0.002441,1.259700,
0.00159560,0.000000,1.259700,
0.00159580,-0.002441,1.259700,
0.00159600,-0.002441,1.275947,
0.00159620,-0.002441,1.275947,
0.00159640,-0.002441,1.259700,
0.00159660,-0.002441,1.259700,
0.00159680,-0.002441,1.259700,
0.00159700,-0.002441,1.243452,
0.00159720,-0.002441,1.243452,
0.00159740,0.000000,1.259700,
0.00159760,0.000000,1.259700,
0.00159780,0.000000,1.275947,
0.00159800,-0.002441,1.275947,
0.00159820,0.000000,1.259700,
0.00159840,0.000000,1.259700,
0.00159860,-0.002441,1.259700,
0.00159880,-0.002441,1.259700,
0.00159900,0.000000,1.259700,
0.00159920,-0.002441,1.259700,
0.00159940,-0.004883,1.259700,
0.00159960,0.000000,1.259700,
0.00159980,-0.002441,1.259700,
0.00160000,-0.002441,1.259700,
0.00160020,-0.002441,1.275947,
0.00160040,0.000000,1.275947,
0.00160060,0.000000,1.275947,
0.00160080,-0.002441,1.259700,
0.00160100,-0.002441,1.243452,
0.00160120,0.000000,1.275947,
0.00160140,0.000000,1.275947,
0.00160160,-0.002441,1.259700,
0.00160180,-0.002441,1.243452,
0.00160200,0.000000,1.259700,
0.00160220,-0.002441,1.259700,
0.00160240,0.000000,1.259700,
0.00160260,-0.004883,1.243452,
0.00160280,0.000000,1.259700,
0.00160300,-0.002441,1.275947,
0.00160320,0.000000,1.259700,
0.00160340,-0.002441,1.275947,
0.00160360,0.000000,1.259700,
0.00160380,0.000000,1.275947,
0.00160400,0.000000,1.275947,
0.00160420,-0.002441,1.259700,
0.00160440,0.000000,1.259700,
0.00160460,-0.002441,1.243452,
0.00160480,-0.002441,1.259700,
0.00160500,-0.002441,1.259700,
0.00160520,-0.002441,1.259700,
0.00160540,-0.002441,1.275947,
0.00160560,-0.002441,1.259700,
0.00160580,0.000000,1.275947,
0.00160600,0.000000,1.275947,
0.00160620,-0.002441,1.259700,
0.00160640,-0.002441,1.259700,
0.00160660,-0.002441,1.259700,
0.00160680,0.000000,1.259700,
0.00160700,0.000000,1.275947,
0.00160720,-0.002441,1.275947,
0.00160740,-0.002441,1.275947,
0.00160760,0.000000,1.259700,
0.00160780,-0.002441,1.243452,
0.00160800,0.000000,1.259700,
0.00160820,-0.002441,1.259700,
0.00160840,0.000000,1.259700,
0.00160860,0.000000,1.259700,
0.00160880,0.000000,1.259700,
0.00160900,-0.002441,1.259700,
0.00160920,0.000000,1.259700,
0.00160940,-0.002441,1.275947,
0.00160960,-0.002441,1.259700,
0.00160980,-0.002441,1.259700,
0.00161000,-0.002441,1.259700,
0.00161020,0.000000,1.259700,
0.00161040,-0.002441,1.259700,
0.00161060,0.000000,1.259700,
0.00161080,0.000000,1.275947,
0.00161100,0.000000,1.275947,
0.00161120,-0.002441,1.259700,
0.00161140,-0.002441,1.259700,
0.00161160,-0.002441,1.259700,
0.00161180,0.000000,1.259700,
0.00161200,-0.002441,1.243452,
0.00161220,-0.002441,1.243452,
0.00161240,-0.002441,1.259700,
0.00161260,-0.002441,1.275947,
0.00161280,-0.002441,1.275947,
0.00161300,-0.002441,1.275947,
0.00161320,-0.002441,1.259700,
0.00161340,-0.002441,1.259700,
0.00161360,-0.002441,1.259700,
0.00161380,-0.002441,1.259700,
0.00161400,-0.002441,1.243452,
0.00161420,-0.002441,1.243452,
0.00161440,-0.002441,1.243452,
0.00161460,-0.002441,1.275947,
0.00161480,0.000000,1.275947,
0.00161500,0.000000,1.275947,
0.00161520,0.000000,1.259700,
0.00161540,-0.002441,1.259700,
0.00161560,0.000000,1.259700,
0.00161580,-0.002441,1.259700,
0.00161600,-0.002441,1.259700,
0.00161620,-0.002441,1.259700,
0.00161640,-0.002441,1.259700,
0.00161660,0.000000,1.259700,
0.00161680,-0.002441,1.259700,
0.00161700,0.000000,1.275947,
0.00161720,0.000000,1.275947,
0.00161740,0.000000,1.259700,
0.00161760,-0.002441,1.243452,
0.00161780,-0.002441,1.243452,
0.00161800,-0.002441,1.259700,
0.00161820,0.000000,1.259700,
0.00161840,0.000000,1.275947,
0.00161860,-0.002441,1.275947,
0.00161880,0.000000,1.259700,
0.00161900,-0.004883,1.243452,
0.00161920,-0.002441,1.243452,
0.00161940,0.000000,1.243452,
0.00161960,0.000000,1.259700,
0.00161980,0.000000,1.259700,
0.00162000,0.000000,1.259700,
0.00162020,0.002441,1.243452,
0.00162040,0.000000,1.259700,
0.00162060,0.000000,1.259700,
0.00162080,0.000000,1.259700,
0.00162100,-0.002441,1.259700,
0.00162120,-0.002441,1.259700,
0.00162140,0.000000,1.259700,
0.00162160,-0.002441,1.259700,
0.00162180,0.000000,1.259700,
0.00162200,-0.002441,1.243452,
0.00162220,-0.002441,1.243452,
0.00162240,-0.002441,1.243452,
0.00162260,-0.002441,1.259700,
0.00162280,-0.002441,1.259700,
0.00162300,0.000000,1.259700,
0.00162320,-0.002441,1.259700,
0.00162340,0.000000,1.243452,
0.00162360,-0.002441,1.259700,
0.00162380,0.000000,1.243452,
0.00162400,-0.002441,1.259700,
0.00162420,-0.002441,1.259700,
0.00162440,0.000000,1.243452,
0.00162460,0.000000,1.259700,
0.00162480,0.000000,1.259700,
0.00162500,0.000000,1.259700,
0.00162520,-0.002441,1.259700,
0.00162540,0.000000,1.243452,
0.00162560,0.000000,1.243452,
0.00162580,-0.002441,1.243452,
0.00162600,-0.002441,1.243452,
0.00162620,0.000000,1.243452,
0.00162640,0.000000,1.259700,
0.00162660,-0.002441,1.243452,
0.00162680,0.000000,1.259700,
0.00162700,-0.002441,1.243452,
0.00162720,-0.002441,1.243452,
0.00162740,0.000000,1.243452,
0.00162760,0.000000,1.259700,
0.00162780,0.000000,1.259700,
0.00162800,-0.002441,1.259700,
0.00162820,-0.002441,1.259700,
0.00162840,-0.002441,1.259700,
0.00162860,0.000000,1.259700,
0.00162880,-0.002441,1.243452,
0.00162900,-0.002441,1.259700,
0.00162920,0.000000,1.275947,
0.00162940,0.000000,1.259700,
0.00162960,0.000000,1.259700,
0.00162980,-0.002441,1.243452,
0.00163000,-0.002441,1.243452,
0.00163020,0.000000,1.227205,
0.00163040,-0.002441,1.243452,
0.00163060,-0.002441,1.243452,
0.00163080,-0.002441,1.243452,
0.00163100,0.000000,1.259700,
0.00163120,0.000000,1.275947,
0.00163140,0.000000,1.259700,
0.00163160,-0.004883,1.275947,
0.00163180,0.000000,1.243452,
0.00163200,-0.002441,1.227205,
0.00163220,-0.002441,1.227205,
0.00163240,0.000000,1.243452,
0.00163260,-0.002441,1.243452,
0.00163280,0.002441,1.259700,
0.00163300,-0.002441,1.243452,
0.00163320,-0.002441,1.259700,
0.00163340,-0.002441,1.259700,
0.00163360,0.000000,1.259700,
0.00163380,-0.002441,1.243452,
0.00163400,-0.002441,1.243452,
0.00163420,0.000000,1.259700,
0.00163440,0.000000,1.259700,
0.00163460,0.000000,1.259700,
0.00163480,0.000000,1.259700,
0.00163500,-0.002441,1.243452,
0.00163520,-0.002441,1.243452,
0.00163540,-0.002441,1.243452,
0.00163560,-0.002441,1.243452,
0.00163580,-0.002441,1.259700,
0.00163600,0.000000,1.259700,
0.00163620,-0.002441,1.243452,
0.00163640,-0.002441,1.259700,
0.00163660,0.000000,1.259700,
0.00163680,0.000000,1.259700,
0.00163700,-0.002441,1.243452,
0.00163720,0.000000,1.243452,
0.00163740,0.000000,1.259700,
0.00163760,0.002441,1.259700,
0.00163780,0.000000,1.243452,
0.00163800,0.000000,1.259700,
0.00163820,0.000000,1.243452,
0.00163840,-0.002441,1.259700,
0.00163860,-0.002441,1.259700,
0.00163880,-0.002441,1.259700,
0.00163900,-0.002441,1.259700,
0.00163920,-0.002441,1.259700,
0.00163940,-0.002441,1.243452,
0.00163960,-0.002441,1.243452,
0.00163980,0.000000,1.259700,
0.00164000,-0.002441,1.259700,
0.00164020,-0.002441,1.243452,
0.00164040,-0.002441,1.259700,
0.00164060,-0.002441,1.259700,
0.00164080,0.000000,1.259700,
0.00164100,-0.002441,1.243452,
0.00164120,0.000000,1.243452,
0.00164140,0.002441,1.259700,
0.00164160,-0.002441,1.259700,
0.00164180,-0.002441,1.243452,
0.00164200,0.000000,1.259700,
0.00164220,-0.002441,1.259700,
0.00164240,0.000000,1.259700,
0.00164260,0.000000,1.259700,
0.00164280,0.002441,1.259700,
0.00164300,-0.002441,1.275947,
0.00164320,0.000000,1.259700,
0.00164340,-0.004883,1.243452,
0.00164360,0.000000,1.259700,
0.00164380,-0.002441,1.243452,
0.00164400,0.000000,1.259700,
0.00164420,0.000000,1.259700,
0.00164440,0.002441,1.259700,
0.00164460,0.000000,1.259700,
0.00164480,-0.002441,1.243452,
0.00164500,-0.002441,1.259700,
0.00164520,0.000000,1.259700,
0.00164540,-0.002441,1.275947,
0.00164560,0.000000,1.275947,
0.00164580,0.000000,1.259700,
0.00164600,0.000000,1.243452,
0.00164620,0.002441,1.259700,
0.00164640,0.000000,1.259700,
0.00164660,-0.002441,1.259700,
0.00164680,0.000000,1.243452,
0.00164700,0.000000,1.259700,
0.00164720,0.000000,1.259700,
0.00164740,0.000000,1.243452,
0.00164760,0.000000,1.243452,
0.00164780,0.000000,1.275947,
0.00164800,0.000000,1.275947,
0.00164820,0.000000,1.275947,
0.00164840,-0.002441,1.259700,
0.00164860,-0.002441,1.243452,
0.00164880,0.000000,1.243452,
0.00164900,-0.002441,1.243452,
0.00164920,-0.002441,1.243452,
0.00164940,0.000000,1.259700,
0.00164960,0.000000,1.275947,
0.00164980,-0.002441,1.259700,
0.00165000,-0.002441,1.259700,
0.00165020,-0.002441,1.275947,
0.00165040,-0.002441,1.259700,
0.00165060,0.000000,1.259700,
0.00165080,-0.002441,1.259700,
0.00165100,-0.002441,1.243452,
0.00165120,-0.002441,1.259700,
0.00165140,-0.002441,1.243452,
0.00165160,-0.002441,1.259700,
0.00165180,0.000000,1.259700,
0.00165200,-0.002441,1.259700,
0.00165220,-0.004883,1.259700,
0.00165240,0.000000,1.259700,
0.00165260,-0.002441,1.243452,
0.00165280,-0.002441,1.243452,
0.00165300,-0.002441,1.259700,
0.00165320,0.000000,1.259700,
0.00165340,0.000000,1.275947,
0.00165360,-0.002441,1.275947,
0.00165380,-0.004883,1.243452,
0.00165400,-0.002441,1.259700,
0.00165420,-0.002441,1.259700,
0.00165440,-0.002441,1.259700,
0.00165460,-0.002441,1.243452,
0.00165480,0.000000,1.259700,
0.00165500,0.000000,1.259700,
0.00165520,0.000000,1.259700,
0.00165540,0.000000,1.259700,
0.00165560,-0.002441,1.259700,
0.00165580,0.000000,1.259700,
0.00165600,0.000000,1.259700,
0.00165620,-0.002441,1.243452,
0.00165640,-0.002441,1.259700,
0.00165660,-0.002441,1.259700,
0.00165680,0.000000,1.259700,
0.00165700,-0.002441,1.259700,
0.00165720,-0.004883,1.243452,
0.00165740,0.000000,1.275947,
0.00165760,-0.002441,1.259700,
0.00165780,-0.002441,1.243452,
0.00165800,-0.002441,1.259700,
0.00165820,0.000000,1.259700,
0.00165840,-0.002441,1.243452,
0.00165860,0.000000,1.259700,
0.00165880,-0.002441,1.259700,
0.00165900,-0.002441,1.275947,
0.00165920,-0.002441,1.259700,
0.00165940,-0.002441,1.243452,
0.00165960,-0.002441,1.243452,
0.00165980,0.000000,1.259700,
0.00166000,0.000000,1.259700,
0.00166020,-0.002441,1.259700,
0.00166040,0.000000,1.259700,
0.00166060,0.000000,1.243452,
0.00166080,0.000000,1.243452,
0.00166100,-0.002441,1.243452,
0.00166120,-0.002441,1.259700,
0.00166140,0.000000,1.259700,
0.00166160,0.000000,1.259700,
0.00166180,-0.002441,1.259700,
0.00166200,-0.002441,1.243452,
0.00166220,0.000000,1.259700,
0.00166240,-0.002441,1.259700,
0.00166260,-0.002441,1.259700,
0.00166280,0.000000,1.259700,
0.00166300,0.000000,1.259700,
0.00166320,0.000000,1.259700,
0.00166340,-0.002441,1.259700,
0.00166360,0.000000,1.259700,
0.00166380,0.000000,1.259700,
0.00166400,0.000000,1.243452,
0.00166420,-0.002441,1.259700,
0.00166440,-0.002441,1.259700,
0.00166460,0.000000,1.275947,
0.00166480,-0.002441,1.259700,
0.00166500,-0.002441,1.243452,
0.00166520,-0.002441,1.259700,
0.00166540,0.000000,1.243452,
0.00166560,-0.002441,1.243452,
0.00166580,-0.002441,1.243452,
0.00166600,0.000000,1.259700,
0.00166620,-0.002441,1.259700,
0.00166640,0.000000,1.275947,
0.00166660,-0.002441,1.275947,
0.00166680,-0.002441,1.243452,
0.00166700,0.000000,1.243452,
0.00166720,-0.002441,1.243452,
0.00166740,-0.002441,1.243452,
0.00166760,-0.002441,1.243452,
0.00166780,0.000000,1.259700,
0.00166800,0.000000,1.259700,
0.00166820,-0.002441,1.259700,
0.00166840,-0.002441,1.259700,
0.00166860,0.000000,1.275947,
0.00166880,0.000000,1.259700,
0.00166900,-0.002441,1.243452,
0.00166920,-0.002441,1.243452,
0.00166940,0.000000,1.243452,
0.00166960,-0.002441,1.259700,
0.00166980,-0.002441,1.243452,
0.00167000,-0.002441,1.259700,
0.00167020,-0.002441,1.259700,
0.00167040,-0.002441,1.259700,
0.00167060,-0.002441,1.259700,
0.00167080,-0.002441,1.243452,
0.00167100,0.000000,1.259700,
0.00167120,-0.002441,1.259700,
0.00167140,0.000000,1.259700,
0.00167160,-0.002441,1.259700,
0.00167180,0.000000,1.243452,
0.00167200,0.000000,1.259700,
0.00167220,-0.002441,1.243452,
0.00167240,0.000000,1.259700,
0.00167260,0.000000,1.259700,
0.00167280,-0.002441,1.259700,
0.00167300,0.000000,1.259700,
0.00167320,-0.002441,1.259700,
0.00167340,0.000000,1.259700,
0.00167360,-0.002441,1.243452,
0.00167380,-0.002441,1.243452,
0.00167400,-0.002441,1.243452,
0.00167420,0.000000,1.259700,
0.00167440,-0.002441,1.259700,
0.00167460,0.000000,1.259700,
0.00167480,-0.004883,1.259700,
0.00167500,-0.002441,1.259700,
0.00167520,0.000000,1.243452,
0.00167540,-0.002441,1.259700,
0.00167560,-0.002441,1.259700,
0.00167580,0.000000,1.259700,
0.00167600,-0.002441,1.259700,
0.00167620,0.000000,1.243452,
0.00167640,-0.002441,1.259700,
0.00167660,0.000000,1.275947,
0.00167680,-0.002441,1.259700,
0.00167700,-0.002441,1.259700,
0.00167720,-0.002441,1.243452,
0.00167740,-0.002441,1.259700,
0.00167760,0.000000,1.259700,
0.00167780,0.000000,1.259700,
0.00167800,0.000000,1.259700,
0.00167820,0.000000,1.259700,
0.00167840,0.000000,1.259700,
0.00167860,-0.002441,1.259700,
0.00167880,-0.002441,1.243452,
0.00167900,0.000000,1.259700,
0.00167920,-0.002441,1.259700,
0.00167940,0.000000,1.259700,
0.00167960,-0.002441,1.243452,
0.00167980,-0.002441,1.259700,
0.00168000,0.000000,1.259700,
0.00168020,-0.002441,1.259700,
0.00168040,-0.002441,1.243452,
0.00168060,-0.002441,1.259700,
0.00168080,-0.002441,1.259700,
0.00168100,0.000000,1.275947,
0.00168120,-0.002441,1.259700,
0.00168140,-0.002441,1.259700,
0.00168160,-0.002441,1.243452,
0.00168180,0.000000,1.259700,
0.00168200,-0.004883,1.243452,
0.00168220,0.000000,1.259700,
0.00168240,0.000000,1.259700,
0.00168260,0.000000,1.259700,
0.00168280,0.000000,1.259700,
0.00168300,0.000000,1.275947,
0.00168320,-0.002441,1.275947,
0.00168340,-0.002441,1.275947,
0.00168360,-0.002441,1.259700,
0.00168380,-0.002441,1.243452,
0.00168400,-0.002441,1.243452,
0.00168420,0.000000,1.259700,
0.00168440,-0.004883,1.259700,
0.00168460,0.000000,1.275947,
0.00168480,-0.002441,1.259700,
0.00168500,-0.002441,1.259700,
0.00168520,-0.002441,1.259700,
0.00168540,-0.002441,1.259700,
0.00168560,-0.002441,1.259700,
0.00168580,0.002441,1.259700,
0.00168600,-0.002441,1.275947,
0.00168620,-0.002441,1.275947,
0.00168640,-0.002441,1.275947,
0.00168660,0.000000,1.259700,
0.00168680,-0.002441,1.259700,
0.00168700,0.000000,1.275947,
0.00168720,0.000000,1.259700,
0.00168740,0.000000,1.259700,
0.00168760,0.000000,1.259700,
0.00168780,-0.002441,1.259700,
0.00168800,-0.002441,1.259700,
0.00168820,-0.002441,1.259700,
0.00168840,-0.002441,1.259700,
0.00168860,0.000000,1.259700,
0.00168880,-0.002441,1.259700,
0.00168900,0.000000,1.275947,
0.00168920,0.000000,1.259700,
0.00168940,-0.002441,1.259700,
0.00168960,0.000000,1.259700,
0.00168980,-0.002441,1.259700,
0.00169000,-0.002441,1.259700,
0.00169020,-0.002441,1.259700,
0.00169040,0.000000,1.275947,
0.00169060,-0.002441,1.259700,
0.00169080,-0.002441,1.259700,
0.00169100,0.000000,1.275947,
0.00169120,0.000000,1.275947,
0.00169140,0.000000,1.259700,
0.00169160,-0.002441,1.259700,
0.00169180,0.000000,1.259700,
0.00169200,-0.002441,1.259700,
0.00169220,-0.002441,1.275947,
0.00169240,-0.002441,1.275947,
0.00169260,0.000000,1.292195,
0.00169280,-0.002441,1.275947,
0.00169300,0.000000,1.259700,
0.00169320,-0.004883,1.243452,
0.00169340,0.000000,1.259700,
0.00169360,0.000000,1.259700,
0.00169380,0.000000,1.259700,
0.00169400,0.000000,1.275947,
0.00169420,-0.002441,1.275947,
0.00169440,0.002441,1.259700,
0.00169460,-0.002441,1.259700,
0.00169480,-0.002441,1.259700,
0.00169500,-0.002441,1.259700,
0.00169520,-0.002441,1.259700,
0.00169540,0.000000,1.259700,
0.00169560,0.000000,1.259700,
0.00169580,-0.002441,1.259700,
0.00169600,0.000000,1.275947,
0.00169620,0.000000,1.259700,
0.00169640,0.000000,1.259700,
0.00169660,0.000000,1.275947,
0.00169680,0.000000,1.275947,
0.00169700,0.000000,1.275947,
0.00169720,0.000000,1.259700,
0.00169740,0.000000,1.259700,
0.00169760,-0.002441,1.259700,
0.00169780,-0.002441,1.259700,
0.00169800,-0.002441,1.259700,
0.00169820,-0.002441,1.259700,
0.00169840,0.000000,1.275947,
0.00169860,0.000000,1.259700,
0.00169880,-0.002441,1.275947,
0.00169900,0.002441,1.275947,
0.00169920,0.000000,1.275947,
0.00169940,0.000000,1.275947,
0.00169960,-0.002441,1.259700,
0.00169980,-0.002441,1.259700,
0.00170000,0.000000,1.275947,
0.00170020,0.000000,1.275947,
0.00170040,-0.002441,1.259700,
0.00170060,0.002441,1.259700,
0.00170080,0.000000,1.259700,
0.00170100,-0.002441,1.275947,
0.00170120,-0.002441,1.275947,
0.00170140,-0.002441,1.275947,
0.00170160,-0.004883,1.275947,
0.00170180,0.000000,1.292195,
0.00170200,-0.002441,1.275947,
0.00170220,0.000000,1.259700,
0.00170240,0.000000,1.259700,
0.00170260,-0.004883,1.259700,
0.00170280,-0.002441,1.275947,
0.00170300,-0.002441,1.259700,
0.00170320,0.000000,1.275947,
0.00170340,0.000000,1.275947,
0.00170360,0.000000,1.275947,
0.00170380,-0.002441,1.275947,
0.00170400,-0.002441,1.275947,
0.00170420,-0.002441,1.259700,
0.00170440,-0.002441,1.259700,
0.00170460,-0.002441,1.275947,
0.00170480,0.000000,1.259700,
0.00170500,0.000000,1.275947,
0.00170520,-0.002441,1.259700,
0.00170540,0.000000,1.259700,
0.00170560,0.000000,1.275947,
0.00170580,0.000000,1.275947,
0.00170600,-0.002441,1.275947,
0.00170620,-0.002441,1.275947,
0.00170640,-0.002441,1.259700,
0.00170660,0.000000,1.259700,
0.00170680,0.000000,1.275947,
0.00170700,0.000000,1.275947,
0.00170720,0.000000,1.275947,
0.00170740,-0.002441,1.259700,
0.00170760,-0.002441,1.259700,
0.00170780,-0.002441,1.259700,
0.00170800,0.000000,1.275947,
0.00170820,0.000000,1.275947,
0.00170840,-0.002441,1.259700,
0.00170860,-0.002441,1.275947,
0.00170880,0.000000,1.259700,
0.00170900,-0.002441,1.259700,
0.00170920,-0.002441,1.259700,
0.00170940,-0.002441,1.275947,
0.00170960,-0.002441,1.275947,
0.00170980,0.000000,1.292195,
0.00171000,-0.002441,1.259700,
0.00171020,-0.002441,1.275947,
0.00171040,-0.002441,1.275947,
0.00171060,-0.002441,1.275947,
0.00171080,-0.002441,1.243452,
0.00171100,0.000000,1.259700,
0.00171120,0.000000,1.259700,
0.00171140,-0.002441,1.275947,
0.00171160,0.000000,1.275947,
0.00171180,-0.002441,1.275947,
0.00171200,0.000000,1.275947,
0.00171220,-0.002441,1.259700,
0.00171240,0.000000,1.259700,
0.00171260,-0.004883,1.259700,
0.00171280,0.000000,1.259700,
0.00171300,0.000000,1.259700,
0.00171320,0.000000,1.259700,
0.00171340,-0.002441,1.259700,
0.00171360,0.000000,1.275947,
0.00171380,-0.002441,1.259700,
0.00171400,0.000000,1.259700,
0.00171420,-0.002441,1.259700,
0.00171440,0.000000,1.275947,
0.00171460,0.000000,1.275947,
0.00171480,0.000000,1.275947,
0.00171500,0.000000,1.275947,
0.00171520,0.000000,1.275947,
0.00171540,0.000000,1.275947,
0.00171560,-0.002441,1.259700,
0.00171580,0.000000,1.275947,
0.00171600,-0.002441,1.275947,
0.00171620,-0.002441,1.275947,
0.00171640,0.000000,1.275947,
0.00171660,-0.002441,1.259700,
0.00171680,0.000000,1.259700,
0.00171700,0.000000,1.259700,
0.00171720,-0.002441,1.259700,
0.00171740,-0.002441,1.259700,
0.00171760,0.000000,1.259700,
0.00171780,0.000000,1.259700,
0.00171800,-0.002441,1.275947,
0.00171820,-0.002441,1.292195,
0.00171840,0.000000,1.292195,
0.00171860,-0.002441,1.275947,
0.00171880,0.000000,1.259700,
0.00171900,-0.002441,1.243452,
0.00171920,-0.002441,1.243452,
0.00171940,0.000000,1.259700,
0.00171960,0.000000,1.259700,
0.00171980,-0.004883,1.275947,
0.00172000,0.000000,1.292195,
0.00172020,-0.004883,1.275947,
0.00172040,-0.002441,1.259700,
0.00172060,-0.002441,1.275947,
0.00172080,-0.002441,1.259700,
0.00172100,0.000000,1.259700,
0.00172120,-0.002441,1.259700,
0.00172140,0.000000,1.275947,
0.00172160,0.000000,1.292195,
0.00172180,0.000000,1.259700,
0.00172200,-0.002441,1.259700,
0.00172220,0.000000,1.259700,
0.00172240,0.000000,1.275947,
0.00172260,0.000000,1.275947,
0.00172280,-0.002441,1.259700,
0.00172300,0.000000,1.259700,
0.00172320,-0.002441,1.275947,
0.00172340,-0.002441,1.275947,
0.00172360,-0.002441,1.275947,
0.00172380,0.000000,1.275947,
0.00172400,-0.002441,1.275947,
0.00172420,0.000000,1.275947,
0.00172440,-0.002441,1.259700,
0.00172460,0.000000,1.259700,
0.00172480,0.000000,1.275947,
0.00172500,-0.002441,1.275947,
0.00172520,-0.002441,1.275947,
0.00172540,-0.002441,1.275947,
0.00172560,0.000000,1.275947,
0.00172580,0.000000,1.275947,
0.00172600,-0.002441,1.275947,
0.00172620,0.000000,1.275947,
0.00172640,-0.002441,1.259700,
0.00172660,-0.002441,1.259700,
0.00172680,-0.002441,1.275947,
0.00172700,-0.002441,1.275947,
0.00172720,-0.002441,1.275947,
0.00172740,-0.002441,1.275947,
0.00172760,0.000000,1.275947,
0.00172780,-0.002441,1.259700,
0.00172800,0.000000,1.275947,
0.00172820,-0.002441,1.292195,
0.00172840,-0.002441,1.259700,
0.00172860,-0.002441,1.259700,
0.00172880,-0.002441,1.275947,
0.00172900,0.000000,1.292195,
0.00172920,0.000000,1.292195,
0.00172940,-0.002441,1.275947,
0.00172960,0.000000,1.292195,
0.00172980,0.000000,1.292195,
0.00173000,-0.002441,1.275947,
0.00173020,-0.002441,1.275947,
0.00173040,0.000000,1.275947,
0.00173060,0.000000,1.275947,
0.00173080,-0.002441,1.275947,
0.00173100,-0.002441,1.275947,
0.00173120,0.000000,1.292195,
0.00173140,0.000000,1.275947,
0.00173160,-0.002441,1.292195,
0.00173180,-0.002441,1.275947,
0.00173200,0.000000,1.275947,
0.00173220,0.000000,1.275947,
0.00173240,0.000000,1.275947,
0.00173260,-0.002441,1.292195,
0.00173280,0.000000,1.292195,
0.00173300,0.000000,1.292195,
0.00173320,-0.002441,1.275947,
0.00173340,-0.002441,1.275947,
0.00173360,0.000000,1.292195,
0.00173380,0.000000,1.292195,
0.00173400,-0.002441,1.292195,
0.00173420,-0.002441,1.275947,
0.00173440,0.000000,1.292195,
0.00173460,0.000000,1.275947,
0.00173480,-0.002441,1.275947,
0.00173500,-0.002441,1.275947,
0.00173520,-0.002441,1.292195,
0.00173540,0.000000,1.275947,
0.00173560,0.000000,1.275947,
0.00173580,-0.002441,1.275947,
0.00173600,-0.004883,1.259700,
0.00173620,-0.002441,1.275947,
0.00173640,0.000000,1.292195,
0.00173660,-0.002441,1.292195,
0.00173680,-0.002441,1.292195,
0.00173700,-0.002441,1.292195,
0.00173720,0.000000,1.292195,
0.00173740,-0.002441,1.275947,
0.00173760,0.000000,1.275947,
0.00173780,-0.002441,1.259700,
0.00173800,-0.002441,1.275947,
0.00173820,-0.002441,1.275947,
0.00173840,0.000000,1.292195,
0.00173860,-0.002441,1.292195,
0.00173880,0.000000,1.275947,
0.00173900,-0.002441,1.275947,
0.00173920,0.000000,1.292195,
0.00173940,0.000000,1.275947,
0.00173960,-0.002441,1.275947,
0.00173980,-0.002441,1.275947,
0.00174000,-0.002441,1.292195,
0.00174020,-0.002441,1.292195,
0.00174040,0.000000,1.275947,
0.00174060,0.000000,1.275947,
0.00174080,-0.004883,1.275947,
0.00174100,-0.002441,1.292195,
0.00174120,-0.002441,1.275947,
0.00174140,-0.002441,1.275947,
0.00174160,-0.002441,1.292195,
0.00174180,0.002441,1.292195,
0.00174200,0.000000,1.275947,
0.00174220,0.000000,1.275947,
0.00174240,-0.002441,1.275947,
0.00174260,-0.002441,1.292195,
0.00174280,-0.002441,1.292195,
0.00174300,-0.002441,1.275947,
0.00174320,-0.002441,1.275947,
0.00174340,0.000000,1.292195,
0.00174360,-0.002441,1.275947,
0.00174380,-0.002441,1.275947,
0.00174400,-0.002441,1.275947,
0.00174420,-0.002441,1.292195,
0.00174440,-0.002441,1.308443,
0.00174460,0.000000,1.292195,
0.00174480,0.000000,1.275947,
0.00174500,-0.002441,1.275947,
0.00174520,-0.002441,1.275947,
0.00174540,-0.002441,1.275947,
0.00174560,0.000000,1.275947,
0.00174580,-0.002441,1.292195,
0.00174600,0.000000,1.275947,
0.00174620,-0.002441,1.292195,
0.00174640,-0.002441,1.292195,
0.00174660,-0.002441,1.292195,
0.00174680,-0.002441,1.292195,
0.00174700,-0.002441,1.259700,
0.00174720,0.000000,1.275947,
0.00174740,-0.002441,1.292195,
0.00174760,-0.002441,1.275947,
0.00174780,-0.002441,1.275947,
0.00174800,-0.002441,1.275947,
0.00174820,0.000000,1.275947,
0.00174840,-0.002441,1.292195,
0.00174860,-0.002441,1.292195,
0.00174880,0.000000,1.292195,
0.00174900,-0.002441,1.275947,
0.00174920,-0.002441,1.275947,
0.00174940,-0.002441,1.275947,
0.00174960,-0.002441,1.275947,
0.00174980,0.000000,1.292195,
0.00175000,-0.002441,1.275947,
0.00175020,-0.002441,1.259700,
0.00175040,-0.002441,1.275947,
0.00175060,-0.002441,1.292195,
0.00175080,-0.002441,1.275947,
0.00175100,-0.002441,1.292195,
0.00175120,-0.002441,1.275947,
0.00175140,-0.002441,1.275947,
0.00175160,0.000000,1.275947,
0.00175180,0.000000,1.292195,
0.00175200,-0.002441,1.275947,
0.00175220,0.000000,1.259700,
0.00175240,-0.002441,1.259700,
0.00175260,-0.002441,1.275947,
0.00175280,-0.002441,1.292195,
0.00175300,-0.002441,1.292195,
0.00175320,-0.002441,1.308443,
0.00175340,-0.002441,1.292195,
0.00175360,0.000000,1.292195,
0.00175380,0.000000,1.275947,
0.00175400,0.000000,1.259700,
0.00175420,-0.002441,1.259700,
0.00175440,0.000000,1.275947,
0.00175460,-0.002441,1.275947,
0.00175480,0.000000,1.292195,
0.00175500,0.000000,1.292195,
0.00175520,0.002441,1.292195,
0.00175540,0.000000,1.292195,
0.00175560,0.000000,1.275947,
0.00175580,-0.002441,1.275947,
0.00175600,0.000000,1.275947,
0.00175620,-0.002441,1.275947,
0.00175640,0.000000,1.275947,
0.00175660,-0.002441,1.275947,
0.00175680,0.002441,1.292195,
0.00175700,0.002441,1.292195,
0.00175720,0.000000,1.275947,
0.00175740,-0.002441,1.275947,
0.00175760,0.000000,1.275947,
0.00175780,0.000000,1.275947,
0.00175800,0.000000,1.275947,
0.00175820,-0.002441,1.275947,
0.00175840,0.002441,1.292195,
0.00175860,0.000000,1.292195,
0.00175880,-0.002441,1.259700,
0.00175900,-0.002441,1.275947,
0.00175920,0.000000,1.275947,
0.00175940,0.000000,1.292195,
0.00175960,0.000000,1.292195,
0.00175980,-0.002441,1.275947,
0.00176000,0.000000,1.275947,
0.00176020,0.000000,1.275947,
0.00176040,-0.002441,1.275947,
0.00176060,-0.002441,1.292195,
0.00176080,-0.002441,1.275947,
0.00176100,0.000000,1.292195,
0.00176120,0.000000,1.275947,
0.00176140,0.000000,1.275947,
0.00176160,0.000000,1.275947,
0.00176180,0.000000,1.275947,
0.00176200,-0.002441,1.275947,
0.00176220,0.000000,1.292195,
0.00176240,-0.002441,1.292195,
0.00176260,0.000000,1.292195,
0.00176280,-0.002441,1.275947,
0.00176300,0.000000,1.275947,
0.00176320,-0.002441,1.275947,
0.00176340,0.000000,1.292195,
0.00176360,-0.002441,1.275947,
0.00176380,0.000000,1.275947,
0.00176400,0.000000,1.292195,
0.00176420,-0.002441,1.292195,
0.00176440,0.000000,1.275947,
0.00176460,-0.002441,1.275947,
0.00176480,0.000000,1.292195,
0.00176500,-0.002441,1.292195,
0.00176520,-0.002441,1.275947,
0.00176540,0.000000,1.275947,
0.00176560,-0.002441,1.275947,
0.00176580,0.000000,1.292195,
0.00176600,0.000000,1.275947,
0.00176620,0.000000,1.275947,
0.00176640,-0.004883,1.275947,
0.00176660,-0.002441,1.292195,
0.00176680,-0.002441,1.292195,
0.00176700,-0.002441,1.275947,
0.00176720,-0.002441,1.275947,
0.00176740,-0.002441,1.292195,
0.00176760,0.002441,1.292195,
0.00176780,0.000000,1.275947,
0.00176800,0.000000,1.275947,
0.00176820,0.000000,1.275947,
0.00176840,-0.002441,1.292195,
0.00176860,-0.002441,1.292195,
0.00176880,-0.002441,1.292195,
0.00176900,0.000000,1.292195,
0.00176920,0.000000,1.292195,
0.00176940,-0.002441,1.292195,
0.00176960,-0.002441,1.292195,
0.00176980,0.000000,1.292195,
0.00177000,-0.002441,1.275947,
0.00177020,-0.002441,1.292195,
0.00177040,-0.004883,1.259700,
0.00177060,-0.002441,1.275947,
0.00177080,0.000000,1.275947,
0.00177100,0.000000,1.292195,
0.00177120,-0.002441,1.292195,
0.00177140,0.000000,1.292195,
0.00177160,-0.002441,1.292195,
0.00177180,0.000000,1.308443,
0.00177200,0.000000,1.292195,
0.00177220,0.000000,1.292195,
0.00177240,0.000000,1.275947,
0.00177260,0.000000,1.275947,
0.00177280,0.002441,1.308443,
0.00177300,0.000000,1.292195,
0.00177320,0.000000,1.275947,
0.00177340,-0.002441,1.275947,
0.00177360,0.000000,1.292195,
0.00177380,-0.002441,1.292195,
0.00177400,0.000000,1.308443,
0.00177420,-0.002441,1.292195,
0.00177440,-0.002441,1.292195,
0.00177460,0.000000,1.292195,
0.00177480,-0.002441,1.275947,
0.00177500,-0.002441,1.292195,
0.00177520,0.000000,1.292195,
0.00177540,0.000000,1.292195,
0.00177560,-0.002441,1.292195,
0.00177580,-0.002441,1.292195,
0.00177600,-0.002441,1.275947,
0.00177620,-0.002441,1.292195,
0.00177640,0.000000,1.292195,
0.00177660,-0.002441,1.275947,
0.00177680,-0.002441,1.275947,
0.00177700,0.000000,1.292195,
0.00177720,0.000000,1.292195,
0.00177740,0.000000,1.292195,
0.00177760,0.000000,1.292195,
0.00177780,-0.002441,1.292195,
0.00177800,0.000000,1.292195,
0.00177820,-0.002441,1.275947,
0.00177840,-0.002441,1.275947,
0.00177860,0.000000,1.292195,
0.00177880,0.000000,1.292195,
0.00177900,-0.002441,1.292195,
0.00177920,0.000000,1.292195,
0.00177940,0.000000,1.292195,
0.00177960,0.000000,1.275947,
0.00177980,-0.002441,1.275947,
0.00178000,-0.002441,1.292195,
0.00178020,-0.002441,1.292195,
0.00178040,-0.002441,1.292195,
0.00178060,0.000000,1.292195,
0.00178080,0.000000,1.292195,
0.00178100,0.000000,1.292195,
0.00178120,-0.002441,1.292195,
0.00178140,-0.002441,1.275947,
0.00178160,0.000000,1.292195,
0.00178180,-0.002441,1.292195,
0.00178200,0.000000,1.292195,
0.00178220,0.000000,1.292195,
0.00178240,-0.002441,1.275947,
0.00178260,0.000000,1.275947,
0.00178280,0.000000,1.292195,
0.00178300,-0.002441,1.275947,
0.00178320,-0.002441,1.292195,
0.00178340,0.000000,1.292195,
0.00178360,0.000000,1.292195,
0.00178380,-0.002441,1.292195,
0.00178400,0.000000,1.292195,
0.00178420,-0.002441,1.292195,
0.00178440,0.000000,1.292195,
0.00178460,-0.002441,1.292195,
0.00178480,-0.002441,1.275947,
0.00178500,-0.002441,1.275947,
0.00178520,0.000000,1.275947,
0.00178540,0.000000,1.292195,
0.00178560,0.000000,1.292195,
0.00178580,0.000000,1.292195,
0.00178600,-0.002441,1.292195,
0.00178620,0.000000,1.275947,
0.00178640,-0.002441,1.275947,
0.00178660,0.000000,1.292195,
0.00178680,0.000000,1.275947,
0.00178700,0.000000,1.275947,
0.00178720,-0.002441,1.275947,
0.00178740,0.000000,1.259700,
0.00178760,-0.002441,1.259700,
0.00178780,-0.002441,1.259700,
0.00178800,0.000000,1.275947,
0.00178820,0.000000,1.308443,
0.00178840,-0.002441,1.308443,
0.00178860,-0.002441,1.308443,
0.00178880,0.000000,1.308443,
0.00178900,-0.002441,1.259700,
0.00178920,0.000000,1.243452,
0.00178940,-0.002441,1.259700,
0.00178960,-0.002441,1.275947,
0.00178980,-0.002441,1.292195,
0.00179000,0.000000,1.275947,
0.00179020,0.000000,1.292195,
0.00179040,-0.002441,1.292195,
0.00179060,0.000000,1.292195,
0.00179080,0.000000,1.292195,
0.00179100,-0.002441,1.275947,
0.00179120,-0.002441,1.275947,
0.00179140,0.000000,1.275947,
0.00179160,-0.002441,1.275947,
0.00179180,0.000000,1.292195,
0.00179200,-0.002441,1.308443,
0.00179220,-0.002441,1.292195,
0.00179240,0.000000,1.275947,
0.00179260,0.000000,1.275947,
0.00179280,-0.002441,1.275947,
0.00179300,0.000000,1.275947,
0.00179320,0.000000,1.292195,
0.00179340,0.000000,1.292195,
0.00179360,-0.002441,1.292195,
0.00179380,0.000000,1.292195,
0.00179400,0.000000,1.275947,
0.00179420,-0.002441,1.275947,
0.00179440,-0.002441,1.275947,
0.00179460,0.000000,1.292195,
0.00179480,0.000000,1.275947,
0.00179500,0.000000,1.275947,
0.00179520,0.000000,1.292195,
0.00179540,0.000000,1.275947,
0.00179560,0.000000,1.275947,
0.00179580,0.000000,1.275947,
0.00179600,-0.002441,1.275947,
0.00179620,0.002441,1.292195,
0.00179640,-0.002441,1.292195,
0.00179660,0.000000,1.275947,
0.00179680,-0.002441,1.275947,
0.00179700,0.000000,1.275947,
0.00179720,-0.002441,1.275947,
0.00179740,-0.002441,1.275947,
0.00179760,-0.002441,1.292195,
0.00179780,0.000000,1.292195,
0.00179800,0.000000,1.275947,
0.00179820,0.000000,1.275947,
0.00179840,-0.002441,1.275947,
0.00179860,0.002441,1.292195,
0.00179880,-0.002441,1.292195,
0.00179900,-0.002441,1.275947,
0.00179920,0.000000,1.275947,
0.00179940,0.000000,1.275947,
0.00179960,-0.002441,1.259700,
0.00179980,0.002441,1.292195,
0.00180000,-0.002441,1.275947,
0.00180020,-0.002441,1.275947,
0.00180040,0.000000,1.275947,
0.00180060,0.000000,1.275947,
0.00180080,-0.002441,1.275947,
0.00180100,-0.002441,1.292195,
0.00180120,-0.002441,1.292195,
0.00180140,0.000000,1.292195,
0.00180160,-0.002441,1.275947,
0.00180180,-0.002441,1.275947,
0.00180200,0.002441,1.292195,
0.00180220,-0.002441,1.292195,
0.00180240,0.000000,1.275947,
0.00180260,0.000000,1.275947,
0.00180280,0.000000,1.275947,
0.00180300,0.000000,1.292195,
0.00180320,-0.002441,1.292195,
0.00180340,-0.002441,1.275947,
0.00180360,-0.002441,1.275947,
0.00180380,0.000000,1.275947,
0.00180400,-0.002441,1.292195,
0.00180420,0.000000,1.292195,
0.00180440,0.000000,1.292195,
0.00180460,0.000000,1.292195,
0.00180480,-0.002441,1.275947,
0.00180500,0.000000,1.292195,
0.00180520,0.000000,1.275947,
0.00180540,-0.002441,1.275947,
0.00180560,-0.002441,1.275947,
0.00180580,-0.002441,1.275947,
0.00180600,0.000000,1.275947,
0.00180620,0.000000,1.292195,
0.00180640,-0.002441,1.292195,
0.00180660,0.000000,1.308443,
0.00180680,-0.002441,1.292195,
0.00180700,-0.002441,1.292195,
0.00180720,-0.002441,1.275947,
0.00180740,0.000000,1.292195,
0.00180760,0.000000,1.292195,
0.00180780,0.000000,1.275947,
0.00180800,0.000000,1.275947,
0.00180820,-0.002441,1.292195,
0.00180840,-0.002441,1.292195,
0.00180860,-0.002441,1.275947,
0.00180880,-0.002441,1.275947,
0.00180900,-0.002441,1.292195,
0.00180920,0.000000,1.292195,
0.00180940,-0.002441,1.275947,
0.00180960,-0.002441,1.275947,
0.00180980,-0.002441,1.292195,
0.00181000,0.000000,1.292195,
0.00181020,0.000000,1.292195,
0.00181040,-0.002441,1.275947,
0.00181060,-0.002441,1.275947,
0.00181080,0.000000,1.292195,
0.00181100,-0.002441,1.275947,
0.00181120,-0.002441,1.275947,
0.00181140,-0.002441,1.275947,
0.00181160,-0.002441,1.275947,
0.00181180,0.000000,1.292195,
0.00181200,-0.002441,1.275947,
0.00181220,-0.002441,1.292195,
0.00181240,0.000000,1.275947,
0.00181260,0.000000,1.292195,
0.00181280,0.000000,1.292195,
0.00181300,-0.002441,1.275947,
0.00181320,0.000000,1.275947,
0.00181340,-0.002441,1.275947,
0.00181360,0.000000,1.275947,
0.00181380,-0.002441,1.275947,
0.00181400,0.000000,1.292195,
0.00181420,0.000000,1.292195,
0.00181440,0.000000,1.292195,
0.00181460,0.002441,1.292195,
0.00181480,-0.002441,1.275947,
0.00181500,0.000000,1.275947,
0.00181520,-0.002441,1.275947,
0.00181540,-0.002441,1.292195,
0.00181560,-0.002441,1.292195,
0.00181580,0.000000,1.292195,
0.00181600,-0.002441,1.275947,
0.00181620,0.004883,1.292195,
0.00181640,0.000000,1.275947,
0.00181660,0.000000,1.275947,
0.00181680,-0.002441,1.275947,
0.00181700,0.000000,1.292195,
0.00181720,-0.002441,1.292195,
0.00181740,0.000000,1.292195,
0.00181760,0.000000,1.292195,
0.00181780,0.002441,1.292195,
0.00181800,0.000000,1.292195,
0.00181820,-0.002441,1.275947,
0.00181840,-0.002441,1.275947,
0.00181860,0.000000,1.275947,
0.00181880,0.000000,1.292195,
0.00181900,-0.002441,1.292195,
0.00181920,-0.002441,1.275947,
0.00181940,-0.002441,1.275947,
0.00181960,0.000000,1.275947,
0.00181980,-0.002441,1.275947,
0.00182000,-0.002441,1.275947,
0.00182020,0.000000,1.275947,
0.00182040,0.000000,1.275947,
0.00182060,0.000000,1.292195,
0.00182080,-0.002441,1.275947,
0.00182100,-0.002441,1.275947,
0.00182120,0.000000,1.275947,
0.00182140,0.000000,1.275947,
0.00182160,0.000000,1.275947,
0.00182180,-0.002441,1.275947,
0.00182200,-0.002441,1.275947,
0.00182220,0.000000,1.275947,
0.00182240,-0.002441,1.259700,
0.00182260,-0.002441,1.259700,
0.00182280,-0.002441,1.275947,
0.00182300,-0.002441,1.275947,
0.00182320,-0.002441,1.292195,
0.00182340,-0.002441,1.292195,
0.00182360,-0.002441,1.308443,
0.00182380,-0.002441,1.292195,
0.00182400,-0.002441,1.275947,
0.00182420,-0.002441,1.259700,
0.00182440,-0.002441,1.259700,
0.00182460,0.000000,1.259700,
0.00182480,-0.002441,1.275947,
0.00182500,-0.002441,1.275947,
0.00182520,-0.002441,1.292195,
0.00182540,-0.002441,1.292195,
0.00182560,0.000000,1.292195,
0.00182580,0.000000,1.292195,
0.00182600,-0.002441,1.275947,
0.00182620,-0.002441,1.259700,
0.00182640,-0.002441,1.259700,
0.00182660,0.000000,1.259700,
0.00182680,-0.002441,1.275947,
0.00182700,0.000000,1.292195,
0.00182720,0.000000,1.292195,
0.00182740,-0.002441,1.275947,
0.00182760,-0.002441,1.275947,
0.00182780,-0.002441,1.275947,
0.00182800,-0.002441,1.275947,
0.00182820,-0.002441,1.275947,
0.00182840,0.000000,1.275947,
0.00182860,0.000000,1.275947,
0.00182880,0.000000,1.275947,
0.00182900,-0.002441,1.275947,
0.00182920,-0.002441,1.275947,
0.00182940,0.000000,1.259700,
0.00182960,-0.002441,1.259700,
0.00182980,-0.002441,1.259700,
0.00183000,0.000000,1.275947,
0.00183020,0.000000,1.275947,
0.00183040,-0.002441,1.275947,
0.00183060,-0.002441,1.275947,
0.00183080,0.000000,1.292195,
0.00183100,0.000000,1.275947,
0.00183120,-0.002441,1.275947,
0.00183140,-0.002441,1.275947,
0.00183160,0.000000,1.275947,
0.00183180,0.000000,1.259700,
0.00183200,0.000000,1.275947,
0.00183220,-0.004883,1.275947,
0.00183240,0.000000,1.275947,
0.00183260,-0.002441,1.275947,
0.00183280,0.000000,1.275947,
0.00183300,-0.002441,1.259700,
0.00183320,0.000000,1.275947,
0.00183340,0.000000,1.275947,
0.00183360,0.000000,1.275947,
0.00183380,-0.002441,1.275947,
0.00183400,0.000000,1.259700,
0.00183420,0.000000,1.275947,
0.00183440,-0.002441,1.259700,
0.00183460,-0.002441,1.259700,
0.00183480,0.000000,1.275947,
0.00183500,0.000000,1.275947,
0.00183520,-0.002441,1.275947,
0.00183540,0.000000,1.292195,
0.00183560,-0.002441,1.275947,
0.00183580,-0.002441,1.259700,
0.00183600,-0.002441,1.259700,
0.00183620,-0.002441,1.259700,
0.00183640,-0.002441,1.275947,
0.00183660,0.000000,1.275947,
0.00183680,-0.004883,1.259700,
0.00183700,-0.002441,1.259700,
0.00183720,0.000000,1.292195,
0.00183740,0.000000,1.275947,
0.00183760,-0.002441,1.259700,
0.00183780,-0.002441,1.259700,
0.00183800,0.000000,1.275947,
0.00183820,0.000000,1.275947,
0.00183840,0.000000,1.275947,
0.00183860,0.000000,1.275947,
0.00183880,0.000000,1.275947,
0.00183900,0.000000,1.275947,
0.00183920,-0.002441,1.259700,
0.00183940,-0.002441,1.275947,
0.00183960,0.000000,1.275947,
0.00183980,0.000000,1.275947,
0.00184000,0.000000,1.275947,
0.00184020,-0.002441,1.259700,
0.00184040,0.000000,1.275947,
0.00184060,-0.002441,1.275947,
0.00184080,-0.002441,1.259700,
0.00184100,-0.002441,1.259700,
0.00184120,0.000000,1.259700,
0.00184140,0.000000,1.275947,
0.00184160,0.000000,1.292195,
0.00184180,-0.002441,1.275947,
0.00184200,0.000000,1.292195,
0.00184220,0.000000,1.275947,
0.00184240,-0.002441,1.275947,
0.00184260,0.000000,1.275947,
0.00184280,0.000000,1.259700,
0.00184300,0.002441,1.275947,
0.00184320,0.000000,1.275947,
0.00184340,0.000000,1.275947,
0.00184360,0.000000,1.292195,
0.00184380,0.000000,1.292195,
0.00184400,-0.004883,1.275947,
0.00184420,-0.002441,1.259700,
0.00184440,-0.002441,1.275947,
0.00184460,0.000000,1.275947,
0.00184480,0.000000,1.275947,
0.00184500,-0.002441,1.259700,
0.00184520,0.000000,1.275947,
0.00184540,-0.002441,1.275947,
0.00184560,-0.002441,1.275947,
0.00184580,-0.002441,1.292195,
0.00184600,0.000000,1.292195,
0.00184620,-0.002441,1.275947,
0.00184640,0.000000,1.275947,
0.00184660,0.000000,1.275947,
0.00184680,-0.002441,1.275947,
0.00184700,-0.002441,1.275947,
0.00184720,-0.002441,1.275947,
0.00184740,0.000000,1.259700,
0.00184760,-0.002441,1.275947,
0.00184780,0.000000,1.275947,
0.00184800,0.000000,1.292195,
0.00184820,-0.002441,1.292195,
0.00184840,-0.002441,1.275947,
0.00184860,-0.002441,1.275947,
0.00184880,-0.002441,1.275947,
0.00184900,-0.002441,1.275947,
0.00184920,0.000000,1.292195,
0.00184940,0.000000,1.275947,
0.00184960,0.000000,1.275947,
0.00184980,0.000000,1.275947,
0.00185000,-0.002441,1.275947,
0.00185020,0.000000,1.292195,
0.00185040,-0.002441,1.275947,
0.00185060,-0.002441,1.275947,
0.00185080,0.000000,1.275947,
0.00185100,0.000000,1.275947,
0.00185120,0.000000,1.275947,
0.00185140,0.000000,1.292195,
0.00185160,0.000000,1.275947,
0.00185180,-0.002441,1.292195,
0.00185200,-0.002441,1.275947,
0.00185220,-0.002441,1.275947,
0.00185240,-0.002441,1.275947,
0.00185260,0.000000,1.275947,
0.00185280,-0.002441,1.292195,
0.00185300,0.000000,1.275947,
0.00185320,-0.002441,1.275947,
0.00185340,0.000000,1.275947,
0.00185360,-0.002441,1.275947,
0.00185380,-0.002441,1.275947,
0.00185400,-0.002441,1.275947,
0.00185420,-0.002441,1.275947,
0.00185440,0.000000,1.292195,
0.00185460,0.000000,1.292195,
0.00185480,0.000000,1.292195,
0.00185500,0.000000,1.292195,
0.00185520,-0.002441,1.275947,
0.00185540,0.000000,1.259700,
0.00185560,-0.002441,1.275947,
0.00185580,0.000000,1.292195,
0.00185600,0.000000,1.275947,
0.00185620,0.000000,1.275947,
0.00185640,0.000000,1.275947,
0.00185660,0.000000,1.275947,
0.00185680,-0.002441,1.275947,
0.00185700,-0.002441,1.292195,
0.00185720,-0.002441,1.275947,
0.00185740,0.000000,1.292195,
0.00185760,-0.002441,1.259700,
0.00185780,0.000000,1.259700,
0.00185800,-0.002441,1.259700,
0.00185820,-0.002441,1.275947,
0.00185840,-0.002441,1.292195,
0.00185860,-0.002441,1.292195,
0.00185880,0.000000,1.308443,
0.00185900,-0.002441,1.292195,
0.00185920,0.000000,1.292195,
0.00185940,0.000000,1.259700,
0.00185960,0.000000,1.243452,
0.00185980,0.000000,1.243452,
0.00186000,0.000000,1.259700,
0.00186020,0.000000,1.259700,
0.00186040,0.000000,1.292195,
0.00186060,-0.002441,1.275947,
0.00186080,0.000000,1.275947,
0.00186100,0.000000,1.275947,
0.00186120,0.000000,1.275947,
0.00186140,0.000000,1.275947,
0.00186160,0.000000,1.243452,
0.00186180,-0.002441,1.259700,
0.00186200,0.000000,1.275947,
0.00186220,-0.002441,1.275947,
0.00186240,0.000000,1.292195,
0.00186260,-0.002441,1.275947,
0.00186280,0.000000,1.275947,
0.00186300,0.000000,1.275947,
0.00186320,-0.002441,1.259700,
0.00186340,-0.002441,1.275947,
0.00186360,-0.002441,1.275947,
0.00186380,0.000000,1.275947,
0.00186400,-0.002441,1.275947,
0.00186420,0.000000,1.275947,
0.00186440,0.000000,1.292195,
0.00186460,0.000000,1.275947,
0.00186480,-0.002441,1.259700,
0.00186500,-0.002441,1.259700,
0.00186520,-0.002441,1.259700,
0.00186540,0.000000,1.259700,
0.00186560,-0.002441,1.259700,
0.00186580,-0.002441,1.259700,
0.00186600,-0.002441,1.275947,
0.00186620,-0.002441,1.275947,
0.00186640,0.000000,1.275947,
0.00186660,-0.002441,1.259700,
0.00186680,0.000000,1.259700,
0.00186700,-0.002441,1.259700,
0.00186720,0.000000,1.275947,
0.00186740,-0.002441,1.259700,
0.00186760,0.000000,1.275947,
0.00186780,-0.002441,1.275947,
0.00186800,0.000000,1.259700,
0.00186820,0.000000,1.259700,
0.00186840,0.000000,1.259700,
0.00186860,0.000000,1.259700,
0.00186880,0.000000,1.275947,
0.00186900,0.000000,1.275947,
0.00186920,0.000000,1.275947,
0.00186940,-0.002441,1.275947,
0.00186960,-0.002441,1.259700,
0.00186980,0.000000,1.259700,
0.00187000,0.000000,1.259700,
0.00187020,-0.002441,1.259700,
0.00187040,-0.002441,1.275947,
0.00187060,-0.002441,1.275947,
0.00187080,0.000000,1.275947,
0.00187100,-0.002441,1.259700,
0.00187120,0.000000,1.275947,
0.00187140,-0.002441,1.259700,
0.00187160,0.000000,1.259700,
0.00187180,0.000000,1.259700,
0.00187200,0.000000,1.259700,
0.00187220,-0.002441,1.259700,
0.00187240,0.000000,1.275947,
0.00187260,-0.002441,1.259700,
0.00187280,-0.002441,1.275947,
0.00187300,0.000000,1.259700,
0.00187320,0.000000,1.275947,
0.00187340,0.000000,1.259700,
0.00187360,0.000000,1.259700,
0.00187380,-0.002441,1.259700,
0.00187400,0.000000,1.275947,
0.00187420,0.000000,1.275947,
0.00187440,0.000000,1.259700,
0.00187460,-0.004883,1.259700,
0.00187480,0.000000,1.275947,
0.00187500,-0.002441,1.259700,
0.00187520,0.000000,1.259700,
0.00187540,-0.002441,1.259700,
0.00187560,-0.002441,1.259700,
0.00187580,0.000000,1.259700,
0.00187600,0.000000,1.243452,
0.00187620,-0.002441,1.243452,
0.00187640,0.000000,1.275947,
0.00187660,0.000000,1.275947,
0.00187680,-0.002441,1.275947,
0.00187700,0.000000,1.275947,
0.00187720,0.000000,1.275947,
0.00187740,0.000000,1.275947,
0.00187760,-0.002441,1.275947,
0.00187780,-0.002441,1.259700,
0.00187800,-0.002441,1.243452,
0.00187820,0.000000,1.259700,
0.00187840,0.000000,1.259700,
0.00187860,0.000000,1.275947,
0.00187880,0.002441,1.292195,
0.00187900,0.000000,1.275947,
0.00187920,0.000000,1.259700,
0.00187940,-0.002441,1.259700,
0.00187960,0.000000,1.259700,
0.00187980,0.000000,1.259700,
0.00188000,-0.002441,1.259700,
0.00188020,0.000000,1.275947,
0.00188040,0.002441,1.275947,
0.00188060,-0.002441,1.275947,
0.00188080,-0.002441,1.259700,
0.00188100,-0.002441,1.275947,
0.00188120,-0.002441,1.259700,
0.00188140,0.000000,1.275947,
0.00188160,0.000000,1.259700,
0.00188180,0.000000,1.259700,
0.00188200,0.002441,1.275947,
0.00188220,0.000000,1.275947,
0.00188240,0.000000,1.275947,
0.00188260,-0.002441,1.259700,
0.00188280,0.000000,1.275947,
0.00188300,0.000000,1.275947,
0.00188320,0.000000,1.275947,
0.00188340,0.000000,1.259700,
0.00188360,0.002441,1.275947,
0.00188380,-0.002441,1.275947,
0.00188400,-0.002441,1.275947,
0.00188420,0.000000,1.275947,
0.00188440,-0.002441,1.259700,
0.00188460,-0.002441,1.259700,
0.00188480,0.000000,1.275947,
0.00188500,-0.002441,1.259700,
0.00188520,-0.002441,1.259700,
0.00188540,0.000000,1.275947,
0.00188560,-0.002441,1.275947,
0.00188580,0.000000,1.275947,
0.00188600,0.000000,1.275947,
0.00188620,0.000000,1.275947,
0.00188640,0.000000,1.259700,
0.00188660,-0.002441,1.275947,
0.00188680,-0.002441,1.275947,
0.00188700,-0.002441,1.275947,
0.00188720,0.000000,1.275947,
0.00188740,-0.002441,1.259700,
0.00188760,-0.002441,1.275947,
0.00188780,-0.002441,1.275947,
0.00188800,0.000000,1.275947,
0.00188820,0.000000,1.275947,
0.00188840,-0.002441,1.259700,
0.00188860,0.000000,1.275947,
0.00188880,0.000000,1.259700,
0.00188900,-0.002441,1.275947,
0.00188920,-0.002441,1.275947,
0.00188940,0.000000,1.259700,
0.00188960,0.000000,1.259700,
0.00188980,-0.002441,1.275947,
0.00189000,0.000000,1.292195,
0.00189020,-0.002441,1.275947,
0.00189040,0.000000,1.275947,
0.00189060,-0.002441,1.275947,
0.00189080,-0.002441,1.275947,
0.00189100,0.000000,1.292195,
0.00189120,0.000000,1.275947,
0.00189140,0.000000,1.275947,
0.00189160,-0.002441,1.275947,
0.00189180,0.000000,1.275947,
0.00189200,0.000000,1.275947,
0.00189220,-0.002441,1.259700,
0.00189240,-0.002441,1.259700,
0.00189260,-0.002441,1.259700,
0.00189280,0.000000,1.259700,
0.00189300,-0.002441,1.259700,
0.00189320,-0.002441,1.275947,
0.00189340,0.000000,1.292195,
0.00189360,-0.002441,1.292195,
0.00189380,-0.002441,1.292195,
0.00189400,-0.002441,1.275947,
0.00189420,0.002441,1.292195,
0.00189440,0.000000,1.259700,
0.00189460,0.000000,1.275947,
0.00189480,-0.002441,1.259700,
0.00189500,0.000000,1.259700,
0.00189520,-0.002441,1.259700,
0.00189540,-0.002441,1.275947,
0.00189560,-0.002441,1.292195,
0.00189580,-0.002441,1.292195,
0.00189600,0.000000,1.275947,
0.00189620,0.000000,1.275947,
0.00189640,-0.002441,1.259700,
0.00189660,0.000000,1.275947,
0.00189680,-0.002441,1.259700,
0.00189700,-0.002441,1.259700,
0.00189720,-0.002441,1.275947,
0.00189740,0.000000,1.275947,
0.00189760,0.000000,1.275947,
0.00189780,-0.002441,1.275947,
0.00189800,0.000000,1.275947,
0.00189820,0.000000,1.275947,
0.00189840,0.000000,1.275947,
0.00189860,-0.002441,1.259700,
0.00189880,-0.002441,1.259700,
0.00189900,0.000000,1.292195,
0.00189920,0.000000,1.275947,
0.00189940,0.002441,1.275947,
0.00189960,-0.002441,1.259700,
0.00189980,0.000000,1.275947,
0.00190000,0.000000,1.275947,
0.00190020,-0.002441,1.275947,
0.00190040,-0.002441,1.259700,
0.00190060,0.000000,1.275947,
0.00190080,0.000000,1.275947,
0.00190100,-0.002441,1.275947,
0.00190120,0.000000,1.259700,
0.00190140,0.000000,1.259700,
0.00190160,0.000000,1.259700,
0.00190180,-0.002441,1.275947,
0.00190200,-0.002441,1.259700,
0.00190220,-0.002441,1.259700,
0.00190240,0.000000,1.259700,
0.00190260,0.000000,1.275947,
0.00190280,-0.002441,1.275947,
0.00190300,0.000000,1.275947,
0.00190320,0.000000,1.259700,
0.00190340,-0.002441,1.259700,
0.00190360,0.000000,1.275947,
0.00190380,0.000000,1.275947,
0.00190400,0.000000,1.275947,
0.00190420,0.000000,1.275947,
0.00190440,0.000000,1.275947,
0.00190460,0.000000,1.275947,
0.00190480,0.000000,1.259700,
0.00190500,-0.002441,1.259700,
0.00190520,-0.002441,1.275947,
0.00190540,-0.002441,1.275947,
0.00190560,0.000000,1.275947,
0.00190580,0.000000,1.275947,
0.00190600,-0.002441,1.259700,
0.00190620,0.000000,1.275947,
0.00190640,-0.002441,1.275947,
0.00190660,-0.002441,1.259700,
0.00190680,0.000000,1.259700,
0.00190700,0.002441,1.275947,
0.00190720,0.000000,1.275947,
0.00190740,-0.002441,1.275947,
0.00190760,-0.002441,1.275947,
0.00190780,0.000000,1.275947,
0.00190800,0.000000,1.259700,
0.00190820,0.000000,1.259700,
0.00190840,-0.002441,1.259700,
0.00190860,0.000000,1.259700,
0.00190880,0.000000,1.275947,
0.00190900,0.000000,1.275947,
0.00190920,-0.002441,1.259700,
0.00190940,0.002441,1.275947,
0.00190960,-0.002441,1.275947,
0.00190980,-0.002441,1.259700,
0.00191000,-0.002441,1.275947,
0.00191020,-0.002441,1.292195,
0.00191040,-0.002441,1.275947,
0.00191060,0.000000,1.275947,
0.00191080,0.000000,1.259700,
0.00191100,0.000000,1.259700,
0.00191120,0.000000,1.259700,
0.00191140,-0.002441,1.259700,
0.00191160,-0.002441,1.259700,
0.00191180,-0.002441,1.275947,
0.00191200,-0.002441,1.292195,
0.00191220,0.000000,1.292195,
0.00191240,-0.002441,1.275947,
0.00191260,0.000000,1.275947,
0.00191280,0.000000,1.259700,
0.00191300,-0.002441,1.243452,
0.00191320,0.000000,1.259700,
0.00191340,-0.002441,1.259700,
0.00191360,0.000000,1.275947,
0.00191380,0.000000,1.275947,
0.00191400,-0.002441,1.259700,
0.00191420,0.000000,1.275947,
0.00191440,0.000000,1.292195,
0.00191460,-0.002441,1.259700,
0.00191480,-0.002441,1.259700,
0.00191500,0.000000,1.259700,
0.00191520,0.000000,1.259700,
0.00191540,-0.002441,1.259700,
0.00191560,-0.002441,1.259700,
0.00191580,0.002441,1.292195,
0.00191600,0.000000,1.275947,
0.00191620,-0.002441,1.259700,
0.00191640,-0.002441,1.259700,
0.00191660,0.000000,1.275947,
0.00191680,-0.002441,1.292195,
0.00191700,0.000000,1.292195,
0.00191720,0.000000,1.259700,
0.00191740,0.000000,1.275947,
0.00191760,-0.002441,1.259700,
0.00191780,0.000000,1.259700,
0.00191800,0.002441,1.275947,
0.00191820,-0.002441,1.275947,
0.00191840,0.000000,1.275947,
0.00191860,-0.002441,1.275947,
0.00191880,0.000000,1.275947,
0.00191900,-0.002441,1.275947,
0.00191920,-0.002441,1.259700,
0.00191940,0.000000,1.259700,
0.00191960,-0.002441,1.259700,
0.00191980,-0.002441,1.259700,
0.00192000,0.000000,1.259700,
0.00192020,0.000000,1.275947,
0.00192040,0.002441,1.275947,
0.00192060,-0.002441,1.259700,
0.00192080,0.000000,1.259700,
0.00192100,-0.002441,1.275947,
0.00192120,-0.002441,1.275947,
0.00192140,-0.002441,1.275947,
0.00192160,0.000000,1.259700,
0.00192180,0.000000,1.275947,
0.00192200,-0.002441,1.275947,
0.00192220,0.000000,1.275947,
0.00192240,0.000000,1.275947,
0.00192260,0.000000,1.275947,
0.00192280,0.000000,1.259700,
0.00192300,0.000000,1.275947,
0.00192320,0.000000,1.275947,
0.00192340,0.000000,1.275947,
0.00192360,0.000000,1.275947,
0.00192380,-0.002441,1.275947,
0.00192400,-0.002441,1.259700,
0.00192420,-0.002441,1.275947,
0.00192440,-0.002441,1.275947,
0.00192460,0.000000,1.275947,
0.00192480,0.000000,1.275947,
0.00192500,0.000000,1.275947,
0.00192520,-0.002441,1.275947,
0.00192540,0.000000,1.259700,
0.00192560,0.000000,1.259700,
0.00192580,-0.002441,1.259700,
0.00192600,-0.002441,1.275947,
0.00192620,0.000000,1.259700,
0.00192640,0.000000,1.275947,
0.00192660,-0.002441,1.275947,
0.00192680,0.000000,1.275947,
0.00192700,-0.002441,1.275947,
0.00192720,0.000000,1.275947,
0.00192740,-0.002441,1.259700,
0.00192760,-0.002441,1.259700,
0.00192780,-0.002441,1.259700,
0.00192800,0.000000,1.259700,
0.00192820,0.000000,1.259700,
0.00192840,-0.002441,1.275947,
0.00192860,-0.002441,1.308443,
0.00192880,-0.002441,1.292195,
0.00192900,0.000000,1.292195,
0.00192920,0.000000,1.275947,
0.00192940,0.000000,1.259700,
0.00192960,0.000000,1.259700,
0.00192980,0.002441,1.259700,
0.00193000,0.000000,1.259700,
0.00193020,-0.002441,1.275947,
0.00193040,0.000000,1.275947,
0.00193060,0.000000,1.275947,
0.00193080,-0.002441,1.275947,
0.00193100,-0.002441,1.292195,
0.00193120,0.000000,1.292195,
0.00193140,-0.002441,1.275947,
0.00193160,-0.002441,1.275947,
0.00193180,0.000000,1.275947,
0.00193200,-0.002441,1.275947,
0.00193220,0.000000,1.275947,
0.00193240,-0.002441,1.259700,
0.00193260,-0.002441,1.275947,
0.00193280,0.000000,1.292195,
0.00193300,0.000000,1.275947,
0.00193320,0.000000,1.275947,
0.00193340,0.000000,1.275947,
0.00193360,0.000000,1.275947,
0.00193380,0.000000,1.275947,
0.00193400,0.000000,1.275947,
0.00193420,0.000000,1.275947,
0.00193440,0.000000,1.275947,
0.00193460,0.000000,1.275947,
0.00193480,0.000000,1.275947,
0.00193500,0.000000,1.275947,
0.00193520,0.000000,1.275947,
0.00193540,0.000000,1.275947,
0.00193560,-0.002441,1.275947,
0.00193580,-0.002441,1.275947,
0.00193600,0.000000,1.275947,
0.00193620,0.000000,1.292195,
0.00193640,0.000000,1.275947,
0.00193660,-0.002441,1.275947,
0.00193680,-0.002441,1.275947,
0.00193700,-0.002441,1.275947,
0.00193720,-0.002441,1.275947,
0.00193740,-0.002441,1.292195,
0.00193760,0.002441,1.275947,
0.00193780,0.000000,1.275947,
0.00193800,0.000000,1.275947,
0.00193820,-0.002441,1.275947,
0.00193840,0.000000,1.275947,
0.00193860,-0.004883,1.259700,
0.00193880,0.002441,1.275947,
0.00193900,-0.002441,1.275947,
0.00193920,-0.002441,1.292195,
0.00193940,0.000000,1.292195,
0.00193960,0.000000,1.275947,
0.00193980,-0.002441,1.275947,
0.00194000,0.000000,1.259700,
0.00194020,-0.002441,1.259700,
0.00194040,-0.002441,1.259700,
0.00194060,-0.002441,1.275947,
0.00194080,0.000000,1.275947,
0.00194100,-0.002441,1.275947,
0.00194120,-0.002441,1.275947,
0.00194140,0.000000,1.275947,
0.00194160,0.000000,1.275947,
0.00194180,-0.002441,1.275947,
0.00194200,-0.002441,1.275947,
0.00194220,0.000000,1.275947,
0.00194240,0.000000,1.275947,
0.00194260,-0.002441,1.275947,
0.00194280,0.000000,1.275947,
0.00194300,0.004883,1.275947,
0.00194320,-0.002441,1.275947,
0.00194340,-0.002441,1.275947,
0.00194360,0.000000,1.275947,
0.00194380,-0.002441,1.292195,
0.00194400,0.000000,1.292195,
0.00194420,0.000000,1.292195,
0.00194440,0.000000,1.275947,
0.00194460,0.002441,1.292195,
0.00194480,0.000000,1.292195,
0.00194500,-0.002441,1.292195,
0.00194520,-0.002441,1.275947,
0.00194540,-0.002441,1.275947,
0.00194560,0.000000,1.275947,
0.00194580,0.000000,1.275947,
0.00194600,0.000000,1.259700,
0.00194620,0.000000,1.259700,
0.00194640,0.000000,1.259700,
0.00194660,0.000000,1.275947,
0.00194680,-0.002441,1.292195,
0.00194700,0.000000,1.292195,
0.00194720,0.000000,1.292195,
0.00194740,0.000000,1.292195,
0.00194760,-0.002441,1.292195,
0.00194780,-0.002441,1.259700,
0.00194800,0.000000,1.259700,
0.00194820,-0.002441,1.259700,
0.00194840,0.000000,1.259700,
0.00194860,-0.002441,1.275947,
0.00194880,0.000000,1.292195,
0.00194900,0.000000,1.275947,
0.00194920,-0.002441,1.292195,
0.00194940,-0.002441,1.275947,
0.00194960,-0.002441,1.275947,
0.00194980,-0.002441,1.259700,
0.00195000,-0.002441,1.259700,
0.00195020,0.000000,1.275947,
0.00195040,0.000000,1.292195,
0.00195060,0.000000,1.292195,
0.00195080,-0.002441,1.275947,
0.00195100,-0.002441,1.259700,
0.00195120,-0.002441,1.292195,
0.00195140,-0.002441,1.292195,
0.00195160,-0.002441,1.275947,
0.00195180,-0.002441,1.275947,
0.00195200,0.000000,1.275947,
0.00195220,0.000000,1.275947,
0.00195240,-0.002441,1.292195,
0.00195260,0.002441,1.292195,
0.00195280,0.000000,1.292195,
0.00195300,-0.002441,1.275947,
0.00195320,-0.002441,1.259700,
0.00195340,0.000000,1.275947,
0.00195360,-0.002441,1.275947,
0.00195380,0.000000,1.292195,
0.00195400,-0.002441,1.292195,
0.00195420,-0.002441,1.292195,
0.00195440,-0.002441,1.275947,
0.00195460,-0.002441,1.259700,
0.00195480,0.000000,1.275947,
0.00195500,-0.002441,1.275947,
0.00195520,0.000000,1.275947,
0.00195540,0.000000,1.292195,
0.00195560,0.000000,1.292195,
0.00195580,-0.002441,1.259700,
0.00195600,-0.002441,1.259700,
0.00195620,0.000000,1.275947,
0.00195640,-0.002441,1.275947,
0.00195660,-0.002441,1.275947,
0.00195680,0.000000,1.275947,
0.00195700,0.000000,1.275947,
0.00195720,0.000000,1.275947,
0.00195740,-0.002441,1.275947,
0.00195760,0.000000,1.292195,
0.00195780,0.000000,1.292195,
0.00195800,-0.002441,1.275947,
0.00195820,-0.002441,1.275947,
0.00195840,0.000000,1.275947,
0.00195860,0.000000,1.292195,
0.00195880,0.000000,1.292195,
0.00195900,-0.002441,1.259700,
0.00195920,0.000000,1.275947,
0.00195940,0.000000,1.275947,
0.00195960,0.000000,1.275947,
0.00195980,-0.002441,1.275947,
0.00196000,0.000000,1.275947,
0.00196020,0.000000,1.275947,
0.00196040,-0.002441,1.275947,
0.00196060,0.000000,1.275947,
0.00196080,0.000000,1.275947,
0.00196100,0.000000,1.259700,
0.00196120,0.000000,1.275947,
0.00196140,-0.002441,1.275947,
0.00196160,-0.002441,1.292195,
0.00196180,-0.002441,1.292195,
0.00196200,0.000000,1.292195,
0.00196220,-0.002441,1.275947,
0.00196240,0.000000,1.275947,
0.00196260,-0.002441,1.259700,
0.00196280,-0.002441,1.259700,
0.00196300,0.000000,1.259700,
0.00196320,0.000000,1.259700,
0.00196340,0.000000,1.275947,
0.00196360,0.000000,1.292195,
0.00196380,0.000000,1.308443,
0.00196400,0.000000,1.308443,
0.00196420,-0.002441,1.292195,
0.00196440,-0.002441,1.259700,
0.00196460,0.000000,1.259700,
0.00196480,0.000000,1.259700,
0.00196500,0.000000,1.259700,
0.00196520,-0.002441,1.275947,
0.00196540,0.000000,1.292195,
0.00196560,0.000000,1.292195,
0.00196580,0.000000,1.308443,
0.00196600,-0.002441,1.308443,
0.00196620,0.000000,1.292195,
0.00196640,0.000000,1.275947,
0.00196660,0.000000,1.275947,
0.00196680,-0.002441,1.259700,
0.00196700,0.000000,1.292195,
0.00196720,0.000000,1.275947,
0.00196740,0.000000,1.292195,
0.00196760,-0.002441,1.275947,
0.00196780,0.000000,1.275947,
0.00196800,-0.002441,1.275947,
0.00196820,0.000000,1.292195,
0.00196840,-0.002441,1.275947,
0.00196860,-0.002441,1.275947,
0.00196880,0.000000,1.275947,
0.00196900,0.000000,1.292195,
0.00196920,-0.004883,1.292195,
0.00196940,-0.002441,1.292195,
0.00196960,-0.002441,1.275947,
0.00196980,0.000000,1.292195,
0.00197000,0.000000,1.275947,
0.00197020,0.000000,1.275947,
0.00197040,0.000000,1.275947,
0.00197060,0.002441,1.275947,
0.00197080,-0.002441,1.275947,
0.00197100,0.000000,1.292195,
0.00197120,-0.002441,1.292195,
0.00197140,0.000000,1.292195,
0.00197160,-0.002441,1.292195,
0.00197180,0.000000,1.292195,
0.00197200,-0.002441,1.292195,
0.00197220,0.000000,1.292195,
0.00197240,-0.002441,1.292195,
0.00197260,0.000000,1.275947,
0.00197280,0.000000,1.275947,
0.00197300,0.000000,1.275947,
0.00197320,0.000000,1.275947,
0.00197340,0.000000,1.292195,
0.00197360,0.000000,1.292195,
0.00197380,-0.002441,1.292195,
0.00197400,-0.002441,1.275947,
0.00197420,0.000000,1.275947,
0.00197440,-0.002441,1.292195,
0.00197460,0.000000,1.292195,
0.00197480,0.000000,1.275947,
0.00197500,0.000000,1.292195,
0.00197520,0.000000,1.292195,
0.00197540,0.000000,1.292195,
0.00197560,-0.002441,1.275947,
0.00197580,0.000000,1.275947,
0.00197600,-0.002441,1.275947,
0.00197620,-0.002441,1.275947,
0.00197640,0.000000,1.275947,
0.00197660,0.000000,1.292195,
0.00197680,0.000000,1.275947,
0.00197700,0.000000,1.275947,
0.00197720,-0.002441,1.292195,
0.00197740,-0.002441,1.292195,
0.00197760,0.000000,1.292195,
0.00197780,0.000000,1.292195,
0.00197800,0.000000,1.292195,
0.00197820,-0.002441,1.275947,
0.00197840,0.000000,1.292195,
0.00197860,-0.002441,1.275947,
0.00197880,-0.002441,1.292195,
0.00197900,-0.002441,1.292195,
0.00197920,0.000000,1.308443,
0.00197940,0.000000,1.308443,
0.00197960,0.000000,1.292195,
0.00197980,0.000000,1.292195,
0.00198000,0.000000,1.292195,
0.00198020,0.000000,1.275947,
0.00198040,-0.002441,1.275947,
0.00198060,0.000000,1.292195,
0.00198080,0.000000,1.292195,
0.00198100,0.000000,1.275947,
0.00198120,0.000000,1.275947,
0.00198140,-0.002441,1.275947,
0.00198160,-0.002441,1.292195,
0.00198180,0.000000,1.292195,
0.00198200,-0.002441,1.292195,
0.00198220,-0.002441,1.292195,
0.00198240,0.000000,1.292195,
0.00198260,0.000000,1.292195,
0.00198280,0.000000,1.308443,
0.00198300,-0.002441,1.292195,
0.00198320,0.000000,1.275947,
0.00198340,0.000000,1.275947,
0.00198360,0.000000,1.275947,
0.00198380,0.000000,1.275947,
0.00198400,-0.002441,1.275947,
0.00198420,0.000000,1.292195,
0.00198440,-0.002441,1.275947,
0.00198460,0.000000,1.292195,
0.00198480,-0.002441,1.292195,
0.00198500,0.000000,1.292195,
0.00198520,-0.002441,1.292195,
0.00198540,-0.002441,1.275947,
0.00198560,-0.002441,1.275947,
0.00198580,-0.002441,1.275947,
0.00198600,0.000000,1.275947,
0.00198620,0.000000,1.275947,
0.00198640,-0.002441,1.292195,
0.00198660,-0.002441,1.308443,
0.00198680,-0.004883,1.292195,
0.00198700,-0.002441,1.275947,
0.00198720,0.000000,1.292195,
0.00198740,0.000000,1.292195,
0.00198760,0.000000,1.292195,
0.00198780,-0.002441,1.292195,
0.00198800,0.000000,1.292195,
0.00198820,-0.002441,1.275947,
0.00198840,-0.002441,1.275947,
0.00198860,-0.002441,1.275947,
0.00198880,0.000000,1.292195,
0.00198900,0.000000,1.292195,
0.00198920,-0.002441,1.292195,
0.00198940,0.000000,1.292195,
0.00198960,-0.002441,1.292195,
0.00198980,-0.002441,1.292195,
0.00199000,-0.002441,1.275947,
0.00199020,-0.002441,1.275947,
0.00199040,0.000000,1.275947,
0.00199060,-0.002441,1.275947,
0.00199080,-0.002441,1.292195,
0.00199100,-0.002441,1.292195,
0.00199120,-0.002441,1.292195,
0.00199140,-0.002441,1.275947,
0.00199160,0.000000,1.275947,
0.00199180,-0.002441,1.292195,
0.00199200,-0.002441,1.292195,
0.00199220,-0.002441,1.275947,
0.00199240,0.000000,1.275947,
0.00199260,0.000000,1.292195,
0.00199280,-0.002441,1.292195,
0.00199300,-0.002441,1.292195,
0.00199320,-0.002441,1.308443,
0.00199340,-0.002441,1.292195,
0.00199360,0.000000,1.292195,
0.00199380,0.000000,1.292195,
0.00199400,-0.002441,1.275947,
0.00199420,0.000000,1.292195,
0.00199440,0.002441,1.292195,
0.00199460,-0.002441,1.275947,
0.00199480,0.000000,1.292195,
0.00199500,-0.002441,1.292195,
0.00199520,0.000000,1.292195,
0.00199540,0.000000,1.292195,
0.00199560,0.000000,1.292195,
0.00199580,0.000000,1.275947,
0.00199600,0.000000,1.292195,
0.00199620,-0.002441,1.275947,
0.00199640,0.000000,1.275947,
0.00199660,-0.002441,1.275947,
0.00199680,-0.002441,1.292195,
0.00199700,0.000000,1.292195,
0.00199720,0.000000,1.292195,
0.00199740,-0.002441,1.292195,
0.00199760,0.000000,1.292195,
0.00199780,-0.002441,1.259700,
0.00199800,0.000000,1.259700,
0.00199820,-0.002441,1.259700,
0.00199840,-0.002441,1.292195,
0.00199860,0.000000,1.292195,
0.00199880,0.000000,1.292195,
0.00199900,-0.002441,1.308443,
0.00199920,0.000000,1.308443,
0.00199940,0.000000,1.308443,
0.00199960,-0.002441,1.292195,
0.00199980,-0.002441,1.275947,
0.00200000,0.000000,1.259700,
0.00200020,-0.002441,1.259700,
0.00200040,0.000000,1.292195,
0.00200060,-0.002441,1.292195,
0.00200080,-0.002441,1.292195,
0.00200100,0.000000,1.292195,
0.00200120,0.000000,1.292195,
0.00200140,-0.002441,1.292195,
0.00200160,0.000000,1.275947,
0.00200180,0.000000,1.275947,
0.00200200,0.000000,1.292195,
0.00200220,-0.002441,1.308443,
0.00200240,0.002441,1.292195,
0.00200260,0.000000,1.292195,
0.00200280,0.000000,1.292195,
0.00200300,-0.002441,1.292195,
0.00200320,-0.002441,1.292195,
0.00200340,0.000000,1.292195,
0.00200360,0.000000,1.292195,
0.00200380,0.000000,1.292195,
0.00200400,0.002441,1.292195,
0.00200420,-0.002441,1.292195,
0.00200440,0.000000,1.292195,
0.00200460,-0.002441,1.292195,
0.00200480,-0.002441,1.292195,
0.00200500,0.000000,1.292195,
0.00200520,0.000000,1.292195,
0.00200540,0.000000,1.292195,
0.00200560,0.002441,1.292195,
0.00200580,0.000000,1.275947,
0.00200600,-0.002441,1.275947,
0.00200620,-0.002441,1.275947,
0.00200640,0.000000,1.308443,
0.00200660,-0.002441,1.292195,
0.00200680,0.000000,1.292195,
0.00200700,-0.002441,1.292195,
0.00200720,0.000000,1.275947,
0.00200740,0.000000,1.292195,
0.00200760,0.000000,1.292195,
0.00200780,-0.004883,1.275947,
0.00200800,0.000000,1.275947,
0.00200820,0.000000,1.292195,
0.00200840,0.000000,1.292195,
0.00200860,0.000000,1.308443,
0.00200880,-0.002441,1.292195,
0.00200900,-0.002441,1.292195,
0.00200920,0.000000,1.292195,
0.00200940,0.000000,1.275947,
0.00200960,-0.002441,1.275947,
0.00200980,-0.002441,1.292195,
0.00201000,0.000000,1.308443,
0.00201020,0.000000,1.308443,
0.00201040,-0.002441,1.292195,
0.00201060,0.000000,1.292195,
0.00201080,0.000000,1.292195,
0.00201100,-0.002441,1.292195,
0.00201120,-0.002441,1.275947,
0.00201140,0.000000,1.292195,
0.00201160,-0.002441,1.292195,
0.00201180,-0.002441,1.292195,
0.00201200,-0.002441,1.292195,
0.00201220,-0.002441,1.275947,
0.00201240,-0.002441,1.275947,
0.00201260,-0.002441,1.292195,
0.00201280,-0.002441,1.292195,
0.00201300,-0.002441,1.308443,
0.00201320,-0.002441,1.292195,
0.00201340,-0.002441,1.292195,
0.00201360,-0.002441,1.292195,
0.00201380,-0.002441,1.292195,
0.00201400,-0.002441,1.292195,
0.00201420,-0.002441,1.292195,
0.00201440,0.000000,1.292195,
0.00201460,0.000000,1.292195,
0.00201480,-0.002441,1.308443,
0.00201500,-0.002441,1.308443,
0.00201520,0.000000,1.308443,
0.00201540,-0.002441,1.308443,
0.00201560,-0.002441,1.292195,
0.00201580,-0.002441,1.275947,
0.00201600,0.000000,1.292195,
0.00201620,0.000000,1.275947,
0.00201640,0.000000,1.292195,
0.00201660,0.000000,1.292195,
0.00201680,-0.002441,1.292195,
0.00201700,-0.002441,1.292195,
0.00201720,-0.002441,1.292195,
0.00201740,-0.002441,1.308443,
0.00201760,-0.002441,1.292195,
0.00201780,-0.002441,1.292195,
0.00201800,0.000000,1.292195,
0.00201820,0.000000,1.292195,
0.00201840,-0.002441,1.275947,
0.00201860,-0.002441,1.292195,
0.00201880,0.000000,1.275947,
0.00201900,-0.002441,1.292195,
0.00201920,-0.002441,1.292195,
0.00201940,0.000000,1.292195,
0.00201960,-0.002441,1.292195,
0.00201980,0.000000,1.292195,
0.00202000,0.000000,1.292195,
0.00202020,0.000000,1.292195,
0.00202040,-0.002441,1.292195,
0.00202060,-0.002441,1.292195,
0.00202080,0.000000,1.292195,
0.00202100,-0.002441,1.292195,
0.00202120,0.000000,1.292195,
0.00202140,-0.002441,1.292195,
0.00202160,0.000000,1.292195,
0.00202180,0.000000,1.292195,
0.00202200,0.000000,1.292195,
0.00202220,-0.002441,1.275947,
0.00202240,-0.002441,1.275947,
0.00202260,0.000000,1.292195,
0.00202280,0.000000,1.292195,
0.00202300,-0.002441,1.292195,
0.00202320,-0.002441,1.292195,
0.00202340,-0.002441,1.292195,
0.00202360,-0.004883,1.275947,
0.00202380,-0.002441,1.292195,
0.00202400,-0.002441,1.292195,
0.00202420,0.000000,1.308443,
0.00202440,0.000000,1.292195,
0.00202460,0.000000,1.292195,
0.00202480,0.000000,1.292195,
0.00202500,0.000000,1.292195,
0.00202520,-0.002441,1.275947,
0.00202540,-0.004883,1.275947,
0.00202560,-0.002441,1.292195,
0.00202580,-0.002441,1.292195,
0.00202600,0.002441,1.292195,
0.00202620,-0.002441,1.275947,
0.00202640,-0.002441,1.292195,
0.00202660,0.000000,1.292195,
0.00202680,-0.002441,1.292195,
0.00202700,-0.002441,1.275947,
0.00202720,0.000000,1.292195,
0.00202740,-0.002441,1.292195,
0.00202760,0.000000,1.292195,
0.00202780,0.000000,1.292195,
0.00202800,-0.002441,1.275947,
0.00202820,0.000000,1.292195,
0.00202840,-0.002441,1.292195,
0.00202860,0.000000,1.292195,
0.00202880,-0.002441,1.275947,
0.00202900,0.000000,1.292195,
0.00202920,0.000000,1.292195,
0.00202940,0.000000,1.292195,
0.00202960,-0.002441,1.275947,
0.00202980,0.002441,1.292195,
0.00203000,0.000000,1.292195,
0.00203020,-0.002441,1.275947,
0.00203040,-0.002441,1.275947,
0.00203060,0.000000,1.275947,
0.00203080,-0.002441,1.292195,
0.00203100,0.000000,1.292195,
0.00203120,0.000000,1.292195,
0.00203140,0.000000,1.292195,
0.00203160,-0.002441,1.275947,
0.00203180,-0.002441,1.275947,
0.00203200,0.000000,1.292195,
0.00203220,0.002441,1.292195,
0.00203240,-0.002441,1.292195,
0.00203260,0.000000,1.275947,
0.00203280,0.000000,1.275947,
0.00203300,-0.002441,1.259700,
0.00203320,-0.002441,1.275947,
0.00203340,-0.002441,1.275947,
0.00203360,0.000000,1.275947,
0.00203380,-0.002441,1.308443,
0.00203400,-0.002441,1.308443,
0.00203420,0.000000,1.308443,
0.00203440,-0.002441,1.292195,
0.00203460,0.000000,1.275947,
0.00203480,-0.002441,1.275947,
0.00203500,-0.002441,1.259700,
0.00203520,-0.002441,1.259700,
0.00203540,-0.002441,1.292195,
0.00203560,0.000000,1.275947,
0.00203580,-0.002441,1.292195,
0.00203600,0.000000,1.292195,
0.00203620,0.000000,1.292195,
0.00203640,0.000000,1.292195,
0.00203660,-0.002441,1.275947,
0.00203680,-0.002441,1.259700,
0.00203700,-0.002441,1.275947,
0.00203720,0.000000,1.275947,
0.00203740,-0.002441,1.292195,
0.00203760,-0.002441,1.275947,
0.00203780,-0.002441,1.292195,
0.00203800,0.000000,1.275947,
0.00203820,-0.002441,1.275947,
0.00203840,-0.002441,1.275947,
0.00203860,-0.002441,1.275947,
0.00203880,0.000000,1.275947,
0.00203900,0.000000,1.292195,
0.00203920,0.000000,1.275947,
0.00203940,0.000000,1.292195,
0.00203960,0.000000,1.292195,
0.00203980,0.000000,1.275947,
0.00204000,0.000000,1.259700,
0.00204020,-0.002441,1.275947,
0.00204040,-0.002441,1.275947,
0.00204060,-0.002441,1.275947,
0.00204080,0.000000,1.275947,
0.00204100,-0.002441,1.275947,
0.00204120,-0.002441,1.275947,
0.00204140,-0.002441,1.292195,
0.00204160,-0.002441,1.275947,
0.00204180,-0.002441,1.275947,
0.00204200,0.000000,1.275947,
0.00204220,0.000000,1.275947,
0.00204240,0.000000,1.275947,
0.00204260,0.000000,1.259700,
0.00204280,0.000000,1.275947,
0.00204300,-0.002441,1.275947,
0.00204320,0.000000,1.275947,
0.00204340,0.000000,1.275947,
0.00204360,0.000000,1.292195,
0.00204380,0.000000,1.292195,
0.00204400,-0.002441,1.275947,
0.00204420,0.000000,1.259700,
0.00204440,-0.002441,1.275947,
0.00204460,0.000000,1.292195,
0.00204480,-0.002441,1.292195,
0.00204500,0.000000,1.292195,
0.00204520,0.000000,1.275947,
0.00204540,0.000000,1.259700,
0.00204560,-0.002441,1.275947,
0.00204580,0.000000,1.275947,
0.00204600,-0.002441,1.275947,
0.00204620,-0.002441,1.275947,
0.00204640,-0.002441,1.292195,
0.00204660,0.000000,1.275947,
0.00204680,0.000000,1.292195,
0.00204700,0.000000,1.292195,
0.00204720,-0.002441,1.275947,
0.00204740,0.000000,1.275947,
0.00204760,-0.002441,1.275947,
0.00204780,-0.002441,1.275947,
0.00204800,-0.004883,1.275947,
0.00204820,0.000000,1.292195,
0.00204840,-0.002441,1.275947,
0.00204860,-0.002441,1.275947,
0.00204880,-0.002441,1.275947,
0.00204900,-0.002441,1.292195,
0.00204920,0.000000,1.292195,
0.00204940,-0.002441,1.275947,
0.00204960,-0.002441,1.275947,
0.00204980,-0.002441,1.275947,
0.00205000,0.000000,1.292195,
0.00205020,-0.002441,1.292195,
0.00205040,-0.002441,1.292195,
0.00205060,-0.002441,1.292195,
0.00205080,-0.004883,1.275947,
0.00205100,-0.002441,1.275947,
0.00205120,-0.002441,1.275947,
0.00205140,-0.002441,1.275947,
0.00205160,-0.002441,1.275947,
0.00205180,-0.002441,1.275947,
0.00205200,-0.002441,1.275947,
0.00205220,-0.002441,1.292195,
0.00205240,-0.002441,1.292195,
0.00205260,-0.002441,1.292195,
0.00205280,-0.004883,1.259700,
0.00205300,-0.002441,1.275947,
0.00205320,0.000000,1.259700,
0.00205340,0.000000,1.292195,
0.00205360,-0.002441,1.292195,
0.00205380,0.000000,1.292195,
0.00205400,-0.002441,1.275947,
0.00205420,-0.002441,1.275947,
0.00205440,-0.002441,1.292195,
0.00205460,-0.002441,1.292195,
0.00205480,0.000000,1.292195,
0.00205500,0.000000,1.292195,
0.00205520,0.000000,1.308443,
0.00205540,0.000000,1.292195,
0.00205560,0.000000,1.275947,
0.00205580,-0.002441,1.275947,
0.00205600,-0.002441,1.275947,
0.00205620,0.000000,1.275947,
0.00205640,0.000000,1.275947,
0.00205660,0.000000,1.292195,
0.00205680,-0.002441,1.292195,
0.00205700,-0.002441,1.292195,
0.00205720,-0.002441,1.275947,
0.00205740,-0.002441,1.275947,
0.00205760,-0.002441,1.292195,
0.00205780,0.000000,1.292195,
0.00205800,-0.002441,1.275947,
0.00205820,0.000000,1.275947,
0.00205840,0.000000,1.275947,
0.00205860,-0.004883,1.275947,
0.00205880,-0.002441,1.292195,
0.00205900,-0.002441,1.275947,
0.00205920,-0.002441,1.275947,
0.00205940,0.000000,1.275947,
0.00205960,0.000000,1.275947,
0.00205980,0.000000,1.292195,
0.00206000,-0.002441,1.292195,
0.00206020,-0.002441,1.275947,
0.00206040,0.000000,1.275947,
0.00206060,-0.002441,1.275947,
0.00206080,-0.002441,1.275947,
0.00206100,0.000000,1.275947,
0.00206120,-0.002441,1.292195,
0.00206140,-0.002441,1.275947,
0.00206160,-0.002441,1.275947,
0.00206180,0.000000,1.259700,
0.00206200,-0.002441,1.275947,
0.00206220,-0.002441,1.275947,
0.00206240,-0.002441,1.259700,
0.00206260,-0.002441,1.275947,
0.00206280,0.000000,1.292195,
0.00206300,0.000000,1.275947,
0.00206320,-0.002441,1.275947,
0.00206340,0.002441,1.292195,
0.00206360,0.000000,1.275947,
0.00206380,-0.002441,1.275947,
0.00206400,-0.002441,1.275947,
0.00206420,-0.002441,1.259700,
0.00206440,-0.002441,1.275947,
0.00206460,0.000000,1.275947,
0.00206480,-0.002441,1.275947,
0.00206500,0.002441,1.292195,
0.00206520,0.000000,1.275947,
0.00206540,-0.002441,1.275947,
0.00206560,-0.002441,1.275947,
0.00206580,-0.002441,1.275947,
0.00206600,-0.002441,1.275947,
0.00206620,0.000000,1.275947,
0.00206640,-0.002441,1.259700,
0.00206660,-0.002441,1.275947,
0.00206680,-0.002441,1.275947,
0.00206700,-0.002441,1.275947,
0.00206720,-0.002441,1.275947,
0.00206740,-0.002441,1.259700,
0.00206760,-0.002441,1.275947,
0.00206780,0.000000,1.292195,
0.00206800,-0.002441,1.259700,
0.00206820,-0.002441,1.243452,
0.00206840,-0.002441,1.243452,
0.00206860,-0.002441,1.259700,
0.00206880,-0.002441,1.275947,
0.00206900,-0.002441,1.292195,
0.00206920,-0.002441,1.292195,
0.00206940,0.000000,1.308443,
0.00206960,-0.002441,1.259700,
0.00206980,-0.002441,1.259700,
0.00207000,-0.002441,1.243452,
0.00207020,0.000000,1.243452,
0.00207040,0.000000,1.259700,
0.00207060,-0.002441,1.275947,
0.00207080,-0.002441,1.275947,
0.00207100,0.000000,1.292195,
0.00207120,-0.002441,1.292195,
0.00207140,-0.002441,1.275947,
0.00207160,-0.002441,1.275947,
0.00207180,0.000000,1.259700,
0.00207200,-0.002441,1.243452,
0.00207220,-0.002441,1.243452,
0.00207240,0.000000,1.275947,
0.00207260,-0.002441,1.259700,
0.00207280,0.000000,1.275947,
0.00207300,-0.002441,1.259700,
0.00207320,-0.002441,1.275947,
0.00207340,-0.002441,1.275947,
0.00207360,-0.002441,1.259700,
0.00207380,-0.002441,1.259700,
0.00207400,0.000000,1.259700,
0.00207420,-0.002441,1.259700,
0.00207440,-0.002441,1.275947,
0.00207460,-0.002441,1.275947,
0.00207480,-0.002441,1.275947,
0.00207500,-0.002441,1.259700,
0.00207520,-0.002441,1.243452,
0.00207540,0.000000,1.259700,
0.00207560,-0.002441,1.259700,
0.00207580,-0.002441,1.275947,
0.00207600,-0.002441,1.259700,
0.00207620,-0.002441,1.259700,
0.00207640,-0.002441,1.259700,
0.00207660,-0.004883,1.275947,
0.00207680,-0.002441,1.275947,
0.00207700,-0.002441,1.259700,
0.00207720,-0.002441,1.259700,
0.00207740,-0.002441,1.259700,
0.00207760,-0.002441,1.259700,
0.00207780,-0.004883,1.243452,
0.00207800,0.000000,1.259700,
0.00207820,-0.002441,1.259700,
0.00207840,-0.002441,1.259700,
0.00207860,-0.002441,1.275947,
0.00207880,-0.002441,1.259700,
0.00207900,0.000000,1.259700,
0.00207920,-0.002441,1.259700,
0.00207940,0.000000,1.259700,
0.00207960,0.000000,1.259700,
0.00207980,-0.002441,1.243452,
0.00208000,0.000000,1.259700,
0.00208020,-0.002441,1.259700,
0.00208040,-0.002441,1.275947,
0.00208060,0.000000,1.259700,
0.00208080,-0.002441,1.259700,
0.00208100,-0.002441,1.275947,
0.00208120,0.000000,1.275947,
0.00208140,0.000000,1.275947,
0.00208160,-0.002441,1.243452,
0.00208180,-0.002441,1.243452,
0.00208200,-0.002441,1.259700,
0.00208220,0.000000,1.259700,
0.00208240,0.000000,1.275947,
0.00208260,-0.002441,1.259700,
0.00208280,-0.002441,1.259700,
0.00208300,-0.002441,1.259700,
0.00208320,-0.002441,1.259700,
0.00208340,0.000000,1.259700,
0.00208360,0.000000,1.259700,
0.00208380,0.000000,1.259700,
0.00208400,-0.002441,1.259700,
0.00208420,-0.002441,1.259700,
0.00208440,0.000000,1.275947,
0.00208460,0.000000,1.275947,
0.00208480,-0.002441,1.259700,
0.00208500,-0.002441,1.259700,
0.00208520,-0.002441,1.259700,
0.00208540,0.000000,1.259700,
0.00208560,-0.002441,1.259700,
0.00208580,-0.002441,1.259700,
0.00208600,0.000000,1.275947,
0.00208620,-0.002441,1.259700,
0.00208640,-0.002441,1.259700,
0.00208660,-0.002441,1.243452,
0.00208680,-0.002441,1.243452,
0.00208700,0.000000,1.259700,
0.00208720,-0.004883,1.275947,
0.00208740,-0.002441,1.275947,
0.00208760,-0.002441,1.275947,
0.00208780,0.000000,1.275947,
0.00208800,-0.002441,1.259700,
0.00208820,-0.002441,1.259700,
0.00208840,0.000000,1.259700,
0.00208860,0.000000,1.259700,
0.00208880,-0.002441,1.259700,
0.00208900,-0.002441,1.259700,
0.00208920,-0.002441,1.275947,
0.00208940,-0.002441,1.259700,
0.00208960,-0.002441,1.259700,
0.00208980,-0.002441,1.259700,
0.00209000,-0.002441,1.259700,
0.00209020,0.000000,1.259700,
0.00209040,0.000000,1.259700,
0.00209060,-0.002441,1.259700,
0.00209080,0.000000,1.275947,
0.00209100,-0.002441,1.259700,
0.00209120,-0.002441,1.259700,
0.00209140,-0.002441,1.259700,
0.00209160,-0.002441,1.259700,
0.00209180,0.000000,1.259700,
0.00209200,0.000000,1.259700,
0.00209220,-0.002441,1.259700,
0.00209240,-0.002441,1.275947,
0.00209260,-0.002441,1.275947,
0.00209280,-0.002441,1.259700,
0.00209300,-0.002441,1.259700,
0.00209320,-0.002441,1.259700,
0.00209340,-0.002441,1.243452,
0.00209360,-0.002441,1.259700,
0.00209380,-0.002441,1.259700,
0.00209400,0.000000,1.259700,
0.00209420,-0.002441,1.259700,
0.00209440,-0.002441,1.259700,
0.00209460,-0.002441,1.259700,
0.00209480,-0.002441,1.275947,
0.00209500,0.000000,1.259700,
0.00209520,-0.002441,1.259700,
0.00209540,-0.002441,1.259700,
0.00209560,0.000000,1.259700,
0.00209580,0.000000,1.259700,
0.00209600,-0.002441,1.259700,
0.00209620,-0.002441,1.243452,
0.00209640,-0.002441,1.259700,
0.00209660,-0.002441,1.259700,
0.00209680,-0.002441,1.275947,
0.00209700,-0.002441,1.259700,
0.00209720,-0.002441,1.259700,
0.00209740,-0.002441,1.259700,
0.00209760,-0.002441,1.259700,
0.00209780,-0.002441,1.259700,
0.00209800,0.000000,1.259700,
0.00209820,-0.002441,1.259700,
0.00209840,-0.002441,1.275947,
0.00209860,-0.002441,1.259700,
0.00209880,0.000000,1.259700,
0.00209900,-0.002441,1.259700,
0.00209920,-0.002441,1.259700,
0.00209940,-0.002441,1.259700,
0.00209960,-0.002441,1.259700,
0.00209980,0.000000,1.259700,
0.00210000,0.000000,1.259700,
0.00210020,-0.002441,1.275947,
0.00210040,-0.004883,1.275947,
0.00210060,0.000000,1.259700,
0.00210080,-0.002441,1.259700,
0.00210100,-0.002441,1.243452,
0.00210120,0.000000,1.243452,
0.00210140,-0.002441,1.259700,
0.00210160,0.000000,1.259700,
0.00210180,-0.002441,1.259700,
0.00210200,-0.002441,1.259700,
0.00210220,-0.002441,1.259700,
0.00210240,-0.004883,1.259700,
0.00210260,-0.002441,1.259700,
0.00210280,-0.002441,1.259700,
0.00210300,0.000000,1.243452,
0.00210320,-0.002441,1.227205,
0.00210340,-0.002441,1.243452,
0.00210360,-0.002441,1.243452,
0.00210380,0.000000,1.259700,
0.00210400,-0.002441,1.275947,
0.00210420,-0.002441,1.275947,
0.00210440,-0.002441,1.292195,
0.00210460,-0.002441,1.275947,
0.00210480,-0.002441,1.243452,
0.00210500,-0.002441,1.243452,
0.00210520,-0.002441,1.227205,
0.00210540,-0.002441,1.227205,
0.00210560,-0.002441,1.243452,
0.00210580,-0.002441,1.259700,
0.00210600,0.000000,1.275947,
0.00210620,-0.002441,1.259700,
0.00210640,-0.002441,1.259700,
0.00210660,-0.002441,1.243452,
0.00210680,0.000000,1.259700,
0.00210700,-0.002441,1.259700,
0.00210720,0.000000,1.259700,
0.00210740,-0.002441,1.243452,
0.00210760,-0.002441,1.259700,
0.00210780,0.000000,1.259700,
0.00210800,-0.002441,1.259700,
0.00210820,-0.002441,1.259700,
0.00210840,-0.002441,1.275947,
0.00210860,-0.004883,1.243452,
0.00210880,-0.002441,1.243452,
0.00210900,-0.002441,1.243452,
0.00210920,-0.002441,1.259700,
0.00210940,-0.002441,1.259700,
0.00210960,0.000000,1.259700,
0.00210980,-0.002441,1.259700,
0.00211000,-0.002441,1.259700,
0.00211020,-0.002441,1.243452,
0.00211040,-0.002441,1.259700,
0.00211060,-0.002441,1.243452,
0.00211080,-0.002441,1.243452,
0.00211100,-0.004883,1.243452,
0.00211120,-0.002441,1.259700,
0.00211140,-0.002441,1.259700,
0.00211160,-0.002441,1.275947,
0.00211180,-0.002441,1.243452,
0.00211200,-0.002441,1.243452,
0.00211220,-0.002441,1.243452,
0.00211240,-0.002441,1.259700,
0.00211260,-0.002441,1.259700,
0.00211280,0.000000,1.243452,
0.00211300,-0.002441,1.243452,
0.00211320,-0.002441,1.259700,
0.00211340,-0.004883,1.243452,
0.00211360,0.000000,1.243452,
0.00211380,-0.002441,1.243452,
0.00211400,-0.002441,1.259700,
0.00211420,-0.002441,1.259700,
0.00211440,-0.002441,1.243452,
0.00211460,0.000000,1.259700,
0.00211480,0.000000,1.259700,
0.00211500,-0.002441,1.243452,
0.00211520,-0.002441,1.243452,
0.00211540,-0.002441,1.243452,
0.00211560,-0.002441,1.243452,
0.00211580,-0.004883,1.259700,
0.00211600,0.000000,1.259700,
0.00211620,-0.002441,1.259700,
0.00211640,-0.002441,1.243452,
0.00211660,-0.002441,1.243452,
0.00211680,-0.002441,1.243452,
0.00211700,-0.004883,1.227205,
0.00211720,0.000000,1.243452,
0.00211740,0.000000,1.259700,
0.00211760,0.000000,1.259700,
0.00211780,-0.002441,1.243452,
0.00211800,-0.002441,1.259700,
0.00211820,-0.002441,1.243452,
0.00211840,-0.002441,1.243452,
0.00211860,-0.002441,1.243452,
0.00211880,0.000000,1.243452,
0.00211900,-0.002441,1.259700,
0.00211920,0.000000,1.259700,
0.00211940,-0.002441,1.243452,
0.00211960,-0.002441,1.243452,
0.00211980,-0.002441,1.243452,
0.00212000,-0.002441,1.243452,
0.00212020,-0.002441,1.243452,
0.00212040,-0.002441,1.259700,
0.00212060,-0.002441,1.259700,
0.00212080,0.000000,1.243452,
0.00212100,-0.002441,1.243452,
0.00212120,-0.002441,1.243452,
0.00212140,-0.002441,1.243452,
0.00212160,-0.002441,1.227205,
0.00212180,0.000000,1.227205,
0.00212200,-0.002441,1.243452,
0.00212220,0.000000,1.259700,
0.00212240,-0.002441,1.259700,
0.00212260,-0.002441,1.259700,
0.00212280,0.000000,1.243452,
0.00212300,0.000000,1.259700,
0.00212320,-0.002441,1.243452,
0.00212340,-0.002441,1.243452,
0.00212360,-0.002441,1.243452,
0.00212380,-0.002441,1.259700,
0.00212400,0.002441,1.243452,
0.00212420,-0.002441,1.243452,
0.00212440,0.000000,1.259700,
0.00212460,-0.002441,1.243452,
0.00212480,0.000000,1.259700,
0.00212500,-0.002441,1.243452,
0.00212520,-0.002441,1.243452,
0.00212540,0.000000,1.259700,
0.00212560,-0.002441,1.243452,
0.00212580,-0.002441,1.243452,
0.00212600,0.002441,1.259700,
0.00212620,0.000000,1.259700,
0.00212640,-0.002441,1.243452,
0.00212660,-0.002441,1.243452,
0.00212680,-0.002441,1.243452,
0.00212700,0.000000,1.243452,
0.00212720,-0.002441,1.243452,
0.00212740,-0.002441,1.259700,
0.00212760,0.000000,1.259700,
0.00212780,-0.002441,1.259700,
0.00212800,0.000000,1.243452,
0.00212820,-0.002441,1.227205,
0.00212840,0.000000,1.243452,
0.00212860,0.000000,1.243452,
0.00212880,0.000000,1.259700,
0.00212900,-0.002441,1.259700,
0.00212920,0.000000,1.259700,
0.00212940,-0.002441,1.259700,
0.00212960,-0.002441,1.243452,
0.00212980,-0.002441,1.243452,
0.00213000,-0.002441,1.243452,
0.00213020,-0.002441,1.259700,
0.00213040,-0.002441,1.259700,
0.00213060,0.002441,1.243452,
0.00213080,-0.002441,1.227205,
0.00213100,-0.002441,1.243452,
0.00213120,-0.002441,1.243452,
0.00213140,-0.002441,1.259700,
0.00213160,-0.002441,1.259700,
0.00213180,0.000000,1.259700,
0.00213200,0.000000,1.243452,
0.00213220,-0.002441,1.243452,
0.00213240,0.000000,1.227205,
0.00213260,-0.002441,1.243452,
0.00213280,-0.002441,1.243452,
0.00213300,-0.002441,1.259700,
0.00213320,-0.004883,1.259700,
0.00213340,-0.002441,1.259700,
0.00213360,0.000000,1.259700,
0.00213380,-0.002441,1.243452,
0.00213400,0.002441,1.259700,
0.00213420,-0.002441,1.243452,
0.00213440,-0.002441,1.227205,
0.00213460,-0.002441,1.227205,
0.00213480,-0.002441,1.243452,
0.00213500,-0.002441,1.243452,
0.00213520,-0.002441,1.243452,
0.00213540,-0.002441,1.243452,
0.00213560,-0.002441,1.243452,
0.00213580,-0.002441,1.259700,
0.00213600,-0.002441,1.243452,
0.00213620,-0.002441,1.243452,
0.00213640,-0.002441,1.227205,
0.00213660,0.000000,1.243452,
0.00213680,0.000000,1.259700,
0.00213700,-0.002441,1.259700,
0.00213720,0.000000,1.259700,
0.00213740,0.000000,1.243452,
0.00213760,-0.002441,1.243452,
0.00213780,-0.002441,1.243452,
0.00213800,-0.002441,1.243452,
0.00213820,-0.002441,1.243452,
0.00213840,-0.002441,1.243452,
0.00213860,-0.002441,1.227205,
0.00213880,-0.002441,1.243452,
0.00213900,-0.002441,1.259700,
0.00213920,-0.002441,1.259700,
0.00213940,-0.002441,1.275947,
0.00213960,-0.002441,1.259700,
0.00213980,0.000000,1.259700,
0.00214000,-0.002441,1.227205,
0.00214020,-0.004883,1.210957,
0.00214040,-0.004883,1.210957,
0.00214060,0.000000,1.227205,
0.00214080,-0.002441,1.243452,
0.00214100,-0.002441,1.243452,
0.00214120,-0.002441,1.259700,
0.00214140,0.000000,1.259700,
0.00214160,0.000000,1.259700,
0.00214180,-0.002441,1.243452,
0.00214200,0.000000,1.227205,
0.00214220,0.000000,1.243452,
0.00214240,-0.002441,1.243452,
0.00214260,-0.002441,1.227205,
0.00214280,0.000000,1.243452,
0.00214300,-0.002441,1.243452,
0.00214320,0.000000,1.243452,
0.00214340,-0.002441,1.243452,
0.00214360,-0.002441,1.243452,
0.00214380,0.000000,1.259700,
0.00214400,-0.002441,1.243452,
0.00214420,-0.002441,1.227205,
0.00214440,-0.002441,1.227205,
0.00214460,-0.002441,1.243452,
0.00214480,0.000000,1.243452,
0.00214500,0.000000,1.243452,
0.00214520,-0.002441,1.243452,
0.00214540,0.000000,1.243452,
0.00214560,-0.002441,1.227205,
0.00214580,-0.002441,1.243452,
0.00214600,-0.002441,1.227205,
0.00214620,0.000000,1.243452,
0.00214640,0.000000,1.227205,
0.00214660,-0.002441,1.227205,
0.00214680,-0.002441,1.227205,
0.00214700,0.000000,1.243452,
0.00214720,0.000000,1.243452,
0.00214740,0.000000,1.243452,
0.00214760,-0.002441,1.243452,
0.00214780,-0.002441,1.243452,
0.00214800,0.000000,1.243452,
0.00214820,-0.002441,1.227205,
0.00214840,-0.002441,1.227205,
0.00214860,0.000000,1.227205,
0.00214880,-0.002441,1.227205,
0.00214900,-0.002441,1.227205,
0.00214920,-0.002441,1.243452,
0.00214940,-0.002441,1.243452,
0.00214960,0.000000,1.243452,
0.00214980,-0.002441,1.227205,
0.00215000,-0.002441,1.227205,
0.00215020,-0.002441,1.227205,
0.00215040,0.000000,1.243452,
0.00215060,-0.002441,1.227205,
0.00215080,-0.002441,1.243452,
0.00215100,-0.002441,1.243452,
0.00215120,-0.002441,1.227205,
0.00215140,-0.002441,1.227205,
0.00215160,-0.002441,1.227205,
0.00215180,-0.002441,1.243452,
0.00215200,-0.002441,1.227205,
0.00215220,-0.002441,1.210957,
0.00215240,-0.002441,1.210957,
0.00215260,0.000000,1.227205,
0.00215280,-0.002441,1.227205,
0.00215300,0.000000,1.227205,
0.00215320,-0.002441,1.243452,
0.00215340,-0.002441,1.243452,
0.00215360,0.000000,1.227205,
0.00215380,-0.002441,1.210957,
0.00215400,-0.002441,1.227205,
0.00215420,-0.002441,1.227205,
0.00215440,-0.002441,1.243452,
0.00215460,-0.002441,1.243452,
0.00215480,-0.002441,1.243452,
0.00215500,-0.002441,1.243452,
0.00215520,0.000000,1.243452,
0.00215540,-0.002441,1.227205,
0.00215560,-0.002441,1.227205,
0.00215580,-0.002441,1.243452,
0.00215600,-0.002441,1.227205,
0.00215620,-0.002441,1.227205,
0.00215640,0.000000,1.227205,
0.00215660,0.000000,1.227205,
0.00215680,-0.002441,1.210957,
0.00215700,-0.002441,1.210957,
0.00215720,0.000000,1.227205,
0.00215740,-0.002441,1.243452,
0.00215760,0.000000,1.259700,
0.00215780,-0.002441,1.259700,
0.00215800,-0.002441,1.243452,
0.00215820,0.000000,1.243452,
0.00215840,-0.002441,1.227205,
0.00215860,-0.004883,1.210957,
0.00215880,-0.004883,1.194710,
0.00215900,-0.002441,1.210957,
0.00215920,0.000000,1.227205,
0.00215940,0.000000,1.243452,
0.00215960,0.000000,1.243452,
0.00215980,0.000000,1.243452,
0.00216000,-0.002441,1.227205,
0.00216020,-0.002441,1.227205,
0.00216040,-0.002441,1.227205,
0.00216060,-0.002441,1.227205,
0.00216080,-0.002441,1.227205,
0.00216100,-0.002441,1.227205,
0.00216120,-0.002441,1.227205,
0.00216140,-0.002441,1.243452,
0.00216160,0.000000,1.243452,
0.00216180,-0.002441,1.243452,
0.00216200,-0.002441,1.227205,
0.00216220,0.000000,1.227205,
0.00216240,-0.002441,1.227205,
0.00216260,-0.002441,1.227205,
0.00216280,-0.002441,1.227205,
0.00216300,-0.002441,1.227205,
0.00216320,-0.002441,1.227205,
0.00216340,-0.002441,1.227205,
0.00216360,0.000000,1.227205,
0.00216380,-0.002441,1.227205,
0.00216400,0.000000,1.227205,
0.00216420,0.000000,1.227205,
0.00216440,-0.002441,1.227205,
0.00216460,-0.002441,1.227205,
0.00216480,0.000000,1.227205,
0.00216500,-0.004883,1.227205,
0.00216520,-0.002441,1.227205,
0.00216540,0.000000,1.243452,
0.00216560,0.000000,1.243452,
0.00216580,0.000000,1.243452,
0.00216600,-0.004883,1.210957,
0.00216620,0.000000,1.227205,
0.00216640,0.000000,1.227205,
0.00216660,-0.002441,1.227205,
0.00216680,-0.002441,1.227205,
0.00216700,-0.002441,1.227205,
0.00216720,0.000000,1.243452,
0.00216740,0.000000,1.243452,
0.00216760,0.000000,1.227205,
0.00216780,-0.002441,1.227205,
0.00216800,-0.002441,1.227205,
0.00216820,-0.002441,1.227205,
0.00216840,-0.002441,1.227205,
0.00216860,-0.002441,1.243452,
0.00216880,-0.002441,1.227205,
0.00216900,-0.002441,1.227205,
0.00216920,0.000000,1.227205,
0.00216940,-0.002441,1.243452,
0.00216960,-0.002441,1.243452,
0.00216980,-0.002441,1.227205,
0.00217000,-0.002441,1.227205,
0.00217020,0.000000,1.227205,
0.00217040,0.000000,1.227205,
0.00217060,0.000000,1.227205,
0.00217080,-0.002441,1.227205,
0.00217100,-0.002441,1.243452,
0.00217120,0.000000,1.243452,
0.00217140,-0.002441,1.227205,
0.00217160,-0.002441,1.210957,
0.00217180,0.000000,1.243452,
0.00217200,-0.002441,1.243452,
0.00217220,0.000000,1.243452,
0.00217240,0.000000,1.210957,
0.00217260,0.000000,1.227205,
0.00217280,-0.002441,1.227205,
0.00217300,0.000000,1.227205,
0.00217320,-0.002441,1.210957,
0.00217340,-0.002441,1.227205,
0.00217360,-0.002441,1.227205,
0.00217380,0.000000,1.227205,
0.00217400,-0.002441,1.227205,
0.00217420,-0.002441,1.243452,
0.00217440,-0.002441,1.243452,
0.00217460,-0.002441,1.243452,
0.00217480,-0.002441,1.243452,
0.00217500,-0.002441,1.210957,
0.00217520,-0.002441,1.227205,
0.00217540,-0.002441,1.210957,
0.00217560,-0.002441,1.210957,
0.00217580,-0.002441,1.227205,
0.00217600,-0.002441,1.243452,
0.00217620,-0.002441,1.243452,
0.00217640,-0.002441,1.243452,
0.00217660,-0.002441,1.227205,
0.00217680,-0.002441,1.243452,
0.00217700,-0.002441,1.227205,
0.00217720,-0.002441,1.227205,
0.00217740,0.000000,1.227205,
0.00217760,-0.002441,1.243452,
0.00217780,-0.002441,1.243452,
0.00217800,-0.002441,1.227205,
0.00217820,-0.002441,1.227205,
0.00217840,-0.002441,1.243452,
0.00217860,-0.002441,1.227205,
0.00217880,-0.002441,1.227205,
0.00217900,-0.002441,1.227205,
0.00217920,-0.002441,1.227205,
0.00217940,-0.002441,1.227205,
0.00217960,-0.004883,1.227205,
0.00217980,-0.002441,1.210957,
0.00218000,0.000000,1.227205,
0.00218020,-0.002441,1.243452,
0.00218040,-0.002441,1.243452,
0.00218060,0.000000,1.227205,
0.00218080,0.000000,1.227205,
0.00218100,-0.002441,1.227205,
0.00218120,-0.002441,1.227205,
0.00218140,-0.002441,1.243452,
0.00218160,0.000000,1.227205,
0.00218180,0.000000,1.227205,
0.00218200,-0.002441,1.227205,
0.00218220,0.002441,1.227205,
0.00218240,-0.002441,1.243452,
0.00218260,-0.002441,1.243452,
0.00218280,-0.002441,1.227205,
0.00218300,0.000000,1.210957,
0.00218320,0.000000,1.227205,
0.00218340,-0.002441,1.227205,
0.00218360,-0.002441,1.227205,
0.00218380,0.002441,1.243452,
0.00218400,-0.002441,1.227205,
0.00218420,-0.002441,1.227205,
0.00218440,-0.002441,1.227205,
0.00218460,-0.002441,1.210957,
0.00218480,-0.002441,1.210957,
0.00218500,0.000000,1.227205,
0.00218520,-0.002441,1.227205,
0.00218540,-0.002441,1.210957,
0.00218560,0.000000,1.227205,
0.00218580,-0.004883,1.210957,
0.00218600,-0.002441,1.227205,
0.00218620,-0.002441,1.227205,
0.00218640,0.000000,1.243452,
0.00218660,-0.002441,1.227205,
0.00218680,0.000000,1.227205,
0.00218700,0.000000,1.227205,
0.00218720,0.000000,1.227205,
0.00218740,-0.002441,1.210957,
0.00218760,-0.002441,1.227205,
0.00218780,-0.002441,1.227205,
0.00218800,-0.002441,1.259700,
0.00218820,0.000000,1.243452,
0.00218840,-0.002441,1.227205,
0.00218860,-0.002441,1.210957,
0.00218880,-0.002441,1.227205,
0.00218900,-0.002441,1.210957,
0.00218920,-0.002441,1.227205,
0.00218940,-0.002441,1.227205,
0.00218960,-0.002441,1.227205,
0.00218980,-0.002441,1.227205,
0.00219000,-0.002441,1.227205,
0.00219020,-0.002441,1.227205,
0.00219040,0.000000,1.243452,
0.00219060,-0.002441,1.243452,
0.00219080,-0.002441,1.227205,
0.00219100,-0.002441,1.227205,
0.00219120,0.000000,1.227205,
0.00219140,0.000000,1.227205,
0.00219160,-0.002441,1.210957,
0.00219180,-0.002441,1.210957,
0.00219200,-0.002441,1.210957,
0.00219220,-0.002441,1.210957,
0.00219240,-0.002441,1.227205,
0.00219260,-0.002441,1.243452,
0.00219280,-0.002441,1.243452,
0.00219300,-0.002441,1.243452,
0.00219320,0.000000,1.227205,
0.00219340,0.000000,1.227205,
0.00219360,-0.002441,1.210957,
0.00219380,-0.002441,1.210957,
0.00219400,-0.002441,1.210957,
0.00219420,-0.004883,1.210957,
0.00219440,-0.002441,1.227205,
0.00219460,0.000000,1.243452,
0.00219480,-0.002441,1.243452,
0.00219500,-0.002441,1.227205,
0.00219520,-0.002441,1.227205,
0.00219540,0.000000,1.227205,
0.00219560,-0.002441,1.210957,
0.00219580,0.000000,1.227205,
0.00219600,-0.002441,1.243452,
0.00219620,0.000000,1.227205,
0.00219640,-0.002441,1.227205,
0.00219660,-0.004883,1.227205,
0.00219680,0.000000,1.227205,
0.00219700,0.000000,1.227205,
0.00219720,-0.002441,1.227205,
0.00219740,-0.002441,1.227205,
0.00219760,0.000000,1.227205,
0.00219780,-0.002441,1.227205,
0.00219800,-0.002441,1.227205,
0.00219820,0.000000,1.243452,
0.00219840,-0.002441,1.243452,
0.00219860,-0.002441,1.227205,
0.00219880,-0.002441,1.227205,
0.00219900,-0.002441,1.227205,
0.00219920,0.000000,1.227205,
0.00219940,-0.002441,1.243452,
0.00219960,-0.002441,1.227205,
0.00219980,-0.002441,1.227205,
0.00220000,0.000000,1.243452,
0.00220020,-0.002441,1.227205,
0.00220040,0.000000,1.227205,
0.00220060,-0.002441,1.227205,
0.00220080,0.000000,1.227205,
0.00220100,0.000000,1.243452,
0.00220120,0.000000,1.227205,
0.00220140,-0.002441,1.227205,
0.00220160,0.000000,1.243452,
0.00220180,-0.002441,1.227205,
0.00220200,0.000000,1.227205,
0.00220220,-0.002441,1.227205,
0.00220240,0.000000,1.227205,
0.00220260,-0.002441,1.227205,
0.00220280,-0.002441,1.227205,
0.00220300,0.000000,1.243452,
0.00220320,-0.002441,1.227205,
0.00220340,-0.002441,1.227205,
0.00220360,0.000000,1.227205,
0.00220380,-0.002441,1.227205,
0.00220400,-0.002441,1.243452,
0.00220420,0.000000,1.243452,
0.00220440,-0.002441,1.227205,
0.00220460,0.000000,1.227205,
0.00220480,0.000000,1.243452,
0.00220500,0.000000,1.227205,
0.00220520,-0.002441,1.227205,
0.00220540,0.000000,1.227205,
0.00220560,0.002441,1.227205,
0.00220580,0.000000,1.227205,
0.00220600,-0.002441,1.227205,
0.00220620,0.000000,1.243452,
0.00220640,0.000000,1.243452,
0.00220660,-0.002441,1.243452,
0.00220680,-0.002441,1.227205,
0.00220700,-0.002441,1.227205,
0.00220720,-0.002441,1.243452,
0.00220740,0.000000,1.243452,
0.00220760,-0.002441,1.227205,
0.00220780,-0.002441,1.227205,
0.00220800,0.000000,1.243452,
0.00220820,0.000000,1.243452,
0.00220840,-0.004883,1.227205,
0.00220860,-0.002441,1.227205,
0.00220880,0.000000,1.210957,
0.00220900,0.000000,1.227205,
0.00220920,0.000000,1.243452,
0.00220940,-0.002441,1.243452,
0.00220960,-0.002441,1.243452,
0.00220980,-0.002441,1.243452,
0.00221000,-0.002441,1.227205,
0.00221020,-0.002441,1.227205,
0.00221040,-0.002441,1.227205,
0.00221060,0.000000,1.227205,
0.00221080,-0.002441,1.210957,
0.00221100,-0.002441,1.227205,
0.00221120,-0.002441,1.243452,
0.00221140,-0.002441,1.243452,
0.00221160,0.000000,1.243452,
0.00221180,-0.002441,1.227205,
0.00221200,-0.002441,1.227205,
0.00221220,0.000000,1.243452,
0.00221240,-0.002441,1.243452,
0.00221260,-0.002441,1.227205,
0.00221280,-0.002441,1.227205,
0.00221300,-0.002441,1.227205,
0.00221320,-0.002441,1.227205,
0.00221340,-0.002441,1.227205,
0.00221360,0.000000,1.259700,
0.00221380,-0.002441,1.243452,
0.00221400,0.000000,1.243452,
0.00221420,-0.002441,1.227205,
0.00221440,0.000000,1.243452,
0.00221460,-0.002441,1.227205,
0.00221480,-0.002441,1.243452,
0.00221500,-0.002441,1.227205,
0.00221520,0.000000,1.243452,
0.00221540,-0.002441,1.227205,
0.00221560,-0.002441,1.227205,
0.00221580,-0.002441,1.227205,
0.00221600,0.000000,1.243452,
0.00221620,0.000000,1.210957,
0.00221640,-0.002441,1.227205,
0.00221660,0.000000,1.227205,
0.00221680,0.000000,1.227205,
0.00221700,0.000000,1.243452,
0.00221720,-0.002441,1.243452,
0.00221740,0.000000,1.243452,
0.00221760,-0.002441,1.243452,
0.00221780,0.000000,1.227205,
0.00221800,0.000000,1.227205,
0.00221820,-0.002441,1.227205,
0.00221840,-0.002441,1.243452,
0.00221860,0.000000,1.227205,
0.00221880,-0.002441,1.227205,
0.00221900,-0.004883,1.227205,
0.00221920,-0.002441,1.227205,
0.00221940,0.000000,1.227205,
0.00221960,0.000000,1.227205,
0.00221980,-0.002441,1.227205,
0.00222000,-0.002441,1.227205,
0.00222020,-0.002441,1.227205,
0.00222040,0.000000,1.243452,
0.00222060,-0.002441,1.227205,
0.00222080,-0.002441,1.227205,
0.00222100,-0.002441,1.227205,
0.00222120,-0.002441,1.227205,
0.00222140,-0.002441,1.243452,
0.00222160,0.000000,1.243452,
0.00222180,-0.002441,1.227205,
0.00222200,-0.002441,1.227205,
0.00222220,-0.002441,1.227205,
0.00222240,-0.004883,1.227205,
0.00222260,0.000000,1.227205,
0.00222280,0.000000,1.227205,
0.00222300,-0.002441,1.227205,
0.00222320,-0.002441,1.227205,
0.00222340,0.000000,1.243452,
0.00222360,0.000000,1.243452,
0.00222380,-0.002441,1.227205,
0.00222400,0.000000,1.243452,
0.00222420,-0.002441,1.243452,
0.00222440,-0.002441,1.227205,
0.00222460,-0.002441,1.227205,
0.00222480,-0.002441,1.227205,
0.00222500,-0.002441,1.227205,
0.00222520,0.000000,1.243452,
0.00222540,-0.002441,1.243452,
0.00222560,-0.002441,1.243452,
0.00222580,-0.002441,1.243452,
0.00222600,-0.002441,1.227205,
0.00222620,-0.002441,1.243452,
0.00222640,0.000000,1.227205,
0.00222660,-0.002441,1.227205,
0.00222680,-0.002441,1.227205,
0.00222700,-0.002441,1.227205,
0.00222720,-0.002441,1.243452,
0.00222740,-0.002441,1.227205,
0.00222760,-0.002441,1.243452,
0.00222780,-0.002441,1.243452,
0.00222800,-0.002441,1.259700,
0.00222820,-0.002441,1.259700,
0.00222840,0.000000,1.243452,
0.00222860,-0.002441,1.227205,
0.00222880,-0.002441,1.227205,
0.00222900,-0.004883,1.210957,
0.00222920,-0.002441,1.227205,
0.00222940,-0.002441,1.227205,
0.00222960,-0.002441,1.227205,
0.00222980,-0.002441,1.243452,
0.00223000,0.000000,1.243452,
0.00223020,-0.002441,1.243452,
0.00223040,0.000000,1.243452,
0.00223060,-0.002441,1.227205,
0.00223080,-0.002441,1.227205,
0.00223100,-0.002441,1.227205,
0.00223120,-0.002441,1.243452,
0.00223140,-0.002441,1.243452,
0.00223160,0.000000,1.243452,
0.00223180,0.000000,1.243452,
0.00223200,-0.002441,1.243452,
0.00223220,-0.002441,1.227205,
0.00223240,-0.004883,1.227205,
0.00223260,-0.002441,1.243452,
0.00223280,-0.002441,1.227205,
0.00223300,-0.002441,1.227205,
0.00223320,0.000000,1.243452,
0.00223340,-0.002441,1.243452,
0.00223360,0.000000,1.243452,
0.00223380,-0.002441,1.243452,
0.00223400,0.000000,1.243452,
0.00223420,-0.002441,1.243452,
0.00223440,0.000000,1.243452,
0.00223460,-0.002441,1.227205,
0.00223480,0.002441,1.259700,
0.00223500,-0.002441,1.243452,
0.00223520,-0.002441,1.243452,
0.00223540,-0.002441,1.243452,
0.00223560,-0.002441,1.227205,
0.00223580,-0.002441,1.227205,
0.00223600,-0.002441,1.243452,
0.00223620,-0.002441,1.243452,
0.00223640,-0.002441,1.259700,
0.00223660,-0.002441,1.243452,
0.00223680,-0.002441,1.243452,
0.00223700,-0.002441,1.243452,
0.00223720,-0.002441,1.227205,
0.00223740,-0.002441,1.243452,
0.00223760,-0.004883,1.243452,
0.00223780,0.000000,1.243452,
0.00223800,0.000000,1.243452,
0.00223820,-0.002441,1.243452,
0.00223840,-0.002441,1.227205,
0.00223860,0.000000,1.227205,
0.00223880,-0.004883,1.243452,
0.00223900,-0.002441,1.243452,
0.00223920,-0.002441,1.243452,
0.00223940,0.000000,1.243452,
0.00223960,0.000000,1.243452,
0.00223980,0.000000,1.243452,
0.00224000,0.002441,1.243452,
0.00224020,0.000000,1.243452,
0.00224040,-0.002441,1.227205,
0.00224060,-0.002441,1.227205,
0.00224080,-0.002441,1.243452,
0.00224100,0.000000,1.243452,
0.00224120,-0.002441,1.243452,
0.00224140,0.000000,1.259700,
0.00224160,0.002441,1.259700,
0.00224180,0.000000,1.243452,
0.00224200,-0.002441,1.243452,
0.00224220,-0.002441,1.227205,
0.00224240,0.000000,1.243452,
0.00224260,-0.002441,1.243452,
0.00224280,0.000000,1.243452,
0.00224300,0.000000,1.227205,
0.00224320,0.002441,1.243452,
0.00224340,0.000000,1.227205,
0.00224360,-0.002441,1.227205,
0.00224380,-0.002441,1.227205,
0.00224400,-0.002441,1.227205,
0.00224420,0.000000,1.243452,
0.00224440,-0.002441,1.259700,
0.00224460,-0.002441,1.259700,
0.00224480,0.002441,1.275947,
0.00224500,0.000000,1.259700,
0.00224520,-0.002441,1.227205,
0.00224540,-0.002441,1.227205,
0.00224560,-0.002441,1.227205,
0.00224580,-0.002441,1.227205,
0.00224600,0.000000,1.243452,
0.00224620,-0.002441,1.243452,
0.00224640,-0.002441,1.259700,
0.00224660,0.000000,1.259700,
0.00224680,-0.002441,1.243452,
0.00224700,-0.002441,1.243452,
0.00224720,-0.002441,1.243452,
0.00224740,0.000000,1.259700,
0.00224760,0.000000,1.243452,
0.00224780,0.000000,1.243452,
0.00224800,-0.002441,1.227205,
0.00224820,-0.002441,1.243452,
0.00224840,0.000000,1.243452,
0.00224860,-0.002441,1.243452,
0.00224880,-0.002441,1.243452,
0.00224900,0.000000,1.259700,
0.00224920,0.000000,1.259700,
0.00224940,0.000000,1.243452,
0.00224960,-0.002441,1.243452,
0.00224980,-0.002441,1.243452,
0.00225000,0.000000,1.243452,
0.00225020,-0.002441,1.243452,
0.00225040,-0.002441,1.243452,
0.00225060,-0.002441,1.243452,
0.00225080,0.000000,1.259700,
0.00225100,-0.002441,1.259700,
0.00225120,0.000000,1.243452,
0.00225140,-0.002441,1.259700,
0.00225160,-0.002441,1.243452,
0.00225180,-0.002441,1.259700,
0.00225200,-0.002441,1.243452,
0.00225220,0.000000,1.259700,
0.00225240,-0.002441,1.259700,
0.00225260,-0.002441,1.259700,
0.00225280,-0.002441,1.259700,
0.00225300,-0.002441,1.243452,
0.00225320,0.000000,1.243452,
0.00225340,-0.002441,1.227205,
0.00225360,0.000000,1.243452,
0.00225380,0.000000,1.243452,
0.00225400,0.000000,1.259700,
0.00225420,-0.002441,1.243452,
0.00225440,0.000000,1.259700,
0.00225460,0.000000,1.259700,
0.00225480,-0.002441,1.243452,
0.00225500,-0.002441,1.243452,
0.00225520,-0.002441,1.259700,
0.00225540,-0.002441,1.243452,
0.00225560,0.000000,1.259700,
0.00225580,0.000000,1.259700,
0.00225600,-0.002441,1.259700,
0.00225620,0.000000,1.259700,
0.00225640,0.000000,1.243452,
0.00225660,-0.002441,1.243452,
0.00225680,-0.002441,1.259700,
0.00225700,-0.002441,1.259700,
0.00225720,-0.004883,1.243452,
0.00225740,-0.002441,1.259700,
0.00225760,-0.004883,1.243452,
0.00225780,0.000000,1.259700,
0.00225800,-0.002441,1.243452,
0.00225820,-0.002441,1.243452,
0.00225840,-0.002441,1.243452,
0.00225860,0.000000,1.259700,
0.00225880,-0.002441,1.259700,
0.00225900,-0.002441,1.259700,
0.00225920,0.000000,1.259700,
0.00225940,0.000000,1.259700,
0.00225960,-0.002441,1.259700,
0.00225980,-0.004883,1.243452,
0.00226000,-0.002441,1.243452,
0.00226020,0.000000,1.259700,
0.00226040,0.000000,1.259700,
0.00226060,0.000000,1.259700,
0.00226080,-0.002441,1.259700,
0.00226100,-0.002441,1.243452,
0.00226120,-0.002441,1.259700,
0.00226140,-0.002441,1.243452,
0.00226160,-0.002441,1.259700,
0.00226180,0.000000,1.243452,
0.00226200,0.000000,1.259700,
0.00226220,0.000000,1.243452,
0.00226240,-0.002441,1.259700,
0.00226260,0.000000,1.275947,
0.00226280,0.000000,1.275947,
0.00226300,-0.002441,1.259700,
0.00226320,-0.002441,1.259700,
0.00226340,0.002441,1.259700,
0.00226360,-0.002441,1.259700,
0.00226380,-0.002441,1.243452,
0.00226400,0.000000,1.259700,
0.00226420,0.000000,1.259700,
0.00226440,-0.002441,1.259700,
0.00226460,0.000000,1.259700,
0.00226480,-0.002441,1.243452,
0.00226500,-0.002441,1.259700,
0.00226520,0.000000,1.275947,
0.00226540,0.000000,1.275947,
0.00226560,-0.002441,1.259700,
0.00226580,-0.002441,1.259700,
0.00226600,-0.002441,1.259700,
0.00226620,-0.002441,1.259700,
0.00226640,-0.002441,1.259700,
0.00226660,0.000000,1.259700,
0.00226680,0.000000,1.259700,
0.00226700,0.000000,1.259700,
0.00226720,0.000000,1.243452,
0.00226740,0.000000,1.259700,
0.00226760,-0.002441,1.259700,
0.00226780,-0.002441,1.275947,
0.00226800,0.000000,1.259700,
0.00226820,0.000000,1.259700,
0.00226840,0.000000,1.259700,
0.00226860,0.000000,1.259700,
0.00226880,-0.002441,1.259700,
0.00226900,0.000000,1.259700,
0.00226920,-0.002441,1.259700,
0.00226940,-0.002441,1.259700,
0.00226960,-0.004883,1.259700,
0.00226980,0.000000,1.275947,
0.00227000,-0.002441,1.259700,
0.00227020,0.000000,1.259700,
0.00227040,-0.002441,1.259700,
0.00227060,-0.002441,1.259700,
0.00227080,0.000000,1.275947,
0.00227100,-0.002441,1.259700,
0.00227120,0.000000,1.259700,
0.00227140,0.000000,1.259700,
0.00227160,0.000000,1.259700,
0.00227180,0.000000,1.275947,
0.00227200,-0.002441,1.259700,
0.00227220,-0.002441,1.259700,
0.00227240,0.000000,1.259700,
0.00227260,-0.002441,1.243452,
0.00227280,-0.002441,1.259700,
0.00227300,-0.002441,1.259700,
0.00227320,0.000000,1.275947,
0.00227340,-0.002441,1.275947,
0.00227360,0.000000,1.259700,
0.00227380,0.000000,1.259700,
0.00227400,-0.002441,1.259700,
0.00227420,-0.002441,1.259700,
0.00227440,-0.002441,1.259700,
0.00227460,0.000000,1.259700,
0.00227480,0.000000,1.259700,
0.00227500,0.000000,1.275947,
0.00227520,-0.002441,1.259700,
0.00227540,0.000000,1.275947,
0.00227560,0.000000,1.259700,
0.00227580,-0.002441,1.275947,
0.00227600,-0.002441,1.275947,
0.00227620,-0.002441,1.292195,
0.00227640,0.000000,1.275947,
0.00227660,0.000000,1.259700,
0.00227680,0.000000,1.259700,
0.00227700,-0.002441,1.259700,
0.00227720,0.000000,1.259700,
0.00227740,-0.002441,1.259700,
0.00227760,-0.002441,1.259700,
0.00227780,0.000000,1.259700,
0.00227800,-0.002441,1.259700,
0.00227820,0.000000,1.275947,
0.00227840,0.000000,1.275947,
0.00227860,0.000000,1.259700,
0.00227880,-0.002441,1.243452,
0.00227900,0.000000,1.243452,
0.00227920,0.000000,1.275947,
0.00227940,0.000000,1.275947,
0.00227960,0.000000,1.292195,
0.00227980,0.000000,1.292195,
0.00228000,-0.002441,1.275947,
0.00228020,0.000000,1.275947,
0.00228040,0.000000,1.243452,
0.00228060,-0.002441,1.243452,
0.00228080,-0.002441,1.243452,
0.00228100,0.000000,1.259700,
0.00228120,0.000000,1.275947,
0.00228140,-0.002441,1.292195,
0.00228160,-0.002441,1.275947,
0.00228180,0.000000,1.275947,
0.00228200,-0.002441,1.275947,
0.00228220,-0.002441,1.259700,
0.00228240,-0.002441,1.259700,
0.00228260,0.002441,1.275947,
0.00228280,0.000000,1.259700,
0.00228300,0.000000,1.275947,
0.00228320,-0.002441,1.275947,
0.00228340,0.000000,1.292195,
0.00228360,0.000000,1.275947,
0.00228380,-0.002441,1.275947,
0.00228400,-0.002441,1.259700,
0.00228420,0.000000,1.275947,
0.00228440,0.000000,1.275947,
0.00228460,-0.002441,1.275947,
0.00228480,-0.002441,1.275947,
0.00228500,0.000000,1.275947,
0.00228520,-0.002441,1.275947,
0.00228540,-0.004883,1.275947,
0.00228560,-0.002441,1.275947,
0.00228580,0.000000,1.259700,
0.00228600,0.000000,1.275947,
0.00228620,0.000000,1.275947,
0.00228640,-0.002441,1.275947,
0.00228660,-0.002441,1.275947,
0.00228680,0.000000,1.275947,
0.00228700,-0.002441,1.275947,
0.00228720,-0.002441,1.275947,
0.00228740,-0.002441,1.292195,
0.00228760,-0.002441,1.275947,
0.00228780,-0.002441,1.275947,
0.00228800,0.000000,1.275947,
0.00228820,-0.002441,1.275947,
0.00228840,-0.002441,1.275947,
0.00228860,-0.002441,1.275947,
0.00228880,0.000000,1.275947,
0.00228900,0.000000,1.292195,
0.00228920,0.000000,1.292195,
0.00228940,0.000000,1.292195,
0.00228960,-0.002441,1.292195,
0.00228980,-0.002441,1.275947,
0.00229000,-0.002441,1.275947,
0.00229020,-0.002441,1.275947,
0.00229040,-0.002441,1.275947,
0.00229060,0.000000,1.292195,
0.00229080,0.000000,1.275947,
0.00229100,0.000000,1.292195,
0.00229120,-0.002441,1.275947,
0.00229140,0.000000,1.292195,
0.00229160,0.000000,1.292195,
0.00229180,0.000000,1.292195,
0.00229200,-0.002441,1.292195,
0.00229220,-0.002441,1.292195,
0.00229240,0.000000,1.292195,
0.00229260,-0.002441,1.275947,
0.00229280,-0.002441,1.292195,
0.00229300,0.002441,1.292195,
0.00229320,-0.002441,1.275947,
0.00229340,-0.002441,1.292195,
0.00229360,-0.002441,1.275947,
0.00229380,0.000000,1.292195,
0.00229400,0.000000,1.292195,
0.00229420,0.000000,1.292195,
0.00229440,-0.002441,1.275947,
0.00229460,-0.002441,1.275947,
0.00229480,0.000000,1.292195,
0.00229500,-0.002441,1.292195,
0.00229520,-0.002441,1.292195,
0.00229540,-0.002441,1.308443,
0.00229560,0.000000,1.308443,
0.00229580,0.000000,1.308443,
0.00229600,-0.002441,1.292195,
0.00229620,-0.002441,1.292195,
0.00229640,-0.002441,1.292195,
0.00229660,-0.002441,1.275947,
0.00229680,0.000000,1.292195,
0.00229700,-0.002441,1.292195,
0.00229720,0.000000,1.292195,
0.00229740,-0.002441,1.292195,
0.00229760,-0.002441,1.292195,
0.00229780,-0.002441,1.292195,
0.00229800,0.000000,1.308443,
0.00229820,0.000000,1.292195,
0.00229840,-0.002441,1.292195,
0.00229860,-0.002441,1.292195,
0.00229880,-0.002441,1.292195,
0.00229900,0.000000,1.292195,
0.00229920,-0.002441,1.275947,
0.00229940,-0.002441,1.275947,
0.00229960,-0.002441,1.292195,
0.00229980,-0.002441,1.292195,
0.00230000,-0.002441,1.292195,
0.00230020,-0.002441,1.292195,
0.00230040,-0.002441,1.292195,
0.00230060,-0.002441,1.308443,
0.00230080,-0.002441,1.292195,
0.00230100,0.002441,1.308443,
0.00230120,0.000000,1.292195,
0.00230140,-0.002441,1.275947,
0.00230160,0.000000,1.292195,
0.00230180,-0.002441,1.292195,
0.00230200,0.000000,1.308443,
0.00230220,0.000000,1.308443,
0.00230240,0.000000,1.292195,
0.00230260,0.004883,1.292195,
0.00230280,0.000000,1.292195,
0.00230300,-0.002441,1.292195,
0.00230320,-0.002441,1.292195,
0.00230340,0.000000,1.292195,
0.00230360,0.000000,1.308443,
0.00230380,-0.002441,1.308443,
0.00230400,-0.002441,1.292195,
0.00230420,0.000000,1.308443,
0.00230440,-0.002441,1.308443,
0.00230460,-0.002441,1.308443,
0.00230480,-0.002441,1.292195,
0.00230500,0.000000,1.292195,
0.00230520,0.000000,1.308443,
0.00230540,0.000000,1.324690,
0.00230560,-0.002441,1.308443,
0.00230580,-0.002441,1.292195,
0.00230600,0.002441,1.292195,
0.00230620,0.000000,1.308443,
0.00230640,-0.002441,1.308443,
0.00230660,0.000000,1.292195,
0.00230680,0.000000,1.292195,
0.00230700,0.000000,1.308443,
0.00230720,0.000000,1.308443,
0.00230740,-0.002441,1.308443,
0.00230760,0.000000,1.308443,
0.00230780,0.000000,1.292195,
0.00230800,-0.002441,1.292195,
0.00230820,-0.002441,1.308443,
0.00230840,-0.002441,1.308443,
0.00230860,0.000000,1.308443,
0.00230880,-0.002441,1.308443,
0.00230900,0.000000,1.292195,
0.00230920,-0.002441,1.308443,
0.00230940,-0.002441,1.292195,
0.00230960,0.000000,1.308443,
0.00230980,-0.002441,1.292195,
0.00231000,0.002441,1.308443,
0.00231020,-0.002441,1.308443,
0.00231040,0.000000,1.308443,
0.00231060,0.000000,1.324690,
0.00231080,-0.002441,1.324690,
0.00231100,-0.002441,1.308443,
0.00231120,-0.004883,1.292195,
0.00231140,-0.002441,1.308443,
0.00231160,0.000000,1.308443,
0.00231180,0.000000,1.308443,
0.00231200,-0.002441,1.308443,
0.00231220,0.000000,1.308443,
0.00231240,-0.002441,1.324690,
0.00231260,0.000000,1.308443,
0.00231280,-0.002441,1.308443,
0.00231300,0.000000,1.308443,
0.00231320,0.000000,1.308443,
0.00231340,0.000000,1.324690,
0.00231360,0.002441,1.308443,
0.00231380,-0.002441,1.292195,
0.00231400,0.000000,1.275947,
0.00231420,-0.002441,1.292195,
0.00231440,-0.002441,1.308443,
0.00231460,-0.002441,1.308443,
0.00231480,0.000000,1.340938,
0.00231500,-0.002441,1.340938,
0.00231520,0.000000,1.308443,
0.00231540,-0.004883,1.292195,
0.00231560,0.000000,1.292195,
0.00231580,-0.002441,1.275947,
0.00231600,0.000000,1.292195,
0.00231620,-0.002441,1.308443,
0.00231640,0.000000,1.308443,
0.00231660,0.000000,1.324690,
0.00231680,0.000000,1.324690,
0.00231700,0.002441,1.324690,
0.00231720,0.000000,1.308443,
0.00231740,-0.002441,1.308443,
0.00231760,-0.002441,1.292195,
0.00231780,-0.002441,1.308443,
0.00231800,0.000000,1.308443,
0.00231820,0.000000,1.308443,
0.00231840,-0.002441,1.308443,
0.00231860,-0.002441,1.324690,
0.00231880,0.000000,1.324690,
0.00231900,0.000000,1.308443,
0.00231920,-0.002441,1.308443,
0.00231940,-0.002441,1.308443,
0.00231960,0.000000,1.308443,
0.00231980,0.002441,1.324690,
0.00232000,0.000000,1.324690,
0.00232020,0.000000,1.324690,
0.00232040,0.000000,1.324690,
0.00232060,0.000000,1.308443,
0.00232080,-0.004883,1.308443,
0.00232100,0.000000,1.308443,
0.00232120,0.000000,1.324690,
0.00232140,0.000000,1.308443,
0.00232160,-0.002441,1.308443,
0.00232180,0.000000,1.308443,
0.00232200,0.000000,1.324690,
0.00232220,0.000000,1.308443,
0.00232240,0.000000,1.308443,
0.00232260,-0.002441,1.324690,
0.00232280,0.000000,1.324690,
0.00232300,0.000000,1.324690,
0.00232320,0.000000,1.324690,
0.00232340,0.000000,1.308443,
0.00232360,0.002441,1.324690,
0.00232380,-0.002441,1.308443,
0.00232400,-0.002441,1.324690,
0.00232420,-0.002441,1.324690,
0.00232440,0.000000,1.324690,
0.00232460,0.000000,1.324690,
0.00232480,0.000000,1.324690,
0.00232500,-0.002441,1.308443,
0.00232520,0.000000,1.324690,
0.00232540,0.000000,1.324690,
0.00232560,-0.002441,1.308443,
0.00232580,0.000000,1.308443,
0.00232600,0.000000,1.324690,
0.00232620,0.000000,1.324690,
0.00232640,0.000000,1.324690,
0.00232660,0.000000,1.324690,
0.00232680,0.000000,1.324690,
0.00232700,0.000000,1.324690,
0.00232720,-0.002441,1.308443,
0.00232740,-0.002441,1.308443,
0.00232760,0.000000,1.324690,
0.00232780,0.000000,1.324690,
0.00232800,0.000000,1.324690,
0.00232820,0.000000,1.324690,
0.00232840,-0.002441,1.324690,
0.00232860,0.000000,1.340938,
0.00232880,-0.004883,1.324690,
0.00232900,-0.002441,1.324690,
0.00232920,-0.002441,1.308443,
0.00232940,0.000000,1.308443,
0.00232960,0.000000,1.324690,
0.00232980,0.000000,1.324690,
0.00233000,0.000000,1.324690,
0.00233020,0.000000,1.324690,
0.00233040,-0.002441,1.324690,
0.00233060,0.000000,1.324690,
0.00233080,0.000000,1.340938,
0.00233100,-0.002441,1.340938,
0.00233120,0.000000,1.340938,
0.00233140,0.000000,1.324690,
0.00233160,-0.002441,1.324690,
0.00233180,-0.002441,1.324690,
0.00233200,-0.002441,1.308443,
0.00233220,-0.004883,1.308443,
0.00233240,0.000000,1.324690,
0.00233260,0.000000,1.324690,
0.00233280,0.000000,1.324690,
0.00233300,0.000000,1.340938,
0.00233320,0.000000,1.357185,
0.00233340,0.000000,1.357185,
0.00233360,-0.002441,1.324690,
0.00233380,-0.002441,1.324690,
0.00233400,0.000000,1.324690,
0.00233420,0.000000,1.324690,
0.00233440,-0.002441,1.340938,
0.00233460,-0.002441,1.340938,
0.00233480,0.000000,1.324690,
0.00233500,-0.002441,1.324690,
0.00233520,-0.002441,1.340938,
0.00233540,-0.002441,1.324690,
0.00233560,0.000000,1.340938,
0.00233580,0.000000,1.340938,
0.00233600,0.000000,1.324690,
0.00233620,0.000000,1.340938,
0.00233640,0.000000,1.340938,
0.00233660,0.000000,1.340938,
0.00233680,0.000000,1.324690,
0.00233700,0.000000,1.340938,
0.00233720,-0.002441,1.340938,
0.00233740,0.000000,1.340938,
0.00233760,0.000000,1.340938,
0.00233780,-0.002441,1.324690,
0.00233800,0.000000,1.324690,
0.00233820,0.000000,1.324690,
0.00233840,0.000000,1.340938,
0.00233860,-0.002441,1.357185,
0.00233880,0.000000,1.357185,
0.00233900,0.000000,1.324690,
0.00233920,0.000000,1.340938,
0.00233940,0.000000,1.340938,
0.00233960,-0.002441,1.340938,
0.00233980,0.000000,1.340938,
0.00234000,-0.002441,1.340938,
0.00234020,0.000000,1.340938,
0.00234040,0.002441,1.340938,
0.00234060,0.000000,1.324690,
0.00234080,0.002441,1.340938,
0.00234100,0.000000,1.340938,
0.00234120,0.002441,1.340938,
0.00234140,0.000000,1.340938,
0.00234160,-0.002441,1.340938,
0.00234180,0.000000,1.340938,
0.00234200,-0.002441,1.340938,
0.00234220,-0.002441,1.340938,
0.00234240,-0.002441,1.340938,
0.00234260,0.000000,1.340938,
0.00234280,0.000000,1.340938,
0.00234300,0.000000,1.340938,
0.00234320,-0.002441,1.324690,
0.00234340,-0.002441,1.324690,
0.00234360,0.000000,1.340938,
0.00234380,-0.002441,1.340938,
0.00234400,0.000000,1.357185,
0.00234420,0.000000,1.340938,
0.00234440,0.000000,1.357185,
0.00234460,-0.002441,1.340938,
0.00234480,-0.002441,1.324690,
0.00234500,-0.002441,1.324690,
0.00234520,-0.002441,1.324690,
0.00234540,0.000000,1.340938,
0.00234560,0.000000,1.340938,
0.00234580,-0.002441,1.340938,
0.00234600,-0.002441,1.340938,
0.00234620,-0.002441,1.340938,
0.00234640,0.000000,1.324690,
0.00234660,-0.002441,1.324690,
0.00234680,-0.002441,1.340938,
0.00234700,0.000000,1.357185,
0.00234720,0.000000,1.340938,
0.00234740,0.000000,1.324690,
0.00234760,-0.002441,1.340938,
0.00234780,-0.002441,1.340938,
0.00234800,-0.002441,1.340938,
0.00234820,0.000000,1.340938,
0.00234840,0.000000,1.340938,
0.00234860,0.000000,1.340938,
0.00234880,0.000000,1.324690,
0.00234900,-0.002441,1.324690,
0.00234920,0.000000,1.340938,
0.00234940,0.000000,1.340938,
0.00234960,-0.002441,1.357185,
0.00234980,-0.002441,1.340938,
0.00235000,0.000000,1.357185,
0.00235020,0.000000,1.357185,
0.00235040,0.002441,1.357185,
0.00235060,0.000000,1.340938,
0.00235080,0.000000,1.324690,
0.00235100,0.000000,1.324690,
0.00235120,0.000000,1.324690,
0.00235140,-0.002441,1.340938,
0.00235160,0.000000,1.340938,
0.00235180,0.000000,1.357185,
0.00235200,0.000000,1.357185,
0.00235220,0.000000,1.357185,
0.00235240,0.000000,1.373433,
0.00235260,-0.002441,1.357185,
0.00235280,0.000000,1.324690,
0.00235300,-0.002441,1.324690,
0.00235320,-0.002441,1.324690,
0.00235340,0.000000,1.340938,
0.00235360,0.000000,1.340938,
0.00235380,-0.002441,1.340938,
0.00235400,-0.002441,1.340938,
0.00235420,0.000000,1.357185,
0.00235440,-0.002441,1.340938,
0.00235460,-0.002441,1.340938,
0.00235480,0.000000,1.340938,
0.00235500,0.000000,1.340938,
0.00235520,0.000000,1.340938,
0.00235540,0.000000,1.357185,
0.00235560,-0.002441,1.340938,
0.00235580,0.000000,1.357185,
0.00235600,-0.002441,1.340938,
0.00235620,0.000000,1.340938,
0.00235640,-0.002441,1.340938,
0.00235660,0.000000,1.340938,
0.00235680,-0.002441,1.340938,
0.00235700,0.002441,1.357185,
0.00235720,-0.002441,1.340938,
0.00235740,0.000000,1.340938,
0.00235760,0.000000,1.340938,
0.00235780,0.000000,1.340938,
0.00235800,-0.004883,1.340938,
0.00235820,0.000000,1.357185,
0.00235840,0.000000,1.340938,
0.00235860,0.000000,1.340938,
0.00235880,0.002441,1.340938,
0.00235900,0.000000,1.340938,
0.00235920,0.000000,1.340938,
0.00235940,0.000000,1.324690,
0.00235960,-0.002441,1.324690,
0.00235980,0.000000,1.340938,
0.00236000,0.000000,1.357185,
0.00236020,0.000000,1.340938,
0.00236040,0.004883,1.357185,
0.00236060,-0.002441,1.340938,
0.00236080,-0.002441,1.324690,
0.00236100,-0.002441,1.340938,
0.00236120,0.000000,1.340938,
0.00236140,-0.002441,1.357185,
0.00236160,0.000000,1.340938,
0.00236180,-0.004883,1.324690,
0.00236200,0.002441,1.357185,
0.00236220,-0.002441,1.340938,
0.00236240,0.000000,1.340938,
0.00236260,-0.002441,1.324690,
0.00236280,0.000000,1.340938,
0.00236300,0.000000,1.357185,
0.00236320,0.000000,1.357185,
0.00236340,0.000000,1.357185,
0.00236360,0.000000,1.357185,
0.00236380,0.000000,1.357185,
0.00236400,-0.002441,1.340938,
0.00236420,0.002441,1.340938,
0.00236440,-0.002441,1.324690,
0.00236460,0.000000,1.357185,
0.00236480,0.000000,1.357185,
0.00236500,0.000000,1.340938,
0.00236520,-0.002441,1.324690,
0.00236540,-0.002441,1.340938,
0.00236560,0.000000,1.340938,
0.00236580,0.000000,1.340938,
0.00236600,-0.002441,1.357185,
0.00236620,0.000000,1.357185,
0.00236640,0.002441,1.357185,
0.00236660,0.002441,1.340938,
0.00236680,0.000000,1.340938,
0.00236700,0.000000,1.340938,
0.00236720,0.000000,1.340938,
0.00236740,-0.002441,1.340938,
0.00236760,-0.002441,1.324690,
0.00236780,0.000000,1.340938,
0.00236800,-0.002441,1.357185,
0.00236820,0.000000,1.373433,
0.00236840,0.000000,1.357185,
0.00236860,0.000000,1.340938,
0.00236880,-0.002441,1.340938,
0.00236900,0.000000,1.324690,
0.00236920,0.000000,1.340938,
0.00236940,0.000000,1.324690,
0.00236960,0.000000,1.340938,
0.00236980,0.000000,1.340938,
0.00237000,-0.002441,1.340938,
0.00237020,0.000000,1.373433,
0.00237040,-0.002441,1.357185,
0.00237060,-0.002441,1.340938,
0.00237080,-0.002441,1.340938,
0.00237100,-0.002441,1.340938,
0.00237120,0.000000,1.357185,
0.00237140,0.000000,1.357185,
0.00237160,0.000000,1.357185,
0.00237180,0.000000,1.357185,
0.00237200,-0.002441,1.340938,
0.00237220,-0.002441,1.340938,
0.00237240,-0.002441,1.340938,
0.00237260,0.000000,1.357185,
0.00237280,0.000000,1.357185,
0.00237300,0.000000,1.357185,
0.00237320,-0.002441,1.340938,
0.00237340,0.000000,1.340938,
0.00237360,-0.002441,1.340938,
0.00237380,-0.002441,1.357185,
0.00237400,0.000000,1.357185,
0.00237420,0.000000,1.357185,
0.00237440,0.000000,1.357185,
0.00237460,0.000000,1.357185,
0.00237480,-0.002441,1.340938,
0.00237500,0.000000,1.340938,
0.00237520,0.000000,1.324690,
0.00237540,-0.002441,1.340938,
0.00237560,-0.002441,1.340938,
0.00237580,0.000000,1.357185,
0.00237600,0.000000,1.357185,
0.00237620,0.000000,1.340938,
0.00237640,-0.002441,1.340938,
0.00237660,0.000000,1.357185,
0.00237680,0.000000,1.357185,
0.00237700,0.000000,1.340938,
0.00237720,-0.002441,1.357185,
0.00237740,0.000000,1.340938,
0.00237760,-0.002441,1.340938,
0.00237780,0.000000,1.340938,
0.00237800,-0.002441,1.357185,
0.00237820,0.000000,1.357185,
0.00237840,0.000000,1.340938,
0.00237860,-0.002441,1.324690,
0.00237880,0.000000,1.357185,
0.00237900,0.000000,1.357185,
0.00237920,0.000000,1.357185,
0.00237940,0.000000,1.340938,
0.00237960,-0.002441,1.340938,
0.00237980,0.000000,1.340938,
0.00238000,0.000000,1.340938,
0.00238020,-0.002441,1.324690,
0.00238040,-0.002441,1.340938,
0.00238060,0.000000,1.340938,
0.00238080,0.000000,1.357185,
0.00238100,0.000000,1.357185,
0.00238120,0.000000,1.340938,
0.00238140,0.000000,1.340938,
0.00238160,0.000000,1.340938,
0.00238180,-0.002441,1.340938,
0.00238200,-0.002441,1.340938,
0.00238220,0.000000,1.340938,
0.00238240,0.000000,1.357185,
0.00238260,0.000000,1.340938,
0.00238280,-0.002441,1.340938,
0.00238300,0.000000,1.340938,
0.00238320,-0.002441,1.340938,
0.00238340,0.000000,1.357185,
0.00238360,0.000000,1.340938,
0.00238380,-0.002441,1.340938,
0.00238400,0.000000,1.324690,
0.00238420,0.000000,1.324690,
0.00238440,-0.002441,1.324690,
0.00238460,-0.002441,1.357185,
0.00238480,0.000000,1.357185,
0.00238500,-0.002441,1.357185,
0.00238520,0.002441,1.357185,
0.00238540,0.000000,1.357185,
0.00238560,0.000000,1.340938,
0.00238580,0.000000,1.324690,
0.00238600,-0.002441,1.324690,
0.00238620,-0.002441,1.324690,
0.00238640,0.000000,1.324690,
0.00238660,-0.002441,1.324690,
0.00238680,0.000000,1.340938,
0.00238700,-0.002441,1.357185,
0.00238720,0.002441,1.357185,
0.00238740,0.000000,1.340938,
0.00238760,0.002441,1.340938,
0.00238780,0.000000,1.324690,
0.00238800,0.000000,1.324690,
0.00238820,-0.002441,1.324690,
0.00238840,-0.002441,1.340938,
0.00238860,0.000000,1.340938,
0.00238880,0.002441,1.357185,
0.00238900,0.000000,1.340938,
0.00238920,0.000000,1.340938,
0.00238940,0.000000,1.340938,
0.00238960,-0.002441,1.340938,
0.00238980,0.000000,1.324690,
0.00239000,0.002441,1.340938,
0.00239020,-0.002441,1.340938,
0.00239040,0.000000,1.357185,
0.00239060,0.000000,1.340938,
0.00239080,-0.002441,1.340938,
0.00239100,0.002441,1.340938,
0.00239120,-0.002441,1.340938,
0.00239140,-0.002441,1.340938,
0.00239160,-0.002441,1.340938,
0.00239180,-0.002441,1.340938,
0.00239200,0.000000,1.324690,
0.00239220,-0.002441,1.340938,
0.00239240,-0.002441,1.340938,
0.00239260,0.000000,1.357185,
0.00239280,0.000000,1.340938,
0.00239300,-0.002441,1.324690,
0.00239320,-0.002441,1.340938,
0.00239340,0.002441,1.340938,
0.00239360,0.000000,1.340938,
0.00239380,0.002441,1.340938,
0.00239400,0.000000,1.324690,
0.00239420,0.002441,1.324690,
0.00239440,0.000000,1.324690,
0.00239460,0.000000,1.324690,
0.00239480,-0.002441,1.340938,
0.00239500,0.000000,1.340938,
0.00239520,0.000000,1.340938,
0.00239540,0.000000,1.324690,
0.00239560,0.000000,1.324690,
0.00239580,-0.002441,1.324690,
0.00239600,0.000000,1.324690,
0.00239620,-0.004883,1.340938,
0.00239640,-0.002441,1.340938,
0.00239660,0.000000,1.340938,
0.00239680,-0.002441,1.340938,
0.00239700,0.000000,1.340938,
0.00239720,0.000000,1.324690,
0.00239740,0.000000,1.340938,
0.00239760,0.000000,1.324690,
0.00239780,0.000000,1.324690,
0.00239800,-0.002441,1.324690,
0.00239820,0.000000,1.340938,
0.00239840,-0.002441,1.324690,
0.00239860,0.000000,1.340938,
0.00239880,-0.002441,1.340938,
0.00239900,0.000000,1.340938,
0.00239920,0.000000,1.340938,
0.00239940,0.000000,1.324690,
0.00239960,0.000000,1.308443,
0.00239980,-0.002441,1.324690,
0.00240000,0.000000,1.340938,
0.00240020,-0.002441,1.340938,
0.00240040,0.000000,1.324690,
0.00240060,0.000000,1.324690,
0.00240080,0.000000,1.340938,
0.00240100,0.002441,1.340938,
0.00240120,-0.002441,1.340938,
0.00240140,0.000000,1.324690,
0.00240160,0.000000,1.324690,
0.00240180,0.000000,1.340938,
0.00240200,-0.002441,1.308443,
0.00240220,0.000000,1.308443,
0.00240240,0.000000,1.324690,
0.00240260,0.000000,1.324690,
0.00240280,-0.002441,1.324690,
0.00240300,0.000000,1.340938,
0.00240320,0.000000,1.340938,
0.00240340,0.002441,1.357185,
0.00240360,0.000000,1.324690,
0.00240380,0.000000,1.340938,
0.00240400,0.000000,1.324690,
0.00240420,0.000000,1.324690,
0.00240440,-0.002441,1.308443,
0.00240460,-0.002441,1.308443,
0.00240480,0.000000,1.340938,
0.00240500,0.000000,1.340938,
0.00240520,0.000000,1.340938,
0.00240540,0.000000,1.340938,
0.00240560,0.000000,1.340938,
0.00240580,0.002441,1.324690,
0.00240600,-0.002441,1.324690,
0.00240620,0.000000,1.324690,
0.00240640,0.000000,1.324690,
0.00240660,0.000000,1.340938,
0.00240680,-0.002441,1.324690,
0.00240700,0.000000,1.340938,
0.00240720,-0.002441,1.324690,
0.00240740,0.000000,1.308443,
0.00240760,-0.002441,1.308443,
0.00240780,0.000000,1.324690,
0.00240800,0.000000,1.340938,
0.00240820,-0.002441,1.324690,
0.00240840,-0.002441,1.324690,
0.00240860,0.000000,1.340938,
0.00240880,-0.002441,1.340938,
0.00240900,-0.002441,1.340938,
0.00240920,0.000000,1.324690,
0.00240940,0.000000,1.308443,
0.00240960,0.002441,1.324690,
0.00240980,0.000000,1.324690,
0.00241000,0.000000,1.324690,
0.00241020,0.000000,1.340938,
0.00241040,-0.002441,1.340938,
0.00241060,-0.002441,1.324690,
0.00241080,-0.002441,1.324690,
0.00241100,0.000000,1.340938,
0.00241120,0.000000,1.324690,
0.00241140,0.000000,1.324690,
0.00241160,-0.002441,1.324690,
0.00241180,0.000000,1.340938,
0.00241200,-0.002441,1.340938,
0.00241220,0.000000,1.324690,
0.00241240,-0.002441,1.308443,
0.00241260,0.000000,1.324690,
0.00241280,0.000000,1.340938,
0.00241300,0.000000,1.324690,
0.00241320,-0.002441,1.324690,
0.00241340,0.000000,1.324690,
0.00241360,0.000000,1.324690,
0.00241380,-0.002441,1.324690,
0.00241400,-0.002441,1.324690,
0.00241420,0.000000,1.340938,
0.00241440,-0.002441,1.340938,
0.00241460,0.000000,1.324690,
0.00241480,-0.002441,1.324690,
0.00241500,0.000000,1.324690,
0.00241520,0.000000,1.324690,
0.00241540,-0.002441,1.308443,
0.00241560,-0.002441,1.308443,
0.00241580,0.000000,1.308443,
0.00241600,0.000000,1.324690,
0.00241620,-0.002441,1.340938,
0.00241640,-0.002441,1.324690,
0.00241660,0.002441,1.308443,
0.00241680,0.000000,1.308443,
0.00241700,0.000000,1.324690,
0.00241720,0.000000,1.308443,
0.00241740,-0.002441,1.324690,
0.00241760,-0.002441,1.324690,
0.00241780,0.000000,1.308443,
0.00241800,0.000000,1.324690,
0.00241820,0.007324,1.340938,
0.00241840,0.000000,1.324690,
0.00241860,0.000000,1.324690,
0.00241880,0.000000,1.308443,
0.00241900,-0.002441,1.308443,
0.00241920,0.000000,1.292195,
0.00241940,0.000000,1.324690,
0.00241960,-0.002441,1.308443,
0.00241980,0.002441,1.340938,
0.00242000,-0.002441,1.340938,
0.00242020,0.000000,1.340938,
0.00242040,0.000000,1.324690,
0.00242060,0.002441,1.324690,
0.00242080,0.000000,1.308443,
0.00242100,0.000000,1.308443,
0.00242120,0.000000,1.275947,
0.00242140,0.000000,1.292195,
0.00242160,-0.002441,1.308443,
0.00242180,0.000000,1.324690,
0.00242200,-0.004883,1.308443,
0.00242220,0.000000,1.324690,
0.00242240,0.000000,1.324690,
0.00242260,0.000000,1.324690,
0.00242280,-0.002441,1.308443,
0.00242300,-0.002441,1.292195,
0.00242320,-0.002441,1.292195,
0.00242340,0.000000,1.308443,
0.00242360,-0.002441,1.308443,
0.00242380,-0.002441,1.324690,
0.00242400,0.000000,1.308443,
0.00242420,0.000000,1.308443,
0.00242440,0.000000,1.324690,
0.00242460,0.000000,1.308443,
0.00242480,0.000000,1.324690,
0.00242500,-0.002441,1.308443,
0.00242520,0.000000,1.308443,
0.00242540,-0.002441,1.292195,
0.00242560,0.000000,1.308443,
0.00242580,0.000000,1.308443,
0.00242600,0.000000,1.324690,
0.00242620,0.000000,1.324690,
0.00242640,-0.002441,1.308443,
0.00242660,0.000000,1.292195,
0.00242680,-0.002441,1.308443,
0.00242700,-0.002441,1.292195,
0.00242720,0.000000,1.308443,
0.00242740,0.000000,1.308443,
0.00242760,0.000000,1.308443,
0.00242780,0.000000,1.308443,
0.00242800,0.000000,1.324690,
0.00242820,0.000000,1.308443,
0.00242840,-0.002441,1.292195,
0.00242860,-0.002441,1.292195,
0.00242880,0.000000,1.308443,
0.00242900,0.000000,1.308443,
0.00242920,0.000000,1.292195,
0.00242940,-0.002441,1.308443,
0.00242960,0.000000,1.308443,
0.00242980,0.000000,1.308443,
0.00243000,0.000000,1.292195,
0.00243020,-0.002441,1.292195,
0.00243040,0.000000,1.308443,
0.00243060,-0.002441,1.292195,
0.00243080,0.000000,1.308443,
0.00243100,-0.004883,1.292195,
0.00243120,0.000000,1.292195,
0.00243140,0.000000,1.292195,
0.00243160,-0.002441,1.292195,
0.00243180,0.000000,1.308443,
0.00243200,0.000000,1.308443,
0.00243220,0.000000,1.292195,
0.00243240,0.000000,1.292195,
0.00243260,-0.002441,1.292195,
0.00243280,0.000000,1.308443,
0.00243300,-0.004883,1.292195,
0.00243320,-0.002441,1.292195,
0.00243340,0.000000,1.292195,
0.00243360,0.000000,1.308443,
0.00243380,0.000000,1.308443,
0.00243400,-0.002441,1.308443,
0.00243420,0.002441,1.308443,
0.00243440,0.000000,1.292195,
0.00243460,0.000000,1.292195,
0.00243480,-0.002441,1.292195,
0.00243500,0.000000,1.292195,
0.00243520,0.000000,1.308443,
0.00243540,-0.002441,1.308443,
0.00243560,0.000000,1.308443,
0.00243580,-0.002441,1.292195,
0.00243600,0.000000,1.308443,
0.00243620,-0.002441,1.308443,
0.00243640,0.000000,1.292195,
0.00243660,0.000000,1.292195,
0.00243680,0.000000,1.292195,
0.00243700,0.000000,1.292195,
0.00243720,0.000000,1.292195,
0.00243740,0.000000,1.292195,
0.00243760,0.000000,1.275947,
0.00243780,0.000000,1.292195,
0.00243800,-0.002441,1.308443,
0.00243820,0.000000,1.308443,
0.00243840,0.000000,1.324690,
0.00243860,0.000000,1.308443,
0.00243880,0.000000,1.292195,
0.00243900,-0.002441,1.292195,
0.00243920,0.002441,1.292195,
0.00243940,0.000000,1.292195,
0.00243960,0.000000,1.275947,
0.00243980,0.000000,1.275947,
0.00244000,0.002441,1.308443,
0.00244020,0.002441,1.308443,
0.00244040,0.000000,1.308443,
0.00244060,-0.002441,1.308443,
0.00244080,0.000000,1.308443,
0.00244100,0.000000,1.292195,
0.00244120,-0.002441,1.275947,
0.00244140,0.000000,1.292195,
0.00244160,-0.002441,1.292195,
0.00244180,0.000000,1.292195,
0.00244200,0.000000,1.292195,
0.00244220,-0.002441,1.308443,
0.00244240,0.000000,1.308443,
0.00244260,-0.002441,1.308443,
0.00244280,-0.002441,1.292195,
0.00244300,-0.002441,1.292195,
0.00244320,0.000000,1.292195,
0.00244340,0.000000,1.292195,
0.00244360,0.000000,1.292195,
0.00244380,0.000000,1.292195,
0.00244400,0.000000,1.308443,
0.00244420,0.000000,1.292195,
0.00244440,-0.002441,1.292195,
0.00244460,-0.002441,1.292195,
0.00244480,0.000000,1.292195,
0.00244500,0.000000,1.292195,
0.00244520,0.000000,1.292195,
0.00244540,-0.002441,1.292195,
0.00244560,0.000000,1.292195,
0.00244580,0.000000,1.292195,
0.00244600,0.000000,1.275947,
0.00244620,-0.002441,1.292195,
0.00244640,0.002441,1.308443,
0.00244660,0.000000,1.292195,
0.00244680,-0.002441,1.308443,
0.00244700,0.000000,1.292195,
0.00244720,0.000000,1.292195,
0.00244740,0.000000,1.292195,
0.00244760,-0.002441,1.275947,
0.00244780,-0.002441,1.275947,
0.00244800,0.000000,1.308443,
0.00244820,0.000000,1.308443,
0.00244840,0.000000,1.292195,
0.00244860,-0.002441,1.292195,
0.00244880,0.000000,1.292195,
0.00244900,-0.002441,1.292195,
0.00244920,-0.002441,1.292195,
0.00244940,-0.002441,1.275947,
0.00244960,0.000000,1.275947,
0.00244980,-0.002441,1.292195,
0.00245000,-0.002441,1.308443,
0.00245020,-0.002441,1.275947,
0.00245040,0.000000,1.292195,
0.00245060,0.000000,1.275947,
0.00245080,-0.002441,1.292195,
0.00245100,0.000000,1.292195,
0.00245120,0.000000,1.275947,
0.00245140,0.000000,1.292195,
0.00245160,0.000000,1.308443,
0.00245180,0.000000,1.292195,
0.00245200,-0.002441,1.292195,
0.00245220,0.000000,1.275947,
0.00245240,0.000000,1.275947,
0.00245260,-0.002441,1.275947,
0.00245280,0.000000,1.292195,
0.00245300,0.000000,1.275947,
0.00245320,0.000000,1.292195,
0.00245340,0.000000,1.292195,
0.00245360,0.002441,1.308443,
0.00245380,0.000000,1.275947,
0.00245400,0.002441,1.275947,
0.00245420,0.000000,1.259700,
0.00245440,0.000000,1.275947,
0.00245460,0.000000,1.275947,
0.00245480,0.000000,1.275947,
0.00245500,0.000000,1.292195,
0.00245520,0.000000,1.308443,
0.00245540,0.000000,1.308443,
0.00245560,-0.002441,1.292195,
0.00245580,-0.002441,1.275947,
0.00245600,0.000000,1.275947,
0.00245620,0.000000,1.259700,
0.00245640,0.000000,1.275947,
0.00245660,-0.002441,1.275947,
0.00245680,0.000000,1.275947,
0.00245700,0.000000,1.292195,
0.00245720,0.000000,1.292195,
0.00245740,-0.002441,1.275947,
0.00245760,-0.002441,1.292195,
0.00245780,-0.002441,1.292195,
0.00245800,0.000000,1.275947,
0.00245820,0.000000,1.259700,
0.00245840,0.000000,1.275947,
0.00245860,0.000000,1.292195,
0.00245880,0.000000,1.292195,
0.00245900,-0.002441,1.292195,
0.00245920,0.000000,1.275947,
0.00245940,-0.002441,1.292195,
0.00245960,0.000000,1.292195,
0.00245980,0.000000,1.292195,
0.00246000,0.000000,1.275947,
0.00246020,0.000000,1.259700,
0.00246040,-0.002441,1.259700,
0.00246060,-0.002441,1.275947,
0.00246080,0.000000,1.275947,
0.00246100,-0.002441,1.275947,
0.00246120,0.000000,1.275947,
0.00246140,0.000000,1.275947,
0.00246160,-0.002441,1.292195,
0.00246180,0.000000,1.275947,
0.00246200,0.000000,1.275947,
0.00246220,0.000000,1.275947,
0.00246240,0.000000,1.275947,
0.00246260,0.002441,1.292195,
0.00246280,0.000000,1.275947,
0.00246300,0.000000,1.292195,
0.00246320,-0.002441,1.292195,
0.00246340,-0.002441,1.275947,
0.00246360,0.000000,1.275947,
0.00246380,-0.002441,1.259700,
0.00246400,0.000000,1.259700,
0.00246420,0.000000,1.259700,
0.00246440,0.000000,1.275947,
0.00246460,0.000000,1.275947,
0.00246480,0.000000,1.292195,
0.00246500,0.000000,1.292195,
0.00246520,0.000000,1.275947,
0.00246540,0.000000,1.259700,
0.00246560,0.000000,1.275947,
0.00246580,0.000000,1.275947,
0.00246600,0.000000,1.275947,
0.00246620,0.000000,1.259700,
0.00246640,0.000000,1.275947,
0.00246660,0.000000,1.275947,
0.00246680,-0.002441,1.275947,
0.00246700,0.000000,1.275947,
0.00246720,0.000000,1.275947,
0.00246740,0.000000,1.275947,
0.00246760,0.000000,1.275947,
0.00246780,0.000000,1.275947,
0.00246800,0.000000,1.275947,
0.00246820,0.000000,1.259700,
0.00246840,-0.002441,1.259700,
0.00246860,-0.002441,1.259700,
0.00246880,-0.002441,1.275947,
0.00246900,0.000000,1.275947,
0.00246920,0.000000,1.275947,
0.00246940,-0.002441,1.259700,
0.00246960,-0.002441,1.275947,
0.00246980,-0.002441,1.275947,
0.00247000,0.000000,1.275947,
0.00247020,-0.002441,1.275947,
0.00247040,0.000000,1.259700,
0.00247060,0.000000,1.275947,
0.00247080,0.000000,1.275947,
0.00247100,0.000000,1.292195,
0.00247120,-0.002441,1.275947,
0.00247140,0.000000,1.275947,
0.00247160,-0.002441,1.259700,
0.00247180,-0.002441,1.259700,
0.00247200,-0.002441,1.259700,
0.00247220,-0.002441,1.259700,
0.00247240,0.000000,1.259700,
0.00247260,0.000000,1.259700,
0.00247280,0.000000,1.259700,
0.00247300,0.000000,1.259700,
0.00247320,0.000000,1.275947,
0.00247340,-0.002441,1.275947,
0.00247360,0.000000,1.275947,
0.00247380,0.000000,1.275947,
0.00247400,0.000000,1.275947,
0.00247420,-0.002441,1.275947,
0.00247440,0.004883,1.259700,
0.00247460,-0.002441,1.259700,
0.00247480,0.000000,1.259700,
0.00247500,-0.002441,1.259700,
0.00247520,-0.002441,1.275947,
0.00247540,0.000000,1.275947,
0.00247560,-0.002441,1.275947,
0.00247580,0.000000,1.275947,
0.00247600,0.002441,1.259700,
0.00247620,0.000000,1.259700,
0.00247640,0.000000,1.259700,
0.00247660,0.000000,1.259700,
0.00247680,-0.002441,1.259700,
0.00247700,0.000000,1.259700,
0.00247720,0.000000,1.275947,
0.00247740,0.000000,1.275947,
0.00247760,0.000000,1.275947,
0.00247780,0.000000,1.259700,
0.00247800,-0.002441,1.259700,
0.00247820,-0.002441,1.259700,
0.00247840,-0.004883,1.243452,
0.00247860,0.000000,1.275947,
0.00247880,0.000000,1.275947,
0.00247900,0.000000,1.275947,
0.00247920,-0.002441,1.275947,
0.00247940,-0.002441,1.259700,
0.00247960,-0.002441,1.259700,
0.00247980,0.000000,1.243452,
0.00248000,-0.002441,1.259700,
0.00248020,-0.002441,1.259700,
0.00248040,0.000000,1.275947,
0.00248060,0.000000,1.275947,
0.00248080,-0.002441,1.259700,
0.00248100,0.000000,1.275947,
0.00248120,0.000000,1.275947,
0.00248140,-0.002441,1.259700,
0.00248160,0.000000,1.259700,
0.00248180,0.002441,1.259700,
0.00248200,0.000000,1.259700,
0.00248220,0.000000,1.259700,
0.00248240,0.000000,1.259700,
0.00248260,-0.002441,1.275947,
0.00248280,-0.002441,1.275947,
0.00248300,0.000000,1.259700,
0.00248320,-0.002441,1.259700,
0.00248340,0.000000,1.259700,
0.00248360,0.000000,1.259700,
0.00248380,0.000000,1.259700,
0.00248400,0.000000,1.275947,
0.00248420,0.000000,1.275947,
0.00248440,0.000000,1.259700,
0.00248460,0.000000,1.259700,
0.00248480,-0.002441,1.275947,
0.00248500,0.000000,1.259700,
0.00248520,0.000000,1.259700,
0.00248540,-0.002441,1.259700,
0.00248560,0.000000,1.259700,
0.00248580,0.000000,1.275947,
0.00248600,-0.002441,1.243452,
0.00248620,-0.002441,1.259700,
0.00248640,-0.002441,1.259700,
0.00248660,0.000000,1.259700,
0.00248680,0.000000,1.275947,
0.00248700,-0.002441,1.275947,
0.00248720,-0.002441,1.259700,
0.00248740,0.000000,1.259700,
0.00248760,-0.002441,1.259700,
0.00248780,-0.002441,1.259700,
0.00248800,-0.004883,1.259700,
0.00248820,0.000000,1.275947,
0.00248840,-0.002441,1.259700,
0.00248860,0.000000,1.259700,
0.00248880,-0.004883,1.243452,
0.00248900,-0.002441,1.275947,
0.00248920,-0.002441,1.259700,
0.00248940,0.000000,1.227205,
0.00248960,0.000000,1.243452,
0.00248980,-0.002441,1.259700,
0.00249000,0.000000,1.275947,
0.00249020,0.000000,1.275947,
0.00249040,0.000000,1.275947,
0.00249060,-0.002441,1.275947,
0.00249080,0.000000,1.275947,
0.00249100,-0.002441,1.259700,
0.00249120,-0.002441,1.243452,
0.00249140,-0.002441,1.227205,
0.00249160,-0.002441,1.243452,
0.00249180,0.000000,1.259700,
0.00249200,-0.002441,1.259700,
0.00249220,-0.002441,1.292195,
0.00249240,-0.002441,1.275947,
0.00249260,-0.002441,1.259700,
0.00249280,0.000000,1.259700,
0.00249300,0.000000,1.259700,
0.00249320,-0.002441,1.259700,
0.00249340,0.000000,1.259700,
0.00249360,-0.002441,1.259700,
0.00249380,0.000000,1.259700,
0.00249400,0.000000,1.259700,
0.00249420,-0.002441,1.259700,
0.00249440,0.000000,1.275947,
0.00249460,-0.002441,1.259700,
0.00249480,-0.002441,1.259700,
0.00249500,0.000000,1.259700,
0.00249520,0.000000,1.259700,
0.00249540,0.000000,1.259700,
0.00249560,-0.002441,1.259700,
0.00249580,0.000000,1.259700,
0.00249600,0.000000,1.259700,
0.00249620,0.000000,1.259700,
0.00249640,-0.002441,1.259700,
0.00249660,0.000000,1.259700,
0.00249680,0.000000,1.259700,
0.00249700,0.000000,1.259700,
0.00249720,-0.002441,1.259700,
0.00249740,-0.002441,1.243452,
0.00249760,0.000000,1.243452,
0.00249780,-0.002441,1.259700,
0.00249800,-0.002441,1.275947,
0.00249820,-0.002441,1.275947,
0.00249840,0.000000,1.275947,
0.00249860,0.000000,1.275947,
0.00249880,0.000000,1.259700,
0.00249900,-0.002441,1.243452,
0.00249920,0.000000,1.243452,
0.00249940,0.000000,1.243452,
0.00249960,0.000000,1.259700,
0.00249980,0.000000,1.259700,
0.00250000,-0.002441,1.259700,
0.00250020,0.000000,1.259700,
0.00250040,-0.002441,1.259700,
0.00250060,-0.002441,1.259700,
0.00250080,-0.002441,1.243452,
0.00250100,0.000000,1.259700,
0.00250120,0.000000,1.259700,
0.00250140,0.000000,1.259700,
0.00250160,-0.002441,1.243452,
0.00250180,0.000000,1.259700,
0.00250200,0.000000,1.259700,
0.00250220,0.000000,1.259700,
0.00250240,-0.002441,1.259700,
0.00250260,0.000000,1.259700,
0.00250280,0.000000,1.259700,
0.00250300,0.000000,1.243452,
0.00250320,0.000000,1.243452,
0.00250340,0.000000,1.243452,
0.00250360,0.000000,1.243452,
0.00250380,0.000000,1.259700,
0.00250400,-0.002441,1.259700,
0.00250420,-0.002441,1.243452,
0.00250440,0.000000,1.259700,
0.00250460,0.000000,1.259700,
0.00250480,-0.002441,1.259700,
0.00250500,0.000000,1.243452,
0.00250520,-0.002441,1.243452,
0.00250540,0.000000,1.259700,
0.00250560,-0.002441,1.259700,
0.00250580,-0.002441,1.259700,
0.00250600,0.000000,1.259700,
0.00250620,0.000000,1.259700,
0.00250640,-0.002441,1.275947,
0.00250660,-0.002441,1.259700,
0.00250680,0.000000,1.259700,
0.00250700,0.000000,1.259700,
0.00250720,-0.002441,1.243452,
0.00250740,-0.002441,1.243452,
0.00250760,0.000000,1.243452,
0.00250780,0.000000,1.259700,
0.00250800,0.000000,1.259700,
0.00250820,0.000000,1.259700,
0.00250840,-0.002441,1.259700,
0.00250860,-0.002441,1.259700,
0.00250880,-0.002441,1.275947,
0.00250900,-0.002441,1.259700,
0.00250920,0.000000,1.259700,
0.00250940,0.000000,1.243452,
0.00250960,0.000000,1.243452,
0.00250980,-0.002441,1.243452,
0.00251000,0.002441,1.243452,
0.00251020,0.000000,1.259700,
0.00251040,0.000000,1.259700,
0.00251060,-0.002441,1.275947,
0.00251080,0.000000,1.275947,
0.00251100,0.000000,1.259700,
0.00251120,-0.002441,1.259700,
0.00251140,-0.002441,1.243452,
0.00251160,0.000000,1.243452,
0.00251180,-0.002441,1.259700,
0.00251200,-0.002441,1.259700,
0.00251220,0.000000,1.259700,
0.00251240,0.000000,1.259700,
0.00251260,0.000000,1.259700,
0.00251280,0.000000,1.259700,
0.00251300,0.000000,1.259700,
0.00251320,0.000000,1.259700,
0.00251340,0.000000,1.259700,
0.00251360,-0.002441,1.243452,
0.00251380,0.000000,1.275947,
0.00251400,0.000000,1.259700,
0.00251420,0.000000,1.259700,
0.00251440,0.000000,1.259700,
0.00251460,0.000000,1.275947,
0.00251480,-0.002441,1.259700,
0.00251500,0.000000,1.259700,
0.00251520,-0.002441,1.275947,
0.00251540,0.000000,1.259700,
0.00251560,0.000000,1.259700,
0.00251580,-0.002441,1.259700,
0.00251600,-0.002441,1.243452,
0.00251620,-0.002441,1.259700,
0.00251640,-0.002441,1.259700,
0.00251660,-0.002441,1.259700,
0.00251680,-0.002441,1.259700,
0.00251700,0.000000,1.259700,
0.00251720,0.000000,1.259700,
0.00251740,0.000000,1.259700,
0.00251760,0.000000,1.259700,
0.00251780,-0.002441,1.259700,
0.00251800,0.000000,1.259700,
0.00251820,-0.002441,1.259700,
0.00251840,-0.002441,1.259700,
0.00251860,0.000000,1.259700,
0.00251880,0.000000,1.275947,
0.00251900,-0.002441,1.275947,
0.00251920,0.000000,1.259700,
0.00251940,-0.002441,1.259700,
0.00251960,-0.002441,1.243452,
0.00251980,-0.002441,1.259700,
0.00252000,0.002441,1.275947,
0.00252020,-0.002441,1.243452,
0.00252040,0.002441,1.259700,
0.00252060,0.000000,1.259700,
0.00252080,0.000000,1.259700,
0.00252100,0.000000,1.275947,
0.00252120,0.000000,1.275947,
0.00252140,-0.002441,1.243452,
0.00252160,-0.002441,1.243452,
0.00252180,0.000000,1.259700,
0.00252200,0.000000,1.259700,
0.00252220,0.000000,1.259700,
0.00252240,-0.002441,1.243452,
0.00252260,0.000000,1.259700,
0.00252280,-0.002441,1.259700,
0.00252300,0.000000,1.259700,
0.00252320,-0.002441,1.259700,
0.00252340,0.000000,1.259700,
0.00252360,-0.002441,1.259700,
0.00252380,0.000000,1.259700,
0.00252400,-0.002441,1.259700,
0.00252420,0.000000,1.259700,
0.00252440,-0.002441,1.243452,
0.00252460,-0.002441,1.243452,
0.00252480,-0.002441,1.243452,
0.00252500,-0.002441,1.259700,
0.00252520,0.002441,1.292195,
0.00252540,0.000000,1.292195,
0.00252560,0.000000,1.275947,
0.00252580,-0.002441,1.275947,
0.00252600,-0.002441,1.243452,
0.00252620,-0.002441,1.243452,
0.00252640,-0.004883,1.243452,
0.00252660,-0.002441,1.259700,
0.00252680,0.000000,1.259700,
0.00252700,-0.002441,1.275947,
0.00252720,0.000000,1.275947,
0.00252740,-0.002441,1.275947,
0.00252760,0.002441,1.275947,
0.00252780,-0.002441,1.259700,
0.00252800,-0.004883,1.243452,
0.00252820,-0.002441,1.243452,
0.00252840,0.000000,1.259700,
0.00252860,0.000000,1.275947,
0.00252880,-0.002441,1.259700,
0.00252900,0.000000,1.259700,
0.00252920,0.000000,1.259700,
0.00252940,-0.002441,1.259700,
0.00252960,-0.002441,1.259700,
0.00252980,-0.002441,1.259700,
0.00253000,-0.002441,1.259700,
0.00253020,0.000000,1.259700,
0.00253040,0.000000,1.259700,
0.00253060,0.002441,1.275947,
0.00253080,0.000000,1.259700,
0.00253100,-0.002441,1.259700,
0.00253120,-0.002441,1.259700,
0.00253140,-0.002441,1.259700,
0.00253160,-0.002441,1.259700,
0.00253180,-0.002441,1.259700,
0.00253200,-0.002441,1.259700,
0.00253220,0.002441,1.259700,
0.00253240,-0.002441,1.259700,
0.00253260,0.000000,1.259700,
0.00253280,-0.002441,1.259700,
0.00253300,-0.002441,1.259700,
0.00253320,0.000000,1.259700,
0.00253340,-0.002441,1.259700,
0.00253360,0.000000,1.275947,
0.00253380,-0.002441,1.259700,
0.00253400,-0.002441,1.259700,
0.00253420,0.000000,1.259700,
0.00253440,-0.002441,1.259700,
0.00253460,-0.002441,1.259700,
0.00253480,-0.002441,1.275947,
0.00253500,-0.002441,1.275947,
0.00253520,-0.002441,1.259700,
0.00253540,-0.002441,1.243452,
0.00253560,0.000000,1.259700,
0.00253580,-0.002441,1.259700,
0.00253600,-0.002441,1.259700,
0.00253620,0.000000,1.259700,
0.00253640,-0.002441,1.275947,
0.00253660,0.000000,1.259700,
0.00253680,-0.002441,1.259700,
0.00253700,-0.002441,1.259700,
0.00253720,0.000000,1.259700,
0.00253740,-0.002441,1.259700,
0.00253760,-0.002441,1.259700,
0.00253780,0.000000,1.259700,
0.00253800,-0.002441,1.259700,
0.00253820,0.000000,1.275947,
0.00253840,0.000000,1.259700,
0.00253860,-0.002441,1.243452,
0.00253880,-0.002441,1.259700,
0.00253900,0.000000,1.259700,
0.00253920,-0.002441,1.259700,
0.00253940,-0.002441,1.259700,
0.00253960,0.000000,1.275947,
0.00253980,-0.002441,1.259700,
0.00254000,0.000000,1.259700,
0.00254020,-0.002441,1.259700,
0.00254040,0.000000,1.275947,
0.00254060,-0.002441,1.275947,
0.00254080,0.000000,1.259700,
0.00254100,0.000000,1.259700,
0.00254120,0.000000,1.259700,
0.00254140,0.000000,1.292195,
0.00254160,0.000000,1.275947,
0.00254180,0.000000,1.275947,
0.00254200,0.000000,1.275947,
0.00254220,0.000000,1.275947,
0.00254240,0.000000,1.259700,
0.00254260,-0.002441,1.259700,
0.00254280,-0.002441,1.259700,
0.00254300,-0.002441,1.259700,
0.00254320,0.000000,1.259700,
0.00254340,-0.002441,1.259700,
0.00254360,-0.002441,1.275947,
0.00254380,-0.002441,1.275947,
0.00254400,-0.002441,1.275947,
0.00254420,-0.002441,1.275947,
0.00254440,-0.002441,1.275947,
0.00254460,0.000000,1.259700,
0.00254480,-0.002441,1.259700,
0.00254500,-0.002441,1.259700,
0.00254520,0.000000,1.259700,
0.00254540,-0.002441,1.259700,
0.00254560,-0.002441,1.259700,
0.00254580,-0.002441,1.275947,
0.00254600,-0.002441,1.275947,
0.00254620,-0.002441,1.275947,
0.00254640,-0.002441,1.275947,
0.00254660,-0.002441,1.259700,
0.00254680,-0.002441,1.275947,
0.00254700,-0.004883,1.275947,
0.00254720,-0.002441,1.259700,
0.00254740,-0.002441,1.259700,
0.00254760,-0.002441,1.275947,
0.00254780,-0.002441,1.275947,
0.00254800,-0.002441,1.275947,
0.00254820,-0.002441,1.259700,
0.00254840,0.000000,1.275947,
0.00254860,-0.002441,1.275947,
0.00254880,-0.002441,1.275947,
0.00254900,-0.002441,1.275947,
0.00254920,-0.002441,1.275947,
0.00254940,-0.002441,1.275947,
0.00254960,0.000000,1.259700,
0.00254980,-0.002441,1.292195,
0.00255000,0.000000,1.292195,
0.00255020,0.000000,1.275947,
0.00255040,-0.002441,1.259700,
0.00255060,-0.002441,1.259700,
0.00255080,0.000000,1.275947,
0.00255100,0.000000,1.275947,
0.00255120,-0.002441,1.275947,
0.00255140,-0.002441,1.275947,
0.00255160,0.000000,1.292195,
0.00255180,-0.002441,1.275947,
0.00255200,-0.002441,1.259700,
0.00255220,0.000000,1.275947,
0.00255240,-0.002441,1.275947,
0.00255260,-0.002441,1.275947,
0.00255280,-0.002441,1.275947,
0.00255300,-0.002441,1.275947,
0.00255320,0.000000,1.292195,
0.00255340,-0.002441,1.292195,
0.00255360,-0.002441,1.275947,
0.00255380,-0.002441,1.275947,
0.00255400,-0.002441,1.292195,
0.00255420,0.000000,1.275947,
0.00255440,0.000000,1.275947,
0.00255460,-0.002441,1.275947,
0.00255480,0.000000,1.275947,
0.00255500,0.000000,1.292195,
0.00255520,0.000000,1.275947,
0.00255540,-0.002441,1.275947,
0.00255560,-0.002441,1.292195,
0.00255580,0.000000,1.275947,
0.00255600,0.000000,1.292195,
0.00255620,0.000000,1.275947,
0.00255640,-0.002441,1.275947,
0.00255660,-0.002441,1.275947,
0.00255680,-0.002441,1.275947,
0.00255700,-0.002441,1.275947,
0.00255720,-0.002441,1.275947,
0.00255740,-0.002441,1.275947,
0.00255760,-0.002441,1.275947,
0.00255780,-0.002441,1.292195,
0.00255800,-0.002441,1.292195,
0.00255820,0.000000,1.275947,
0.00255840,-0.002441,1.275947,
0.00255860,-0.002441,1.275947,
0.00255880,-0.002441,1.292195,
0.00255900,0.000000,1.292195,
0.00255920,0.000000,1.292195,
0.00255940,-0.002441,1.275947,
0.00255960,0.000000,1.259700,
0.00255980,0.000000,1.259700,
0.00256000,-0.002441,1.275947,
0.00256020,-0.002441,1.292195,
0.00256040,-0.002441,1.308443,
0.00256060,-0.002441,1.292195,
0.00256080,-0.002441,1.308443,
0.00256100,-0.002441,1.292195,
0.00256120,0.000000,1.275947,
0.00256140,-0.002441,1.259700,
0.00256160,-0.002441,1.275947,
0.00256180,-0.002441,1.259700,
0.00256200,-0.002441,1.292195,
0.00256220,0.000000,1.292195,
0.00256240,0.000000,1.308443,
0.00256260,-0.002441,1.308443,
0.00256280,0.000000,1.292195,
0.00256300,0.000000,1.292195,
0.00256320,-0.002441,1.292195,
0.00256340,0.000000,1.292195,
0.00256360,0.000000,1.275947,
0.00256380,0.000000,1.275947,
0.00256400,-0.002441,1.292195,
0.00256420,0.000000,1.292195,
0.00256440,0.002441,1.308443,
0.00256460,0.000000,1.275947,
0.00256480,-0.002441,1.292195,
0.00256500,-0.002441,1.275947,
0.00256520,-0.002441,1.292195,
0.00256540,0.000000,1.292195,
0.00256560,-0.002441,1.292195,
0.00256580,0.000000,1.308443,
0.00256600,-0.002441,1.292195,
0.00256620,0.000000,1.292195,
0.00256640,-0.002441,1.292195,
0.00256660,0.000000,1.292195,
0.00256680,-0.002441,1.292195,
0.00256700,-0.002441,1.292195,
0.00256720,-0.002441,1.292195,
0.00256740,0.000000,1.292195,
0.00256760,-0.002441,1.292195,
0.00256780,0.000000,1.308443,
0.00256800,-0.002441,1.292195,
0.00256820,-0.002441,1.275947,
0.00256840,0.000000,1.292195,
0.00256860,0.000000,1.292195,
0.00256880,0.000000,1.308443,
0.00256900,-0.002441,1.292195,
0.00256920,0.000000,1.292195,
0.00256940,0.000000,1.275947,
0.00256960,-0.002441,1.292195,
0.00256980,-0.002441,1.292195,
0.00257000,-0.002441,1.292195,
0.00257020,-0.002441,1.292195,
0.00257040,-0.002441,1.292195,
0.00257060,0.000000,1.292195,
0.00257080,0.000000,1.292195,
0.00257100,-0.002441,1.292195,
0.00257120,-0.002441,1.292195,
0.00257140,-0.002441,1.292195,
0.00257160,-0.002441,1.308443,
0.00257180,-0.002441,1.308443,
0.00257200,-0.002441,1.308443,
0.00257220,-0.002441,1.292195,
0.00257240,-0.002441,1.292195,
0.00257260,-0.002441,1.292195,
0.00257280,-0.002441,1.292195,
0.00257300,-0.002441,1.292195,
0.00257320,-0.002441,1.292195,
0.00257340,-0.002441,1.292195,
0.00257360,-0.002441,1.292195,
0.00257380,-0.002441,1.308443,
0.00257400,-0.002441,1.308443,
0.00257420,-0.002441,1.308443,
0.00257440,-0.002441,1.308443,
0.00257460,-0.002441,1.292195,
0.00257480,-0.002441,1.292195,
0.00257500,-0.002441,1.292195,
0.00257520,-0.002441,1.308443,
0.00257540,-0.002441,1.308443,
0.00257560,-0.002441,1.308443,
0.00257580,-0.002441,1.292195,
0.00257600,-0.002441,1.308443,
0.00257620,-0.002441,1.308443,
0.00257640,0.000000,1.308443,
0.00257660,-0.002441,1.308443,
0.00257680,0.000000,1.308443,
0.00257700,0.000000,1.308443,
0.00257720,0.000000,1.308443,
0.00257740,-0.002441,1.308443,
0.00257760,-0.002441,1.308443,
0.00257780,-0.002441,1.292195,
0.00257800,0.000000,1.292195,
0.00257820,0.000000,1.308443,
0.00257840,0.000000,1.308443,
0.00257860,0.000000,1.324690,
0.00257880,-0.002441,1.324690,
0.00257900,0.000000,1.324690,
0.00257920,-0.002441,1.308443,
0.00257940,-0.002441,1.292195,
0.00257960,-0.002441,1.292195,
0.00257980,-0.002441,1.292195,
0.00258000,0.000000,1.308443,
0.00258020,-0.002441,1.308443,
0.00258040,-0.002441,1.308443,
0.00258060,0.000000,1.308443,
0.00258080,0.000000,1.308443,
0.00258100,-0.002441,1.308443,
0.00258120,-0.002441,1.308443,
0.00258140,0.000000,1.308443,
0.00258160,0.000000,1.308443,
0.00258180,0.000000,1.308443,
0.00258200,-0.002441,1.292195,
0.00258220,0.000000,1.308443,
0.00258240,-0.002441,1.308443,
0.00258260,-0.002441,1.292195,
0.00258280,-0.002441,1.308443,
0.00258300,0.000000,1.308443,
0.00258320,0.000000,1.308443,
0.00258340,-0.002441,1.308443,
0.00258360,-0.002441,1.324690,
0.00258380,0.000000,1.324690,
0.00258400,-0.002441,1.308443,
0.00258420,-0.002441,1.308443,
0.00258440,-0.002441,1.324690,
0.00258460,-0.002441,1.324690,
0.00258480,-0.002441,1.324690,
0.00258500,-0.002441,1.308443,
0.00258520,0.002441,1.308443,
0.00258540,-0.002441,1.308443,
0.00258560,0.000000,1.324690,
0.00258580,-0.002441,1.308443,
0.00258600,-0.002441,1.308443,
0.00258620,-0.002441,1.308443,
0.00258640,0.000000,1.324690,
0.00258660,-0.002441,1.308443,
0.00258680,0.002441,1.324690,
0.00258700,-0.002441,1.324690,
0.00258720,-0.002441,1.324690,
0.00258740,-0.002441,1.308443,
0.00258760,0.000000,1.324690,
0.00258780,0.000000,1.324690,
0.00258800,0.000000,1.324690,
0.00258820,-0.002441,1.308443,
0.00258840,0.000000,1.308443,
0.00258860,-0.002441,1.308443,
0.00258880,-0.002441,1.308443,
0.00258900,-0.002441,1.308443,
0.00258920,-0.002441,1.308443,
0.00258940,0.000000,1.324690,
0.00258960,-0.002441,1.324690,
0.00258980,-0.002441,1.308443,
0.00259000,-0.002441,1.308443,
0.00259020,-0.002441,1.308443,
0.00259040,-0.002441,1.324690,
0.00259060,-0.002441,1.308443,
0.00259080,-0.002441,1.308443,
0.00259100,0.000000,1.308443,
0.00259120,-0.002441,1.324690,
0.00259140,0.000000,1.324690,
0.00259160,-0.002441,1.292195,
0.00259180,0.000000,1.324690,
0.00259200,-0.002441,1.324690,
0.00259220,-0.002441,1.308443,
0.00259240,-0.002441,1.308443,
0.00259260,-0.002441,1.308443,
0.00259280,0.000000,1.308443,
0.00259300,-0.004883,1.308443,
0.00259320,-0.002441,1.324690,
0.00259340,-0.002441,1.324690,
0.00259360,-0.002441,1.324690,
0.00259380,-0.002441,1.308443,
0.00259400,-0.002441,1.308443,
0.00259420,-0.002441,1.308443,
0.00259440,-0.002441,1.308443,
0.00259460,-0.002441,1.308443,
0.00259480,-0.002441,1.308443,
0.00259500,-0.002441,1.308443,
0.00259520,-0.002441,1.324690,
0.00259540,-0.002441,1.340938,
0.00259560,-0.002441,1.357185,
0.00259580,-0.002441,1.340938,
0.00259600,-0.002441,1.324690,
0.00259620,-0.002441,1.308443,
0.00259640,-0.004883,1.308443,
0.00259660,0.000000,1.308443,
0.00259680,-0.002441,1.308443,
0.00259700,-0.002441,1.308443,
0.00259720,-0.002441,1.324690,
0.00259740,0.000000,1.324690,
0.00259760,-0.002441,1.324690,
0.00259780,-0.002441,1.324690,
0.00259800,-0.002441,1.324690,
0.00259820,-0.002441,1.324690,
0.00259840,-0.002441,1.324690,
0.00259860,-0.002441,1.308443,
0.00259880,0.000000,1.308443,
0.00259900,0.000000,1.308443,
0.00259920,-0.002441,1.324690,
0.00259940,-0.002441,1.340938,
0.00259960,-0.002441,1.324690,
0.00259980,-0.002441,1.324690,
0.00260000,-0.002441,1.324690,
0.00260020,0.000000,1.324690,
0.00260040,-0.002441,1.324690,
0.00260060,-0.002441,1.324690,
0.00260080,-0.002441,1.308443,
0.00260100,-0.002441,1.324690,
0.00260120,-0.002441,1.324690,
0.00260140,-0.002441,1.324690,
0.00260160,0.000000,1.324690,
0.00260180,-0.002441,1.324690,
0.00260200,-0.002441,1.324690,
0.00260220,-0.002441,1.324690,
0.00260240,0.000000,1.340938,
0.00260260,-0.002441,1.324690,
0.00260280,-0.002441,1.324690,
0.00260300,0.000000,1.324690,
0.00260320,0.000000,1.324690,
0.00260340,-0.004883,1.324690,
0.00260360,-0.002441,1.340938,
0.00260380,-0.002441,1.324690,
0.00260400,0.000000,1.324690,
0.00260420,-0.002441,1.324690,
0.00260440,-0.002441,1.324690,
0.00260460,-0.002441,1.324690,
0.00260480,0.000000,1.324690,
0.00260500,-0.004883,1.324690,
0.00260520,0.000000,1.324690,
0.00260540,-0.002441,1.340938,
0.00260560,0.000000,1.324690,
0.00260580,-0.002441,1.324690,
0.00260600,0.000000,1.324690,
0.00260620,0.000000,1.340938,
0.00260640,-0.002441,1.324690,
0.00260660,-0.002441,1.308443,
0.00260680,-0.002441,1.324690,
0.00260700,-0.002441,1.340938,
0.00260720,-0.002441,1.340938,
0.00260740,-0.002441,1.324690,
0.00260760,-0.002441,1.324690,
0.00260780,0.000000,1.340938,
0.00260800,-0.002441,1.340938,
0.00260820,-0.002441,1.324690,
0.00260840,-0.002441,1.324690,
0.00260860,0.000000,1.324690,
0.00260880,0.000000,1.340938,
0.00260900,-0.002441,1.340938,
0.00260920,0.000000,1.340938,
0.00260940,0.000000,1.340938,
0.00260960,0.000000,1.324690,
0.00260980,-0.002441,1.324690,
0.00261000,0.000000,1.324690,
0.00261020,-0.002441,1.340938,
0.00261040,-0.002441,1.324690,
0.00261060,0.000000,1.324690,
0.00261080,0.000000,1.324690,
0.00261100,-0.002441,1.340938,
0.00261120,0.000000,1.340938,
0.00261140,-0.002441,1.340938,
0.00261160,-0.002441,1.324690,
0.00261180,-0.002441,1.340938,
0.00261200,0.000000,1.324690,
0.00261220,-0.002441,1.324690,
0.00261240,0.000000,1.324690,
0.00261260,-0.002441,1.308443,
0.00261280,0.000000,1.324690,
0.00261300,-0.002441,1.324690,
0.00261320,-0.002441,1.324690,
0.00261340,-0.002441,1.324690,
0.00261360,-0.002441,1.340938,
0.00261380,-0.002441,1.357185,
0.00261400,-0.002441,1.357185,
0.00261420,0.000000,1.357185,
0.00261440,-0.002441,1.324690,
0.00261460,-0.002441,1.324690,
0.00261480,-0.002441,1.308443,
0.00261500,-0.002441,1.324690,
0.00261520,-0.002441,1.324690,
0.00261540,0.000000,1.340938,
0.00261560,-0.002441,1.340938,
0.00261580,-0.002441,1.340938,
0.00261600,-0.002441,1.340938,
0.00261620,-0.002441,1.324690,
0.00261640,-0.002441,1.324690,
0.00261660,-0.002441,1.324690,
0.00261680,0.000000,1.324690,
0.00261700,-0.002441,1.340938,
0.00261720,-0.002441,1.324690,
0.00261740,0.000000,1.340938,
0.00261760,0.000000,1.324690,
0.00261780,-0.002441,1.340938,
0.00261800,-0.002441,1.340938,
0.00261820,-0.002441,1.340938,
0.00261840,0.000000,1.324690,
0.00261860,0.000000,1.324690,
0.00261880,-0.002441,1.324690,
0.00261900,-0.002441,1.340938,
0.00261920,-0.002441,1.340938,
0.00261940,-0.002441,1.324690,
0.00261960,-0.002441,1.324690,
0.00261980,-0.004883,1.324690,
0.00262000,-0.002441,1.340938,
0.00262020,-0.002441,1.340938,
0.00262040,-0.002441,1.324690,
0.00262060,-0.002441,1.340938,
0.00262080,0.000000,1.324690,
0.00262100,-0.002441,1.340938,
0.00262120,-0.002441,1.324690,
0.00262140,-0.002441,1.340938,
0.00262160,-0.002441,1.340938,
0.00262180,-0.002441,1.340938,
0.00262200,-0.002441,1.324690,
0.00262220,0.000000,1.340938,
0.00262240,-0.002441,1.340938,
0.00262260,-0.002441,1.340938,
0.00262280,-0.002441,1.324690,
0.00262300,-0.002441,1.324690,
0.00262320,-0.002441,1.340938,
0.00262340,0.000000,1.340938,
0.00262360,0.000000,1.340938,
0.00262380,-0.002441,1.340938,
0.00262400,-0.002441,1.324690,
0.00262420,-0.002441,1.324690,
0.00262440,-0.002441,1.324690,
0.00262460,0.000000,1.357185,
0.00262480,-0.002441,1.340938,
0.00262500,-0.002441,1.340938,
0.00262520,-0.002441,1.324690,
0.00262540,-0.002441,1.340938,
0.00262560,0.000000,1.340938,
0.00262580,-0.002441,1.340938,
0.00262600,-0.002441,1.340938,
0.00262620,-0.002441,1.324690,
0.00262640,-0.002441,1.324690,
0.00262660,-0.002441,1.340938,
0.00262680,-0.002441,1.340938,
0.00262700,-0.002441,1.357185,
0.00262720,-0.002441,1.324690,
0.00262740,-0.002441,1.324690,
0.00262760,-0.002441,1.324690,
0.00262780,0.000000,1.324690,
0.00262800,0.000000,1.340938,
0.00262820,-0.002441,1.340938,
0.00262840,0.000000,1.340938,
0.00262860,-0.002441,1.340938,
0.00262880,-0.002441,1.324690,
0.00262900,-0.002441,1.324690,
0.00262920,-0.002441,1.324690,
0.00262940,0.000000,1.324690,
0.00262960,-0.002441,1.324690,
0.00262980,0.000000,1.324690,
0.00263000,0.000000,1.324690,
0.00263020,-0.002441,1.324690,
0.00263040,-0.002441,1.340938,
0.00263060,-0.002441,1.357185,
0.00263080,-0.004883,1.340938,
0.00263100,-0.002441,1.357185,
0.00263120,-0.002441,1.324690,
0.00263140,-0.002441,1.324690,
0.00263160,-0.002441,1.308443,
0.00263180,0.000000,1.324690,
0.00263200,-0.002441,1.324690,
0.00263220,-0.002441,1.324690,
0.00263240,-0.002441,1.340938,
0.00263260,0.000000,1.357185,
0.00263280,-0.002441,1.340938,
0.00263300,0.000000,1.340938,
0.00263320,0.000000,1.340938,
0.00263340,0.000000,1.340938,
0.00263360,-0.002441,1.340938,
0.00263380,-0.002441,1.324690,
0.00263400,-0.002441,1.340938,
0.00263420,0.000000,1.308443,
0.00263440,-0.002441,1.340938,
0.00263460,-0.002441,1.324690,
0.00263480,-0.002441,1.340938,
0.00263500,-0.002441,1.340938,
0.00263520,-0.002441,1.340938,
0.00263540,0.000000,1.324690,
0.00263560,-0.004883,1.324690,
0.00263580,0.000000,1.340938,
0.00263600,-0.002441,1.340938,
0.00263620,0.000000,1.324690,
0.00263640,0.000000,1.324690,
0.00263660,-0.002441,1.324690,
0.00263680,-0.002441,1.324690,
0.00263700,0.000000,1.324690,
0.00263720,-0.002441,1.324690,
0.00263740,-0.002441,1.340938,
0.00263760,0.000000,1.324690,
0.00263780,-0.002441,1.324690,
0.00263800,0.000000,1.324690,
0.00263820,-0.002441,1.324690,
0.00263840,-0.002441,1.324690,
0.00263860,-0.002441,1.324690,
0.00263880,-0.002441,1.324690,
0.00263900,-0.002441,1.324690,
0.00263920,0.000000,1.340938,
0.00263940,0.000000,1.340938,
0.00263960,-0.002441,1.324690,
0.00263980,0.002441,1.324690,
0.00264000,-0.002441,1.324690,
0.00264020,-0.002441,1.324690,
0.00264040,-0.002441,1.340938,
0.00264060,-0.002441,1.324690,
0.00264080,-0.002441,1.324690,
0.00264100,-0.002441,1.340938,
0.00264120,-0.002441,1.324690,
0.00264140,0.002441,1.324690,
0.00264160,-0.002441,1.324690,
0.00264180,-0.002441,1.340938,
0.00264200,-0.002441,1.324690,
0.00264220,-0.002441,1.324690,
0.00264240,-0.002441,1.324690,
0.00264260,-0.002441,1.340938,
0.00264280,-0.004883,1.324690,
0.00264300,0.000000,1.340938,
0.00264320,-0.004883,1.324690,
0.00264340,-0.002441,1.308443,
0.00264360,-0.002441,1.324690,
0.00264380,-0.002441,1.324690,
0.00264400,0.000000,1.324690,
0.00264420,0.000000,1.324690,
0.00264440,-0.002441,1.324690,
0.00264460,0.000000,1.340938,
0.00264480,-0.002441,1.340938,
0.00264500,-0.002441,1.324690,
0.00264520,-0.002441,1.308443,
0.00264540,-0.002441,1.324690,
0.00264560,-0.004883,1.324690,
0.00264580,-0.002441,1.340938,
0.00264600,-0.002441,1.340938,
0.00264620,-0.002441,1.308443,
0.00264640,0.000000,1.340938,
0.00264660,-0.002441,1.340938,
0.00264680,-0.002441,1.340938,
0.00264700,0.000000,1.340938,
0.00264720,-0.002441,1.340938,
0.00264740,0.000000,1.340938,
0.00264760,-0.002441,1.324690,
0.00264780,0.000000,1.308443,
0.00264800,0.000000,1.324690,
0.00264820,0.000000,1.308443,
0.00264840,-0.002441,1.308443,
0.00264860,-0.002441,1.324690,
0.00264880,-0.002441,1.340938,
0.00264900,-0.002441,1.357185,
0.00264920,-0.002441,1.357185,
0.00264940,-0.002441,1.324690,
0.00264960,-0.002441,1.324690,
0.00264980,-0.002441,1.308443,
0.00265000,-0.002441,1.308443,
0.00265020,-0.002441,1.324690,
0.00265040,0.000000,1.324690,
0.00265060,-0.002441,1.324690,
0.00265080,-0.002441,1.340938,
0.00265100,-0.004883,1.340938,
0.00265120,-0.002441,1.324690,
0.00265140,-0.002441,1.324690,
0.00265160,-0.002441,1.324690,
0.00265180,0.000000,1.324690,
0.00265200,-0.002441,1.324690,
0.00265220,-0.002441,1.324690,
0.00265240,-0.002441,1.324690,
0.00265260,0.000000,1.324690,
0.00265280,-0.002441,1.324690,
0.00265300,-0.002441,1.324690,
0.00265320,-0.002441,1.324690,
0.00265340,-0.002441,1.324690,
0.00265360,-0.002441,1.340938,
0.00265380,-0.002441,1.324690,
0.00265400,0.000000,1.340938,
0.00265420,-0.002441,1.324690,
0.00265440,-0.002441,1.340938,
0.00265460,-0.002441,1.324690,
0.00265480,-0.002441,1.324690,
0.00265500,-0.002441,1.324690,
0.00265520,-0.002441,1.340938,
0.00265540,0.000000,1.340938,
0.00265560,-0.002441,1.324690,
0.00265580,-0.004883,1.324690,
0.00265600,-0.002441,1.324690,
0.00265620,-0.002441,1.324690,
0.00265640,-0.002441,1.324690,
0.00265660,-0.002441,1.324690,
0.00265680,-0.002441,1.340938,
0.00265700,-0.002441,1.340938,
0.00265720,-0.002441,1.324690,
0.00265740,-0.002441,1.308443,
0.00265760,-0.002441,1.324690,
0.00265780,-0.002441,1.324690,
0.00265800,-0.004883,1.308443,
0.00265820,-0.002441,1.308443,
0.00265840,-0.002441,1.324690,
0.00265860,-0.002441,1.324690,
0.00265880,-0.002441,1.324690,
0.00265900,-0.002441,1.324690,
0.00265920,-0.002441,1.324690,
0.00265940,-0.002441,1.324690,
0.00265960,-0.002441,1.324690,
0.00265980,-0.002441,1.324690,
0.00266000,-0.002441,1.324690,
0.00266020,0.000000,1.340938,
0.00266040,-0.002441,1.324690,
0.00266060,-0.002441,1.324690,
0.00266080,-0.002441,1.324690,
0.00266100,-0.002441,1.324690,
0.00266120,-0.002441,1.308443,
0.00266140,-0.002441,1.324690,
0.00266160,-0.002441,1.324690,
0.00266180,0.000000,1.324690,
0.00266200,-0.002441,1.308443,
0.00266220,0.000000,1.308443,
0.00266240,0.000000,1.308443,
0.00266260,-0.002441,1.308443,
0.00266280,0.000000,1.324690,
0.00266300,-0.002441,1.324690,
0.00266320,0.000000,1.324690,
0.00266340,0.000000,1.324690,
0.00266360,0.000000,1.324690,
0.00266380,0.000000,1.324690,
0.00266400,0.000000,1.324690,
0.00266420,-0.002441,1.308443,
0.00266440,-0.002441,1.308443,
0.00266460,-0.002441,1.308443,
0.00266480,-0.002441,1.308443,
0.00266500,-0.002441,1.308443,
0.00266520,-0.004883,1.308443,
0.00266540,-0.002441,1.324690,
0.00266560,0.000000,1.340938,
0.00266580,-0.002441,1.340938,
0.00266600,-0.004883,1.324690,
0.00266620,0.000000,1.308443,
0.00266640,-0.002441,1.308443,
0.00266660,-0.002441,1.308443,
0.00266680,-0.002441,1.308443,
0.00266700,-0.002441,1.308443,
0.00266720,-0.002441,1.308443,
0.00266740,-0.002441,1.324690,
0.00266760,0.000000,1.340938,
0.00266780,-0.002441,1.324690,
0.00266800,-0.002441,1.308443,
0.00266820,0.000000,1.308443,
0.00266840,0.000000,1.308443,
0.00266860,-0.002441,1.308443,
0.00266880,-0.002441,1.324690,
0.00266900,-0.002441,1.308443,
0.00266920,-0.002441,1.308443,
0.00266940,-0.002441,1.324690,
0.00266960,-0.002441,1.324690,
0.00266980,0.000000,1.324690,
0.00267000,-0.002441,1.324690,
0.00267020,-0.002441,1.308443,
0.00267040,-0.002441,1.308443,
0.00267060,-0.002441,1.308443,
0.00267080,-0.004883,1.308443,
0.00267100,0.000000,1.308443,
0.00267120,-0.002441,1.308443,
0.00267140,-0.002441,1.308443,
0.00267160,-0.002441,1.324690,
0.00267180,-0.002441,1.324690,
0.00267200,-0.002441,1.308443,
0.00267220,-0.004883,1.308443,
0.00267240,-0.002441,1.308443,
0.00267260,-0.002441,1.308443,
0.00267280,0.000000,1.308443,
0.00267300,0.000000,1.324690,
0.00267320,-0.002441,1.324690,
0.00267340,-0.002441,1.324690,
0.00267360,0.000000,1.324690,
0.00267380,-0.002441,1.324690,
0.00267400,-0.002441,1.292195,
0.00267420,-0.002441,1.292195,
0.00267440,-0.002441,1.308443,
0.00267460,0.000000,1.308443,
0.00267480,-0.002441,1.340938,
0.00267500,-0.002441,1.324690,
0.00267520,0.000000,1.324690,
0.00267540,-0.002441,1.308443,
0.00267560,-0.002441,1.308443,
0.00267580,-0.002441,1.292195,
0.00267600,0.000000,1.308443,
0.00267620,0.000000,1.308443,
0.00267640,0.000000,1.308443,
0.00267660,-0.002441,1.324690,
0.00267680,-0.002441,1.324690,
0.00267700,-0.002441,1.308443,
0.00267720,-0.002441,1.308443,
0.00267740,-0.002441,1.292195,
0.00267760,0.002441,1.308443,
0.00267780,-0.002441,1.308443,
0.00267800,-0.002441,1.324690,
0.00267820,-0.002441,1.308443,
0.00267840,-0.002441,1.308443,
0.00267860,-0.002441,1.308443,
0.00267880,-0.002441,1.308443,
0.00267900,-0.002441,1.308443,
0.00267920,-0.002441,1.308443,
0.00267940,-0.002441,1.292195,
0.00267960,-0.002441,1.308443,
0.00267980,-0.002441,1.292195,
0.00268000,-0.002441,1.308443,
0.00268020,-0.002441,1.308443,
0.00268040,-0.002441,1.308443,
0.00268060,-0.002441,1.308443,
0.00268080,0.000000,1.292195,
0.00268100,-0.002441,1.308443,
0.00268120,-0.002441,1.324690,
0.00268140,0.000000,1.324690,
0.00268160,0.000000,1.308443,
0.00268180,-0.002441,1.308443,
0.00268200,-0.002441,1.308443,
0.00268220,-0.002441,1.308443,
0.00268240,0.000000,1.308443,
0.00268260,0.000000,1.308443,
0.00268280,-0.002441,1.308443,
0.00268300,-0.002441,1.308443,
0.00268320,0.000000,1.308443,
0.00268340,-0.002441,1.292195,
0.00268360,-0.002441,1.292195,
0.00268380,-0.002441,1.292195,
0.00268400,0.000000,1.308443,
0.00268420,0.000000,1.324690,
0.00268440,-0.002441,1.324690,
0.00268460,-0.002441,1.292195,
0.00268480,-0.002441,1.275947,
0.00268500,-0.002441,1.275947,
0.00268520,-0.002441,1.292195,
0.00268540,-0.002441,1.292195,
0.00268560,-0.002441,1.292195,
0.00268580,-0.002441,1.308443,
0.00268600,-0.002441,1.308443,
0.00268620,0.000000,1.308443,
0.00268640,-0.002441,1.308443,
0.00268660,-0.002441,1.308443,
0.00268680,-0.002441,1.292195,
0.00268700,-0.002441,1.292195,
0.00268720,-0.002441,1.292195,
0.00268740,-0.002441,1.292195,
0.00268760,-0.002441,1.292195,
0.00268780,0.000000,1.308443,
0.00268800,-0.002441,1.308443,
0.00268820,-0.002441,1.308443,
0.00268840,-0.002441,1.292195,
0.00268860,0.000000,1.292195,
0.00268880,-0.002441,1.292195,
0.00268900,-0.002441,1.308443,
0.00268920,0.000000,1.308443,
0.00268940,-0.002441,1.292195,
0.00268960,0.000000,1.292195,
0.00268980,-0.002441,1.275947,
0.00269000,-0.002441,1.292195,
0.00269020,-0.002441,1.292195,
0.00269040,0.000000,1.292195,
0.00269060,-0.002441,1.308443,
0.00269080,-0.002441,1.292195,
0.00269100,0.000000,1.308443,
0.00269120,-0.002441,1.292195,
0.00269140,-0.002441,1.292195,
0.00269160,-0.002441,1.292195,
0.00269180,-0.002441,1.292195,
0.00269200,0.000000,1.292195,
0.00269220,-0.002441,1.308443,
0.00269240,-0.002441,1.308443,
0.00269260,-0.002441,1.292195,
0.00269280,-0.002441,1.292195,
0.00269300,0.000000,1.292195,
0.00269320,0.000000,1.308443,
0.00269340,-0.004883,1.292195,
0.00269360,-0.002441,1.292195,
0.00269380,-0.002441,1.292195,
0.00269400,0.000000,1.292195,
0.00269420,-0.002441,1.308443,
0.00269440,-0.004883,1.292195,
0.00269460,0.000000,1.308443,
0.00269480,-0.002441,1.292195,
0.00269500,-0.002441,1.292195,
0.00269520,-0.002441,1.292195,
0.00269540,-0.002441,1.292195,
0.00269560,-0.002441,1.292195,
0.00269580,-0.002441,1.292195,
0.00269600,0.000000,1.308443,
0.00269620,-0.002441,1.292195,
0.00269640,-0.002441,1.292195,
0.00269660,-0.002441,1.275947,
0.00269680,-0.002441,1.292195,
0.00269700,-0.002441,1.292195,
0.00269720,0.002441,1.292195,
0.00269740,-0.002441,1.292195,
0.00269760,0.002441,1.292195,
0.00269780,-0.002441,1.292195,
0.00269800,-0.002441,1.292195,
0.00269820,-0.002441,1.275947,
0.00269840,-0.002441,1.275947,
0.00269860,-0.002441,1.292195,
0.00269880,-0.002441,1.292195,
0.00269900,0.000000,1.292195,
0.00269920,0.002441,1.292195,
0.00269940,-0.002441,1.275947,
0.00269960,-0.004883,1.275947,
0.00269980,-0.002441,1.275947,
0.00270000,-0.002441,1.275947,
0.00270020,-0.002441,1.275947,
0.00270040,0.000000,1.292195,
0.00270060,-0.002441,1.275947,
0.00270080,-0.002441,1.308443,
0.00270100,0.000000,1.308443,
0.00270120,-0.002441,1.292195,
0.00270140,-0.002441,1.275947,
0.00270160,-0.002441,1.259700,
0.00270180,0.000000,1.259700,
0.00270200,-0.002441,1.275947,
0.00270220,0.000000,1.292195,
0.00270240,-0.002441,1.292195,
0.00270260,-0.002441,1.308443,
0.00270280,-0.002441,1.275947,
0.00270300,-0.002441,1.275947,
0.00270320,-0.002441,1.275947,
0.00270340,0.002441,1.275947,
0.00270360,-0.002441,1.275947,
0.00270380,-0.002441,1.275947,
0.00270400,-0.002441,1.275947,
0.00270420,0.000000,1.275947,
0.00270440,-0.002441,1.275947,
0.00270460,0.000000,1.292195,
0.00270480,-0.002441,1.292195,
0.00270500,-0.002441,1.275947,
0.00270520,0.000000,1.275947,
0.00270540,0.000000,1.275947,
0.00270560,0.000000,1.275947,
0.00270580,0.000000,1.292195,
0.00270600,-0.002441,1.275947,
0.00270620,-0.002441,1.275947,
0.00270640,0.000000,1.292195,
0.00270660,-0.002441,1.275947,
0.00270680,0.000000,1.292195,
0.00270700,0.000000,1.275947,
0.00270720,-0.004883,1.259700,
0.00270740,-0.002441,1.275947,
0.00270760,-0.002441,1.275947,
0.00270780,-0.002441,1.275947,
0.00270800,-0.002441,1.259700,
0.00270820,-0.002441,1.292195,
0.00270840,-0.002441,1.275947,
0.00270860,-0.002441,1.275947,
0.00270880,-0.002441,1.275947,
0.00270900,0.000000,1.275947,
0.00270920,-0.002441,1.275947,
0.00270940,-0.002441,1.259700,
0.00270960,-0.004883,1.259700,
0.00270980,-0.002441,1.259700,
0.00271000,0.000000,1.275947,
0.00271020,-0.002441,1.275947,
0.00271040,-0.004883,1.275947,
0.00271060,-0.002441,1.259700,
0.00271080,-0.002441,1.259700,
0.00271100,0.000000,1.259700,
0.00271120,0.000000,1.259700,
0.00271140,0.000000,1.275947,
0.00271160,-0.002441,1.275947,
0.00271180,0.000000,1.275947,
0.00271200,-0.002441,1.259700,
0.00271220,0.000000,1.259700,
0.00271240,-0.002441,1.275947,
0.00271260,-0.002441,1.259700,
0.00271280,-0.002441,1.259700,
0.00271300,-0.002441,1.275947,
0.00271320,0.000000,1.275947,
0.00271340,-0.002441,1.259700,
0.00271360,-0.002441,1.275947,
0.00271380,-0.002441,1.275947,
0.00271400,-0.002441,1.259700,
0.00271420,-0.002441,1.259700,
0.00271440,0.000000,1.275947,
0.00271460,-0.002441,1.275947,
0.00271480,0.000000,1.275947,
0.00271500,0.000000,1.259700,
0.00271520,-0.002441,1.259700,
0.00271540,0.000000,1.259700,
0.00271560,0.000000,1.259700,
0.00271580,-0.002441,1.259700,
0.00271600,-0.002441,1.259700,
0.00271620,0.000000,1.259700,
0.00271640,0.000000,1.275947,
0.00271660,0.000000,1.275947,
0.00271680,0.000000,1.259700,
0.00271700,0.000000,1.275947,
0.00271720,-0.002441,1.259700,
0.00271740,-0.002441,1.259700,
0.00271760,-0.002441,1.259700,
0.00271780,-0.002441,1.275947,
0.00271800,0.000000,1.259700,
0.00271820,-0.004883,1.243452,
0.00271840,-0.002441,1.243452,
0.00271860,0.000000,1.259700,
0.00271880,-0.002441,1.259700,
0.00271900,-0.002441,1.259700,
0.00271920,-0.002441,1.275947,
0.00271940,-0.002441,1.292195,
0.00271960,0.000000,1.292195,
0.00271980,-0.002441,1.259700,
0.00272000,-0.002441,1.259700,
0.00272020,0.000000,1.259700,
0.00272040,-0.002441,1.259700,
0.00272060,-0.004883,1.259700,
0.00272080,-0.002441,1.259700,
0.00272100,-0.002441,1.259700,
0.00272120,0.000000,1.275947,
0.00272140,-0.002441,1.275947,
0.00272160,-0.002441,1.259700,
0.00272180,-0.002441,1.275947,
0.00272200,-0.002441,1.259700,
0.00272220,-0.002441,1.259700,
0.00272240,-0.002441,1.243452,
0.00272260,-0.002441,1.275947,
0.00272280,0.000000,1.275947,
0.00272300,-0.002441,1.275947,
0.00272320,0.000000,1.259700,
0.00272340,-0.002441,1.259700,
0.00272360,-0.002441,1.259700,
0.00272380,-0.002441,1.259700,
0.00272400,0.000000,1.259700,
0.00272420,-0.002441,1.259700,
0.00272440,0.000000,1.275947,
0.00272460,0.000000,1.275947,
0.00272480,-0.002441,1.259700,
0.00272500,-0.002441,1.259700,
0.00272520,-0.002441,1.259700,
0.00272540,0.000000,1.275947,
0.00272560,-0.002441,1.259700,
0.00272580,-0.002441,1.275947,
0.00272600,-0.002441,1.259700,
0.00272620,-0.002441,1.275947,
0.00272640,-0.002441,1.243452,
0.00272660,0.000000,1.243452,
0.00272680,-0.002441,1.259700,
0.00272700,-0.002441,1.259700,
0.00272720,-0.002441,1.259700,
0.00272740,-0.002441,1.259700,
0.00272760,0.000000,1.275947,
0.00272780,0.000000,1.259700,
0.00272800,-0.002441,1.259700,
0.00272820,0.000000,1.259700,
0.00272840,0.000000,1.259700,
0.00272860,-0.002441,1.243452,
0.00272880,-0.002441,1.243452,
0.00272900,0.000000,1.275947,
0.00272920,0.000000,1.259700,
0.00272940,-0.002441,1.259700,
0.00272960,-0.002441,1.259700,
0.00272980,-0.002441,1.259700,
0.00273000,-0.002441,1.259700,
0.00273020,-0.002441,1.259700,
0.00273040,-0.002441,1.259700,
0.00273060,-0.002441,1.243452,
0.00273080,0.000000,1.259700,
0.00273100,0.000000,1.259700,
0.00273120,0.000000,1.259700,
0.00273140,-0.002441,1.259700,
0.00273160,-0.002441,1.243452,
0.00273180,-0.002441,1.243452,
0.00273200,-0.004883,1.243452,
0.00273220,-0.002441,1.259700,
0.00273240,0.000000,1.259700,
0.00273260,0.000000,1.259700,
0.00273280,-0.002441,1.259700,
0.00273300,-0.002441,1.259700,
0.00273320,-0.002441,1.259700,
0.00273340,-0.002441,1.259700,
0.00273360,-0.002441,1.259700,
0.00273380,-0.002441,1.259700,
0.00273400,0.002441,1.259700,
0.00273420,-0.002441,1.259700,
0.00273440,0.000000,1.259700,
0.00273460,0.000000,1.243452,
0.00273480,-0.002441,1.243452,
0.00273500,-0.002441,1.243452,
0.00273520,-0.002441,1.243452,
0.00273540,-0.002441,1.243452,
0.00273560,0.000000,1.259700,
0.00273580,-0.002441,1.275947,
0.00273600,-0.002441,1.275947,
0.00273620,-0.002441,1.275947,
0.00273640,0.000000,1.259700,
0.00273660,-0.002441,1.227205,
0.00273680,-0.002441,1.227205,
0.00273700,-0.002441,1.227205,
0.00273720,0.000000,1.243452,
0.00273740,-0.002441,1.243452,
0.00273760,-0.002441,1.259700,
0.00273780,-0.004883,1.259700,
0.00273800,-0.002441,1.259700,
0.00273820,-0.002441,1.259700,
0.00273840,-0.002441,1.243452,
0.00273860,-0.002441,1.243452,
0.00273880,0.000000,1.243452,
0.00273900,-0.002441,1.243452,
0.00273920,-0.002441,1.259700,
0.00273940,-0.002441,1.259700,
0.00273960,-0.002441,1.243452,
0.00273980,-0.002441,1.243452,
0.00274000,-0.002441,1.243452,
0.00274020,-0.002441,1.243452,
0.00274040,0.000000,1.243452,
0.00274060,-0.002441,1.259700,
0.00274080,-0.002441,1.259700,
0.00274100,-0.002441,1.243452,
0.00274120,0.002441,1.259700,
0.00274140,-0.002441,1.243452,
0.00274160,0.000000,1.243452,
0.00274180,0.000000,1.243452,
0.00274200,0.000000,1.259700,
0.00274220,-0.002441,1.243452,
0.00274240,0.000000,1.243452,
0.00274260,-0.002441,1.243452,
0.00274280,-0.002441,1.243452,
0.00274300,-0.002441,1.243452,
0.00274320,-0.002441,1.243452,
0.00274340,-0.002441,1.243452,
0.00274360,-0.002441,1.243452,
0.00274380,0.000000,1.243452,
0.00274400,-0.002441,1.227205,
0.00274420,0.000000,1.243452,
0.00274440,-0.002441,1.243452,
0.00274460,-0.002441,1.243452,
0.00274480,-0.002441,1.243452,
0.00274500,-0.002441,1.243452,
0.00274520,0.000000,1.243452,
0.00274540,0.000000,1.243452,
0.00274560,-0.002441,1.227205,
0.00274580,-0.002441,1.243452,
0.00274600,-0.002441,1.243452,
0.00274620,-0.002441,1.259700,
0.00274640,-0.002441,1.243452,
0.00274660,-0.002441,1.243452,
0.00274680,-0.002441,1.243452,
0.00274700,-0.002441,1.243452,
0.00274720,-0.002441,1.243452,
0.00274740,-0.002441,1.243452,
0.00274760,-0.002441,1.243452,
0.00274780,-0.002441,1.243452,
0.00274800,-0.002441,1.227205,
0.00274820,-0.002441,1.243452,
0.00274840,-0.002441,1.243452,
0.00274860,-0.002441,1.243452,
0.00274880,0.000000,1.243452,
0.00274900,-0.002441,1.227205,
0.00274920,-0.002441,1.227205,
0.00274940,-0.002441,1.243452,
0.00274960,0.000000,1.243452,
0.00274980,-0.002441,1.243452,
0.00275000,-0.002441,1.243452,
0.00275020,0.000000,1.243452,
0.00275040,0.000000,1.243452,
0.00275060,0.000000,1.243452,
0.00275080,-0.002441,1.243452,
0.00275100,-0.002441,1.227205,
0.00275120,0.000000,1.243452,
0.00275140,-0.002441,1.243452,
0.00275160,-0.002441,1.259700,
0.00275180,0.000000,1.243452,
0.00275200,-0.002441,1.243452,
0.00275220,0.004883,1.243452,
0.00275240,-0.002441,1.227205,
0.00275260,-0.002441,1.243452,
0.00275280,-0.002441,1.227205,
0.00275300,-0.002441,1.243452,
0.00275320,-0.002441,1.243452,
0.00275340,0.000000,1.243452,
0.00275360,-0.002441,1.227205,
0.00275380,0.002441,1.243452,
0.00275400,-0.002441,1.243452,
0.00275420,-0.002441,1.243452,
0.00275440,-0.002441,1.243452,
0.00275460,0.000000,1.259700,
0.00275480,-0.002441,1.259700,
0.00275500,0.000000,1.243452,
0.00275520,-0.002441,1.227205,
0.00275540,0.000000,1.227205,
0.00275560,-0.002441,1.227205,
0.00275580,0.000000,1.243452,
0.00275600,-0.002441,1.227205,
0.00275620,0.000000,1.259700,
0.00275640,-0.002441,1.259700,
0.00275660,-0.002441,1.243452,
0.00275680,-0.002441,1.243452,
0.00275700,-0.002441,1.227205,
0.00275720,0.000000,1.243452,
0.00275740,-0.002441,1.243452,
0.00275760,-0.002441,1.243452,
0.00275780,0.000000,1.243452,
0.00275800,0.000000,1.227205,
0.00275820,-0.002441,1.243452,
0.00275840,0.000000,1.227205,
0.00275860,0.000000,1.243452,
0.00275880,-0.002441,1.243452,
0.00275900,-0.002441,1.243452,
0.00275920,-0.002441,1.243452,
0.00275940,-0.002441,1.243452,
0.00275960,0.000000,1.243452,
0.00275980,0.000000,1.243452,
0.00276000,0.000000,1.243452,
0.00276020,0.000000,1.227205,
0.00276040,-0.002441,1.243452,
0.00276060,-0.002441,1.243452,
0.00276080,0.000000,1.243452,
0.00276100,-0.002441,1.243452,
0.00276120,0.000000,1.243452,
0.00276140,0.000000,1.227205,
0.00276160,-0.002441,1.243452,
0.00276180,0.000000,1.243452,
0.00276200,-0.002441,1.243452,
0.00276220,-0.002441,1.243452,
0.00276240,-0.002441,1.243452,
0.00276260,-0.002441,1.243452,
0.00276280,-0.002441,1.259700,
0.00276300,-0.002441,1.259700,
0.00276320,-0.002441,1.243452,
0.00276340,0.000000,1.227205,
0.00276360,-0.002441,1.227205,
0.00276380,-0.002441,1.227205,
0.00276400,0.000000,1.243452,
0.00276420,-0.002441,1.243452,
0.00276440,-0.002441,1.243452,
0.00276460,0.000000,1.243452,
0.00276480,-0.002441,1.243452,
0.00276500,-0.004883,1.227205,
0.00276520,0.000000,1.243452,
0.00276540,-0.002441,1.227205,
0.00276560,0.000000,1.243452,
0.00276580,-0.002441,1.243452,
0.00276600,-0.002441,1.243452,
0.00276620,0.000000,1.243452,
0.00276640,-0.002441,1.243452,
0.00276660,-0.004883,1.227205,
0.00276680,0.000000,1.243452,
0.00276700,0.000000,1.243452,
0.00276720,-0.002441,1.243452,
0.00276740,0.000000,1.243452,
0.00276760,-0.002441,1.243452,
0.00276780,-0.002441,1.243452,
0.00276800,-0.002441,1.227205,
0.00276820,0.000000,1.243452,
0.00276840,-0.002441,1.243452,
0.00276860,-0.002441,1.243452,
0.00276880,-0.002441,1.227205,
0.00276900,0.000000,1.243452,
0.00276920,-0.002441,1.243452,
0.00276940,0.002441,1.259700,
0.00276960,-0.002441,1.243452,
0.00276980,-0.002441,1.227205,
0.00277000,-0.002441,1.227205,
0.00277020,0.000000,1.210957,
0.00277040,-0.002441,1.227205,
0.00277060,0.000000,1.259700,
0.00277080,0.000000,1.259700,
0.00277100,0.000000,1.259700,
0.00277120,0.000000,1.259700,
0.00277140,-0.002441,1.243452,
0.00277160,0.000000,1.227205,
0.00277180,-0.002441,1.210957,
0.00277200,-0.002441,1.210957,
0.00277220,-0.002441,1.227205,
0.00277240,0.000000,1.243452,
0.00277260,0.000000,1.259700,
0.00277280,-0.002441,1.259700,
0.00277300,0.000000,1.259700,
0.00277320,-0.002441,1.259700,
0.00277340,0.000000,1.227205,
0.00277360,-0.002441,1.210957,
0.00277380,-0.002441,1.227205,
0.00277400,0.000000,1.227205,
0.00277420,0.000000,1.227205,
0.00277440,-0.002441,1.243452,
0.00277460,0.000000,1.243452,
0.00277480,0.000000,1.243452,
0.00277500,-0.002441,1.243452,
0.00277520,-0.002441,1.227205,
0.00277540,-0.002441,1.227205,
0.00277560,0.000000,1.243452,
0.00277580,-0.002441,1.243452,
0.00277600,-0.002441,1.227205,
0.00277620,-0.002441,1.243452,
0.00277640,0.000000,1.259700,
0.00277660,-0.002441,1.227205,
0.00277680,-0.002441,1.227205,
0.00277700,0.000000,1.227205,
0.00277720,-0.002441,1.243452,
0.00277740,-0.002441,1.243452,
0.00277760,0.000000,1.227205,
0.00277780,0.000000,1.227205,
0.00277800,0.000000,1.243452,
0.00277820,0.000000,1.243452,
0.00277840,0.000000,1.243452,
0.00277860,-0.002441,1.243452,
0.00277880,0.000000,1.243452,
0.00277900,0.000000,1.243452,
0.00277920,-0.002441,1.227205,
0.00277940,-0.002441,1.227205,
0.00277960,0.000000,1.243452,
0.00277980,-0.002441,1.243452,
0.00278000,-0.002441,1.243452,
0.00278020,-0.002441,1.243452,
0.00278040,-0.002441,1.227205,
0.00278060,0.000000,1.259700,
0.00278080,-0.002441,1.243452,
0.00278100,0.000000,1.243452,
0.00278120,0.000000,1.227205,
0.00278140,-0.002441,1.227205,
0.00278160,-0.002441,1.243452,
0.00278180,-0.002441,1.243452,
0.00278200,-0.002441,1.227205,
0.00278220,-0.002441,1.227205,
0.00278240,-0.002441,1.243452,
0.00278260,0.000000,1.243452,
0.00278280,0.000000,1.243452,
0.00278300,-0.002441,1.243452,
0.00278320,-0.002441,1.243452,
0.00278340,-0.002441,1.227205,
0.00278360,0.000000,1.243452,
0.00278380,0.000000,1.243452,
0.00278400,0.000000,1.243452,
0.00278420,-0.002441,1.227205,
0.00278440,0.000000,1.227205,
0.00278460,0.000000,1.227205,
0.00278480,-0.002441,1.227205,
0.00278500,-0.002441,1.243452,
0.00278520,-0.002441,1.243452,
0.00278540,0.000000,1.227205,
0.00278560,0.000000,1.227205,
0.00278580,-0.002441,1.227205,
0.00278600,0.000000,1.243452,
0.00278620,-0.002441,1.243452,
0.00278640,-0.002441,1.243452,
0.00278660,-0.002441,1.227205,
0.00278680,0.000000,1.243452,
0.00278700,0.000000,1.243452,
0.00278720,-0.002441,1.243452,
0.00278740,-0.002441,1.243452,
0.00278760,-0.002441,1.243452,
0.00278780,-0.002441,1.243452,
0.00278800,0.000000,1.259700,
0.00278820,-0.002441,1.227205,
0.00278840,-0.002441,1.227205,
0.00278860,-0.002441,1.227205,
0.00278880,0.000000,1.243452,
0.00278900,-0.002441,1.243452,
0.00278920,-0.002441,1.259700,
0.00278940,0.000000,1.243452,
0.00278960,-0.002441,1.243452,
0.00278980,-0.002441,1.243452,
0.00279000,0.000000,1.243452,
0.00279020,0.000000,1.243452,
0.00279040,0.002441,1.243452,
0.00279060,0.000000,1.227205,
0.00279080,0.000000,1.227205,
0.00279100,-0.002441,1.243452,
0.00279120,-0.002441,1.243452,
0.00279140,-0.002441,1.243452,
0.00279160,0.000000,1.243452,
0.00279180,-0.002441,1.243452,
0.00279200,-0.002441,1.243452,
0.00279220,-0.002441,1.243452,
0.00279240,0.000000,1.243452,
0.00279260,-0.002441,1.227205,
0.00279280,0.000000,1.227205,
0.00279300,-0.004883,1.243452,
0.00279320,-0.002441,1.243452,
0.00279340,0.000000,1.243452,
0.00279360,0.000000,1.227205,
0.00279380,0.000000,1.243452,
0.00279400,0.000000,1.259700,
0.00279420,0.000000,1.259700,
0.00279440,-0.002441,1.243452,
0.00279460,-0.002441,1.227205,
0.00279480,0.000000,1.243452,
0.00279500,-0.002441,1.243452,
0.00279520,0.000000,1.243452,
0.00279540,0.000000,1.227205,
0.00279560,-0.002441,1.243452,
0.00279580,-0.002441,1.243452,
0.00279600,-0.002441,1.243452,
0.00279620,-0.002441,1.243452,
0.00279640,0.000000,1.243452,
0.00279660,0.000000,1.259700,
0.00279680,-0.002441,1.243452,
0.00279700,-0.002441,1.227205,
0.00279720,-0.002441,1.243452,
0.00279740,0.000000,1.243452,
0.00279760,0.002441,1.259700,
0.00279780,-0.002441,1.243452,
0.00279800,0.000000,1.243452,
0.00279820,0.000000,1.259700,
0.00279840,0.000000,1.259700,
0.00279860,-0.002441,1.243452,
0.00279880,0.000000,1.259700,
0.00279900,-0.002441,1.227205,
0.00279920,-0.002441,1.243452,
0.00279940,-0.002441,1.243452,
0.00279960,0.000000,1.243452,
0.00279980,0.000000,1.243452,
0.00280000,-0.002441,1.243452,
0.00280020,0.000000,1.243452,
0.00280040,0.002441,1.259700,
0.00280060,-0.002441,1.243452,
0.00280080,-0.002441,1.243452,
0.00280100,-0.002441,1.243452,
0.00280120,0.000000,1.243452,
0.00280140,-0.002441,1.243452,
0.00280160,0.000000,1.243452,
0.00280180,0.000000,1.243452,
0.00280200,0.000000,1.259700,
0.00280220,-0.002441,1.243452,
0.00280240,-0.002441,1.227205,
0.00280260,-0.002441,1.227205,
0.00280280,0.000000,1.243452,
0.00280300,0.000000,1.243452,
0.00280320,-0.002441,1.243452,
0.00280340,-0.002441,1.243452,
0.00280360,-0.002441,1.259700,
0.00280380,0.000000,1.243452,
0.00280400,-0.002441,1.243452,
0.00280420,-0.002441,1.227205,
0.00280440,-0.002441,1.243452,
0.00280460,0.000000,1.243452,
0.00280480,0.000000,1.243452,
0.00280500,0.000000,1.227205,
0.00280520,-0.002441,1.210957,
0.00280540,-0.002441,1.227205,
0.00280560,0.000000,1.243452,
0.00280580,-0.002441,1.259700,
0.00280600,-0.002441,1.275947,
0.00280620,0.000000,1.275947,
0.00280640,-0.002441,1.259700,
0.00280660,-0.002441,1.243452,
0.00280680,-0.002441,1.227205,
0.00280700,-0.002441,1.227205,
0.00280720,-0.002441,1.227205,
0.00280740,0.000000,1.227205,
0.00280760,0.000000,1.243452,
0.00280780,0.000000,1.259700,
0.00280800,0.002441,1.259700,
0.00280820,0.000000,1.259700,
0.00280840,0.002441,1.259700,
0.00280860,0.000000,1.243452,
0.00280880,-0.002441,1.227205,
0.00280900,-0.002441,1.227205,
0.00280920,0.000000,1.227205,
0.00280940,0.000000,1.227205,
0.00280960,0.000000,1.259700,
0.00280980,-0.002441,1.259700,
0.00281000,0.004883,1.259700,
0.00281020,-0.002441,1.243452,
0.00281040,-0.002441,1.227205,
0.00281060,-0.002441,1.227205,
0.00281080,0.000000,1.243452,
0.00281100,0.000000,1.259700,
0.00281120,0.000000,1.243452,
0.00281140,0.000000,1.243452,
0.00281160,0.000000,1.243452,
0.00281180,0.000000,1.243452,
0.00281200,-0.002441,1.243452,
0.00281220,-0.002441,1.243452,
0.00281240,-0.002441,1.227205,
0.00281260,0.000000,1.243452,
0.00281280,0.000000,1.259700,
0.00281300,-0.002441,1.243452,
0.00281320,0.000000,1.243452,
0.00281340,0.000000,1.243452,
0.00281360,0.000000,1.243452,
0.00281380,-0.002441,1.243452,
0.00281400,-0.002441,1.259700,
0.00281420,-0.002441,1.243452,
0.00281440,0.000000,1.243452,
0.00281460,-0.002441,1.243452,
0.00281480,-0.002441,1.227205,
0.00281500,0.000000,1.243452,
0.00281520,0.000000,1.243452,
0.00281540,0.000000,1.243452,
0.00281560,-0.002441,1.227205,
0.00281580,0.000000,1.243452,
0.00281600,0.000000,1.243452,
0.00281620,-0.002441,1.243452,
0.00281640,0.000000,1.259700,
0.00281660,-0.002441,1.243452,
0.00281680,0.000000,1.227205,
0.00281700,0.000000,1.243452,
0.00281720,-0.002441,1.243452,
0.00281740,0.000000,1.259700,
0.00281760,-0.002441,1.243452,
0.00281780,0.000000,1.259700,
0.00281800,0.000000,1.227205,
0.00281820,-0.002441,1.243452,
0.00281840,0.000000,1.243452,
0.00281860,-0.002441,1.227205,
0.00281880,0.000000,1.243452,
0.00281900,-0.002441,1.259700,
0.00281920,0.000000,1.259700,
0.00281940,-0.002441,1.243452,
0.00281960,-0.002441,1.243452,
0.00281980,-0.002441,1.243452,
0.00282000,-0.002441,1.243452,
0.00282020,-0.002441,1.259700,
0.00282040,0.000000,1.243452,
0.00282060,0.000000,1.243452,
0.00282080,0.000000,1.259700,
0.00282100,-0.002441,1.243452,
0.00282120,0.000000,1.243452,
0.00282140,-0.002441,1.259700,
0.00282160,-0.002441,1.243452,
0.00282180,-0.002441,1.243452,
0.00282200,-0.002441,1.243452,
0.00282220,0.000000,1.259700,
0.00282240,-0.002441,1.259700,
0.00282260,-0.002441,1.243452,
0.00282280,-0.004883,1.227205,
0.00282300,0.000000,1.243452,
0.00282320,-0.002441,1.243452,
0.00282340,0.000000,1.259700,
0.00282360,-0.002441,1.243452,
0.00282380,0.002441,1.227205,
0.00282400,0.000000,1.243452,
0.00282420,0.000000,1.259700,
0.00282440,-0.002441,1.259700,
0.00282460,0.000000,1.259700,
0.00282480,-0.002441,1.243452,
0.00282500,0.000000,1.243452,
0.00282520,0.000000,1.243452,
0.00282540,-0.002441,1.243452,
0.00282560,0.000000,1.243452,
0.00282580,-0.002441,1.227205,
0.00282600,0.000000,1.243452,
0.00282620,-0.002441,1.259700,
0.00282640,0.000000,1.243452,
0.00282660,-0.002441,1.243452,
0.00282680,0.000000,1.243452,
0.00282700,0.000000,1.243452,
0.00282720,0.000000,1.243452,
0.00282740,-0.002441,1.243452,
0.00282760,0.000000,1.243452,
0.00282780,0.000000,1.259700,
0.00282800,-0.002441,1.243452,
0.00282820,-0.002441,1.243452,
0.00282840,0.000000,1.243452,
0.00282860,0.002441,1.259700,
0.00282880,0.000000,1.259700,
0.00282900,-0.004883,1.227205,
0.00282920,0.000000,1.243452,
0.00282940,0.000000,1.259700,
0.00282960,-0.002441,1.243452,
0.00282980,0.000000,1.259700,
0.00283000,0.000000,1.243452,
0.00283020,-0.002441,1.243452,
0.00283040,0.000000,1.259700,
0.00283060,0.000000,1.259700,
0.00283080,-0.002441,1.243452,
0.00283100,0.000000,1.259700,
0.00283120,0.000000,1.243452,
0.00283140,-0.002441,1.243452,
0.00283160,-0.002441,1.259700,
0.00283180,0.000000,1.243452,
0.00283200,0.000000,1.259700,
0.00283220,0.000000,1.243452,
0.00283240,0.000000,1.227205,
0.00283260,0.000000,1.243452,
0.00283280,0.000000,1.259700,
0.00283300,-0.002441,1.243452,
0.00283320,-0.002441,1.243452,
0.00283340,0.002441,1.243452,
0.00283360,0.000000,1.243452,
0.00283380,0.000000,1.259700,
0.00283400,0.000000,1.259700,
0.00283420,-0.002441,1.243452,
0.00283440,0.000000,1.243452,
0.00283460,-0.002441,1.243452,
0.00283480,-0.002441,1.259700,
0.00283500,-0.002441,1.259700,
0.00283520,0.000000,1.243452,
0.00283540,0.000000,1.243452,
0.00283560,0.000000,1.243452,
0.00283580,-0.002441,1.243452,
0.00283600,0.000000,1.243452,
0.00283620,-0.002441,1.243452,
0.00283640,0.000000,1.243452,
0.00283660,0.000000,1.243452,
0.00283680,0.000000,1.243452,
0.00283700,-0.002441,1.243452,
0.00283720,0.000000,1.243452,
0.00283740,0.000000,1.259700,
0.00283760,0.000000,1.243452,
0.00283780,-0.002441,1.243452,
0.00283800,0.000000,1.243452,
0.00283820,-0.002441,1.243452,
0.00283840,0.000000,1.243452,
0.00283860,0.000000,1.243452,
0.00283880,0.000000,1.243452,
0.00283900,0.000000,1.259700,
0.00283920,0.000000,1.243452,
0.00283940,0.000000,1.243452,
0.00283960,-0.002441,1.243452,
0.00283980,0.000000,1.259700,
0.00284000,0.000000,1.227205,
0.00284020,0.000000,1.227205,
0.00284040,-0.002441,1.227205,
0.00284060,0.000000,1.227205,
0.00284080,0.000000,1.259700,
0.00284100,0.000000,1.275947,
0.00284120,0.000000,1.259700,
0.00284140,-0.002441,1.275947,
0.00284160,0.000000,1.259700,
0.00284180,0.000000,1.243452,
0.00284200,-0.002441,1.227205,
0.00284220,0.002441,1.227205,
0.00284240,-0.002441,1.227205,
0.00284260,0.000000,1.227205,
0.00284280,0.000000,1.243452,
0.00284300,0.000000,1.259700,
0.00284320,0.000000,1.259700,
0.00284340,0.000000,1.259700,
0.00284360,0.000000,1.259700,
0.00284380,-0.002441,1.243452,
0.00284400,0.000000,1.243452,
0.00284420,-0.002441,1.243452,
0.00284440,0.000000,1.243452,
0.00284460,0.000000,1.243452,
0.00284480,0.000000,1.259700,
0.00284500,0.000000,1.259700,
0.00284520,0.000000,1.259700,
0.00284540,0.000000,1.243452,
0.00284560,0.000000,1.227205,
0.00284580,0.000000,1.227205,
0.00284600,-0.002441,1.227205,
0.00284620,0.000000,1.259700,
0.00284640,0.000000,1.259700,
0.00284660,0.000000,1.259700,
0.00284680,0.000000,1.243452,
0.00284700,-0.002441,1.243452,
0.00284720,0.000000,1.259700,
0.00284740,0.000000,1.243452,
0.00284760,0.000000,1.243452,
0.00284780,0.000000,1.243452,
0.00284800,0.000000,1.259700,
0.00284820,0.000000,1.243452,
0.00284840,-0.002441,1.243452,
0.00284860,0.000000,1.243452,
0.00284880,0.000000,1.243452,
0.00284900,0.000000,1.243452,
0.00284920,-0.002441,1.243452,
0.00284940,0.000000,1.259700,
0.00284960,0.002441,1.243452,
0.00284980,0.000000,1.243452,
0.00285000,0.000000,1.243452,
0.00285020,0.000000,1.243452,
0.00285040,0.000000,1.243452,
0.00285060,0.000000,1.243452,
0.00285080,-0.002441,1.227205,
0.00285100,0.000000,1.243452,
0.00285120,0.000000,1.259700,
0.00285140,0.000000,1.243452,
0.00285160,0.000000,1.243452,
0.00285180,0.000000,1.243452,
0.00285200,0.002441,1.243452,
0.00285220,0.000000,1.227205,
0.00285240,-0.002441,1.243452,
0.00285260,0.000000,1.259700,
0.00285280,-0.002441,1.243452,
0.00285300,0.000000,1.243452,
0.00285320,0.000000,1.243452,
0.00285340,-0.002441,1.243452,
0.00285360,-0.002441,1.259700,
0.00285380,0.000000,1.243452,
0.00285400,-0.002441,1.227205,
0.00285420,0.000000,1.243452,
0.00285440,-0.002441,1.243452,
0.00285460,0.000000,1.243452,
0.00285480,-0.002441,1.243452,
0.00285500,0.000000,1.259700,
0.00285520,0.000000,1.259700,
0.00285540,-0.002441,1.243452,
0.00285560,-0.002441,1.243452,
0.00285580,-0.002441,1.227205,
0.00285600,0.000000,1.243452,
0.00285620,0.000000,1.243452,
0.00285640,0.000000,1.243452,
0.00285660,0.000000,1.243452,
0.00285680,-0.002441,1.243452,
0.00285700,-0.002441,1.259700,
0.00285720,0.000000,1.243452,
0.00285740,0.000000,1.243452,
0.00285760,0.000000,1.243452,
0.00285780,0.000000,1.243452,
0.00285800,-0.002441,1.243452,
0.00285820,0.002441,1.243452,
0.00285840,-0.002441,1.227205,
0.00285860,0.000000,1.227205,
0.00285880,0.000000,1.243452,
0.00285900,0.002441,1.243452,
0.00285920,0.000000,1.259700,
0.00285940,0.000000,1.259700,
0.00285960,0.000000,1.259700,
0.00285980,0.000000,1.259700,
0.00286000,-0.002441,1.243452,
0.00286020,-0.002441,1.243452,
0.00286040,-0.002441,1.227205,
0.00286060,0.002441,1.243452,
0.00286080,0.000000,1.243452,
0.00286100,-0.002441,1.243452,
0.00286120,0.000000,1.243452,
0.00286140,0.000000,1.259700,
0.00286160,0.000000,1.243452,
0.00286180,-0.002441,1.243452,
0.00286200,-0.002441,1.227205,
0.00286220,0.000000,1.243452,
0.00286240,0.000000,1.243452,
0.00286260,0.000000,1.243452,
0.00286280,-0.002441,1.227205,
0.00286300,-0.002441,1.243452,
0.00286320,-0.002441,1.259700,
0.00286340,0.000000,1.259700,
0.00286360,0.000000,1.227205,
0.00286380,-0.002441,1.227205,
0.00286400,0.000000,1.243452,
0.00286420,0.000000,1.243452,
0.00286440,0.000000,1.259700,
0.00286460,0.000000,1.243452,
0.00286480,0.000000,1.243452,
0.00286500,-0.002441,1.243452,
0.00286520,0.000000,1.243452,
0.00286540,0.000000,1.227205,
0.00286560,0.000000,1.243452,
0.00286580,0.000000,1.259700,
0.00286600,-0.002441,1.243452,
0.00286620,0.004883,1.243452,
0.00286640,0.000000,1.243452,
0.00286660,0.000000,1.243452,
0.00286680,-0.002441,1.243452,
0.00286700,0.000000,1.243452,
0.00286720,0.000000,1.259700,
0.00286740,-0.002441,1.243452,
0.00286760,0.000000,1.243452,
0.00286780,0.004883,1.259700,
0.00286800,0.000000,1.243452,
0.00286820,0.000000,1.243452,
0.00286840,0.000000,1.243452,
0.00286860,0.000000,1.243452,
0.00286880,0.000000,1.243452,
0.00286900,0.000000,1.243452,
0.00286920,0.000000,1.243452,
0.00286940,0.002441,1.259700,
0.00286960,0.000000,1.243452,
0.00286980,0.000000,1.243452,
0.00287000,-0.002441,1.243452,
0.00287020,-0.002441,1.243452,
0.00287040,0.000000,1.259700,
0.00287060,0.000000,1.259700,
0.00287080,-0.002441,1.243452,
0.00287100,0.000000,1.243452,
0.00287120,0.000000,1.227205,
0.00287140,0.000000,1.227205,
0.00287160,-0.002441,1.227205,
0.00287180,0.000000,1.227205,
0.00287200,0.000000,1.259700,
0.00287220,0.000000,1.259700,
0.00287240,0.000000,1.243452,
0.00287260,-0.002441,1.227205,
0.00287280,0.000000,1.243452,
0.00287300,-0.002441,1.243452,
0.00287320,-0.002441,1.259700,
0.00287340,-0.002441,1.243452,
0.00287360,0.000000,1.243452,
0.00287380,0.000000,1.243452,
0.00287400,0.000000,1.243452,
0.00287420,0.000000,1.243452,
0.00287440,0.000000,1.227205,
0.00287460,0.000000,1.243452,
0.00287480,-0.002441,1.243452,
0.00287500,-0.002441,1.243452,
0.00287520,0.000000,1.243452,
0.00287540,0.000000,1.243452,
0.00287560,0.000000,1.227205,
0.00287580,0.000000,1.243452,
0.00287600,0.000000,1.259700,
0.00287620,-0.002441,1.243452,
0.00287640,0.002441,1.259700,
0.00287660,0.000000,1.259700,
0.00287680,-0.002441,1.243452,
0.00287700,0.000000,1.227205,
0.00287720,-0.002441,1.227205,
0.00287740,-0.002441,1.227205,
0.00287760,0.000000,1.243452,
0.00287780,-0.002441,1.227205,
0.00287800,0.000000,1.243452,
0.00287820,0.000000,1.259700,
0.00287840,0.000000,1.259700,
0.00287860,0.000000,1.259700,
0.00287880,0.000000,1.227205,
0.00287900,0.000000,1.243452,
0.00287920,-0.002441,1.243452,
0.00287940,-0.002441,1.243452,
0.00287960,0.000000,1.243452,
0.00287980,-0.002441,1.227205,
0.00288000,0.000000,1.243452,
0.00288020,0.000000,1.259700,
0.00288040,0.000000,1.243452,
0.00288060,-0.002441,1.259700,
0.00288080,0.000000,1.243452,
0.00288100,-0.002441,1.227205,
0.00288120,-0.002441,1.227205,
0.00288140,-0.002441,1.243452,
0.00288160,0.000000,1.227205,
0.00288180,0.000000,1.259700,
0.00288200,0.000000,1.243452,
0.00288220,-0.002441,1.243452,
0.00288240,0.000000,1.243452,
0.00288260,0.000000,1.227205,
0.00288280,-0.002441,1.227205,
0.00288300,0.000000,1.243452,
0.00288320,-0.002441,1.243452,
0.00288340,0.000000,1.243452,
0.00288360,-0.002441,1.243452,
0.00288380,0.000000,1.243452,
0.00288400,-0.002441,1.243452,
0.00288420,-0.002441,1.243452,
0.00288440,-0.002441,1.227205,
0.00288460,0.000000,1.227205,
0.00288480,-0.002441,1.227205,
0.00288500,0.000000,1.243452,
0.00288520,-0.002441,1.243452,
0.00288540,0.000000,1.243452,
0.00288560,0.000000,1.243452,
0.00288580,0.000000,1.227205,
0.00288600,0.000000,1.227205,
0.00288620,0.000000,1.243452,
0.00288640,0.002441,1.243452,
0.00288660,0.000000,1.243452,
0.00288680,0.000000,1.227205,
0.00288700,0.000000,1.243452,
0.00288720,0.000000,1.243452,
0.00288740,0.000000,1.243452,
0.00288760,0.000000,1.227205,
0.00288780,0.000000,1.243452,
0.00288800,0.000000,1.243452,
0.00288820,0.000000,1.243452,
0.00288840,-0.002441,1.243452,
0.00288860,0.000000,1.227205,
0.00288880,0.000000,1.243452,
0.00288900,0.000000,1.243452,
0.00288920,0.000000,1.227205,
0.00288940,0.000000,1.227205,
0.00288960,0.000000,1.243452,
0.00288980,-0.002441,1.259700,
0.00289000,0.000000,1.259700,
0.00289020,0.000000,1.243452,
0.00289040,0.000000,1.243452,
0.00289060,-0.002441,1.210957,
0.00289080,0.000000,1.227205,
0.00289100,-0.002441,1.243452,
0.00289120,0.002441,1.243452,
0.00289140,-0.002441,1.243452,
0.00289160,0.000000,1.227205,
0.00289180,0.000000,1.227205,
0.00289200,0.002441,1.243452,
0.00289220,-0.002441,1.227205,
0.00289240,-0.002441,1.227205,
0.00289260,-0.002441,1.227205,
0.00289280,0.000000,1.243452,
0.00289300,0.000000,1.243452,
0.00289320,0.000000,1.243452,
0.00289340,-0.002441,1.227205,
0.00289360,0.000000,1.227205,
0.00289380,-0.002441,1.227205,
0.00289400,0.000000,1.227205,
0.00289420,-0.002441,1.243452,
0.00289440,0.000000,1.243452,
0.00289460,0.000000,1.259700,
0.00289480,0.000000,1.243452,
0.00289500,0.000000,1.243452,
0.00289520,0.000000,1.243452,
0.00289540,0.000000,1.243452,
0.00289560,0.000000,1.227205,
0.00289580,-0.002441,1.227205,
0.00289600,-0.002441,1.227205,
0.00289620,0.000000,1.243452,
0.00289640,0.000000,1.243452,
0.00289660,0.000000,1.259700,
0.00289680,0.000000,1.243452,
0.00289700,-0.002441,1.227205,
0.00289720,-0.002441,1.227205,
0.00289740,-0.002441,1.227205,
0.00289760,0.000000,1.243452,
0.00289780,0.000000,1.243452,
0.00289800,0.000000,1.227205,
0.00289820,0.000000,1.227205,
0.00289840,-0.002441,1.243452,
0.00289860,0.000000,1.243452,
0.00289880,-0.002441,1.243452,
0.00289900,0.000000,1.227205,
0.00289920,0.000000,1.227205,
0.00289940,0.000000,1.227205,
0.00289960,0.000000,1.243452,
0.00289980,0.000000,1.243452,
0.00290000,0.002441,1.243452,
0.00290020,-0.002441,1.227205,
0.00290040,-0.002441,1.227205,
0.00290060,0.000000,1.243452,
0.00290080,0.000000,1.243452,
0.00290100,0.000000,1.243452,
0.00290120,0.000000,1.243452,
0.00290140,0.000000,1.227205,
0.00290160,0.000000,1.227205,
0.00290180,-0.002441,1.227205,
0.00290200,-0.002441,1.243452,
0.00290220,0.000000,1.227205,
0.00290240,0.000000,1.259700,
0.00290260,-0.002441,1.243452,
0.00290280,0.000000,1.243452,
0.00290300,-0.002441,1.243452,
0.00290320,0.000000,1.227205,
0.00290340,-0.002441,1.227205,
0.00290360,0.000000,1.227205,
0.00290380,-0.002441,1.227205,
0.00290400,0.000000,1.243452,
0.00290420,0.000000,1.259700,
0.00290440,0.000000,1.243452,
0.00290460,0.000000,1.227205,
0.00290480,0.000000,1.243452,
0.00290500,0.002441,1.243452,
0.00290520,0.000000,1.227205,
0.00290540,-0.002441,1.227205,
0.00290560,0.000000,1.243452,
0.00290580,0.000000,1.243452,
0.00290600,-0.002441,1.243452,
0.00290620,0.000000,1.227205,
0.00290640,-0.002441,1.227205,
0.00290660,0.000000,1.227205,
0.00290680,0.000000,1.243452,
0.00290700,-0.002441,1.243452,
0.00290720,0.000000,1.243452,
0.00290740,-0.002441,1.243452,
0.00290760,0.000000,1.227205,
0.00290780,0.000000,1.227205,
0.00290800,0.000000,1.227205,
0.00290820,0.000000,1.243452,
0.00290840,-0.002441,1.243452,
0.00290860,0.000000,1.227205,
0.00290880,0.000000,1.227205,
0.00290900,0.000000,1.227205,
0.00290920,0.000000,1.227205,
0.00290940,0.000000,1.243452,
0.00290960,0.000000,1.243452,
0.00290980,0.000000,1.243452,
0.00291000,-0.002441,1.227205,
0.00291020,-0.002441,1.227205,
0.00291040,0.000000,1.227205,
0.00291060,0.000000,1.227205,
0.00291080,0.000000,1.243452,
0.00291100,0.000000,1.243452,
0.00291120,0.000000,1.259700,
0.00291140,0.000000,1.259700,
0.00291160,-0.002441,1.243452,
0.00291180,-0.002441,1.227205,
0.00291200,0.000000,1.210957,
0.00291220,0.002441,1.227205,
0.00291240,-0.002441,1.227205,
0.00291260,0.000000,1.227205,
0.00291280,0.000000,1.227205,
0.00291300,-0.002441,1.227205,
0.00291320,0.000000,1.243452,
0.00291340,0.000000,1.243452,
0.00291360,-0.002441,1.243452,
0.00291380,-0.002441,1.243452,
0.00291400,0.000000,1.243452,
0.00291420,0.000000,1.227205,
0.00291440,0.000000,1.227205,
0.00291460,0.000000,1.227205,
0.00291480,0.000000,1.227205,
0.00291500,-0.002441,1.227205,
0.00291520,-0.002441,1.243452,
0.00291540,0.000000,1.243452,
0.00291560,-0.002441,1.243452,
0.00291580,0.000000,1.243452,
0.00291600,-0.002441,1.227205,
0.00291620,0.000000,1.227205,
0.00291640,0.000000,1.227205,
0.00291660,-0.002441,1.243452,
0.00291680,0.000000,1.243452,
0.00291700,0.000000,1.227205,
0.00291720,0.002441,1.227205,
0.00291740,0.000000,1.227205,
0.00291760,0.000000,1.243452,
0.00291780,-0.002441,1.227205,
0.00291800,-0.002441,1.227205,
0.00291820,-0.002441,1.227205,
0.00291840,-0.002441,1.210957,
0.00291860,0.000000,1.227205,
0.00291880,0.000000,1.243452,
0.00291900,-0.002441,1.243452,
0.00291920,-0.002441,1.243452,
0.00291940,0.000000,1.243452,
0.00291960,0.000000,1.227205,
0.00291980,0.000000,1.227205,
0.00292000,-0.002441,1.227205,
0.00292020,0.000000,1.243452,
0.00292040,0.000000,1.243452,
0.00292060,0.000000,1.227205,
0.00292080,0.000000,1.243452,
0.00292100,0.000000,1.227205,
0.00292120,0.000000,1.227205,
0.00292140,0.000000,1.227205,
0.00292160,-0.002441,1.227205,
0.00292180,0.000000,1.227205,
0.00292200,0.000000,1.227205,
0.00292220,0.000000,1.227205,
0.00292240,-0.002441,1.227205,
0.00292260,0.000000,1.227205,
0.00292280,0.000000,1.243452,
0.00292300,-0.002441,1.243452,
0.00292320,-0.002441,1.227205,
0.00292340,0.000000,1.243452,
0.00292360,-0.002441,1.227205,
0.00292380,0.000000,1.227205,
0.00292400,-0.002441,1.227205,
0.00292420,0.000000,1.227205,
0.00292440,0.000000,1.227205,
0.00292460,0.000000,1.227205,
0.00292480,0.000000,1.227205,
0.00292500,0.000000,1.227205,
0.00292520,0.000000,1.243452,
0.00292540,0.000000,1.243452,
0.00292560,-0.002441,1.210957,
0.00292580,0.000000,1.227205,
0.00292600,0.000000,1.227205,
0.00292620,-0.002441,1.227205,
0.00292640,0.000000,1.243452,
0.00292660,0.000000,1.243452,
0.00292680,0.000000,1.243452,
0.00292700,0.000000,1.227205,
0.00292720,0.002441,1.227205,
0.00292740,0.000000,1.227205,
0.00292760,-0.002441,1.227205,
0.00292780,-0.002441,1.243452,
0.00292800,0.000000,1.243452,
0.00292820,-0.002441,1.243452,
0.00292840,0.000000,1.227205,
0.00292860,0.000000,1.227205,
0.00292880,0.002441,1.227205,
0.00292900,-0.002441,1.227205,
0.00292920,-0.002441,1.227205,
0.00292940,0.000000,1.227205,
0.00292960,-0.002441,1.243452,
0.00292980,0.000000,1.243452,
0.00293000,0.000000,1.243452,
0.00293020,0.000000,1.243452,
0.00293040,0.002441,1.243452,
0.00293060,0.000000,1.227205,
0.00293080,-0.002441,1.210957,
0.00293100,0.000000,1.227205,
0.00293120,-0.002441,1.227205,
0.00293140,0.000000,1.243452,
0.00293160,0.000000,1.243452,
0.00293180,0.002441,1.227205,
0.00293200,-0.002441,1.227205,
0.00293220,0.002441,1.243452,
0.00293240,0.000000,1.227205,
0.00293260,-0.002441,1.227205,
0.00293280,-0.002441,1.227205,
0.00293300,0.000000,1.227205,
0.00293320,-0.002441,1.243452,
0.00293340,0.000000,1.243452,
0.00293360,-0.002441,1.227205,
0.00293380,0.000000,1.227205,
0.00293400,-0.002441,1.210957,
0.00293420,0.000000,1.227205,
0.00293440,0.000000,1.227205,
0.00293460,0.000000,1.243452,
0.00293480,0.000000,1.243452,
0.00293500,0.000000,1.243452,
0.00293520,0.000000,1.227205,
0.00293540,0.000000,1.243452,
0.00293560,-0.002441,1.227205,
0.00293580,0.000000,1.227205,
0.00293600,0.000000,1.227205,
0.00293620,0.000000,1.243452,
0.00293640,0.000000,1.243452,
0.00293660,0.000000,1.227205,
0.00293680,0.000000,1.227205,
0.00293700,-0.002441,1.243452,
0.00293720,0.000000,1.227205,
0.00293740,-0.002441,1.227205,
0.00293760,0.000000,1.243452,
0.00293780,0.000000,1.243452,
0.00293800,0.000000,1.227205,
0.00293820,-0.002441,1.227205,
0.00293840,0.000000,1.243452,
0.00293860,0.000000,1.227205,
0.00293880,0.000000,1.243452,
0.00293900,-0.002441,1.227205,
0.00293920,0.000000,1.227205,
0.00293940,0.000000,1.243452,
0.00293960,0.000000,1.243452,
0.00293980,-0.002441,1.243452,
0.00294000,0.000000,1.243452,
0.00294020,0.000000,1.227205,
0.00294040,-0.002441,1.227205,
0.00294060,0.000000,1.227205,
0.00294080,-0.002441,1.227205,
0.00294100,0.000000,1.243452,
0.00294120,0.000000,1.243452,
0.00294140,0.000000,1.227205,
0.00294160,-0.002441,1.227205,
0.00294180,-0.002441,1.227205,
0.00294200,-0.002441,1.227205,
0.00294220,0.000000,1.210957,
0.00294240,0.000000,1.243452,
0.00294260,0.000000,1.243452,
0.00294280,-0.002441,1.243452,
0.00294300,0.000000,1.227205,
0.00294320,-0.004883,1.227205,
0.00294340,0.000000,1.243452,
0.00294360,-0.002441,1.227205,
0.00294380,0.000000,1.227205,
0.00294400,-0.002441,1.227205,
0.00294420,0.000000,1.227205,
0.00294440,-0.002441,1.243452,
0.00294460,0.000000,1.243452,
0.00294480,0.000000,1.243452,
0.00294500,-0.002441,1.243452,
0.00294520,0.000000,1.243452,
0.00294540,0.000000,1.210957,
0.00294560,0.000000,1.210957,
0.00294580,0.000000,1.210957,
0.00294600,0.000000,1.227205,
0.00294620,-0.002441,1.227205,
0.00294640,-0.002441,1.243452,
0.00294660,0.000000,1.259700,
0.00294680,-0.002441,1.243452,
0.00294700,-0.002441,1.227205,
0.00294720,-0.002441,1.227205,
0.00294740,0.000000,1.227205,
0.00294760,0.000000,1.227205,
0.00294780,0.000000,1.210957,
0.00294800,0.000000,1.210957,
0.00294820,0.000000,1.227205,
0.00294840,0.000000,1.243452,
0.00294860,-0.002441,1.243452,
0.00294880,0.000000,1.243452,
0.00294900,0.000000,1.243452,
0.00294920,0.000000,1.227205,
0.00294940,0.000000,1.227205,
0.00294960,0.000000,1.227205,
0.00294980,0.000000,1.227205,
0.00295000,0.000000,1.227205,
0.00295020,-0.002441,1.227205,
0.00295040,0.000000,1.227205,
0.00295060,0.000000,1.243452,
0.00295080,-0.002441,1.243452,
0.00295100,0.000000,1.243452,
0.00295120,-0.002441,1.227205,
0.00295140,0.002441,1.243452,
0.00295160,0.000000,1.243452,
0.00295180,-0.002441,1.227205,
0.00295200,-0.002441,1.227205,
0.00295220,0.000000,1.227205,
0.00295240,0.000000,1.227205,
0.00295260,0.000000,1.227205,
0.00295280,-0.002441,1.227205,
0.00295300,0.000000,1.243452,
0.00295320,0.000000,1.227205,
0.00295340,-0.002441,1.227205,
0.00295360,0.000000,1.227205,
0.00295380,0.000000,1.243452,
0.00295400,0.000000,1.243452,
0.00295420,0.000000,1.243452,
0.00295440,0.000000,1.227205,
0.00295460,0.000000,1.243452,
0.00295480,0.000000,1.243452,
0.00295500,0.000000,1.243452,
0.00295520,0.002441,1.243452,
0.00295540,0.000000,1.227205,
0.00295560,0.000000,1.227205,
0.00295580,0.000000,1.243452,
0.00295600,0.000000,1.243452,
0.00295620,-0.002441,1.227205,
0.00295640,0.000000,1.243452,
0.00295660,-0.002441,1.227205,
0.00295680,-0.002441,1.243452,
0.00295700,-0.002441,1.227205,
0.00295720,0.000000,1.227205,
0.00295740,-0.002441,1.227205,
0.00295760,0.000000,1.243452,
0.00295780,0.000000,1.243452,
0.00295800,-0.002441,1.227205,
0.00295820,-0.002441,1.227205,
0.00295840,0.000000,1.227205,
0.00295860,-0.002441,1.243452,
0.00295880,-0.002441,1.243452,
0.00295900,-0.002441,1.243452,
0.00295920,-0.002441,1.227205,
0.00295940,0.000000,1.227205,
0.00295960,-0.002441,1.227205,
0.00295980,-0.002441,1.227205,
0.00296000,-0.002441,1.227205,
0.00296020,-0.002441,1.227205,
0.00296040,0.000000,1.243452,
0.00296060,0.000000,1.243452,
0.00296080,-0.002441,1.243452,
0.00296100,0.000000,1.243452,
0.00296120,-0.002441,1.227205,
0.00296140,0.000000,1.210957,
0.00296160,0.000000,1.227205,
0.00296180,-0.002441,1.243452,
0.00296200,0.000000,1.243452,
0.00296220,0.000000,1.227205,
0.00296240,0.000000,1.227205,
0.00296260,-0.002441,1.243452,
0.00296280,-0.002441,1.243452,
0.00296300,0.000000,1.243452,
0.00296320,-0.002441,1.243452,
0.00296340,0.000000,1.243452,
0.00296360,0.000000,1.227205,
0.00296380,-0.002441,1.227205,
0.00296400,0.000000,1.227205,
0.00296420,-0.002441,1.227205,
0.00296440,-0.002441,1.243452,
0.00296460,0.000000,1.243452,
0.00296480,-0.002441,1.243452,
0.00296500,0.000000,1.243452,
0.00296520,0.002441,1.259700,
0.00296540,0.000000,1.243452,
0.00296560,0.000000,1.227205,
0.00296580,0.000000,1.210957,
0.00296600,0.000000,1.227205,
0.00296620,-0.002441,1.227205,
0.00296640,0.000000,1.243452,
0.00296660,0.000000,1.227205,
0.00296680,0.000000,1.243452,
0.00296700,-0.002441,1.259700,
0.00296720,-0.002441,1.243452,
0.00296740,0.000000,1.243452,
0.00296760,0.000000,1.227205,
0.00296780,-0.002441,1.227205,
0.00296800,-0.002441,1.227205,
0.00296820,0.000000,1.243452,
0.00296840,0.000000,1.259700,
0.00296860,0.000000,1.243452,
0.00296880,-0.002441,1.227205,
0.00296900,0.000000,1.243452,
0.00296920,0.000000,1.243452,
0.00296940,0.000000,1.243452,
0.00296960,-0.002441,1.243452,
0.00296980,0.000000,1.243452,
0.00297000,-0.002441,1.243452,
0.00297020,0.000000,1.243452,
0.00297040,-0.002441,1.243452,
0.00297060,0.000000,1.243452,
0.00297080,-0.002441,1.259700,
0.00297100,-0.002441,1.243452,
0.00297120,-0.002441,1.227205,
0.00297140,-0.002441,1.227205,
0.00297160,0.000000,1.227205,
0.00297180,0.000000,1.243452,
0.00297200,-0.002441,1.243452,
0.00297220,0.000000,1.243452,
0.00297240,-0.002441,1.243452,
0.00297260,-0.002441,1.227205,
0.00297280,0.000000,1.243452,
0.00297300,0.000000,1.243452,
0.00297320,0.000000,1.259700,
0.00297340,-0.002441,1.243452,
0.00297360,-0.002441,1.243452,
0.00297380,0.000000,1.243452,
0.00297400,0.000000,1.227205,
0.00297420,-0.002441,1.227205,
0.00297440,-0.002441,1.243452,
0.00297460,-0.002441,1.243452,
0.00297480,0.000000,1.259700,
0.00297500,-0.002441,1.243452,
0.00297520,-0.002441,1.243452,
0.00297540,-0.002441,1.243452,
0.00297560,-0.002441,1.227205,
0.00297580,-0.002441,1.227205,
0.00297600,-0.002441,1.243452,
0.00297620,-0.004883,1.243452,
0.00297640,0.000000,1.259700,
0.00297660,0.000000,1.243452,
0.00297680,-0.002441,1.243452,
0.00297700,0.000000,1.243452,
0.00297720,-0.004883,1.227205,
0.00297740,0.000000,1.243452,
0.00297760,-0.002441,1.243452,
0.00297780,0.000000,1.243452,
0.00297800,-0.002441,1.243452,
0.00297820,0.000000,1.243452,
0.00297840,-0.002441,1.243452,
0.00297860,0.000000,1.259700,
0.00297880,0.000000,1.243452,
0.00297900,-0.002441,1.227205,
0.00297920,-0.002441,1.227205,
0.00297940,-0.002441,1.243452,
0.00297960,-0.002441,1.227205,
0.00297980,0.000000,1.243452,
0.00298000,-0.002441,1.243452,
0.00298020,-0.002441,1.259700,
0.00298040,-0.002441,1.227205,
0.00298060,0.000000,1.227205,
0.00298080,-0.002441,1.227205,
0.00298100,-0.002441,1.227205,
0.00298120,0.000000,1.243452,
0.00298140,0.000000,1.259700,
0.00298160,-0.002441,1.259700,
0.00298180,-0.002441,1.259700,
0.00298200,0.000000,1.243452,
0.00298220,0.000000,1.227205,
0.00298240,-0.002441,1.210957,
0.00298260,-0.002441,1.227205,
0.00298280,0.000000,1.243452,
0.00298300,0.000000,1.243452,
0.00298320,-0.002441,1.259700,
0.00298340,0.000000,1.259700,
0.00298360,-0.002441,1.243452,
0.00298380,-0.002441,1.259700,
0.00298400,-0.002441,1.243452,
0.00298420,-0.002441,1.243452,
0.00298440,0.000000,1.243452,
0.00298460,0.000000,1.227205,
0.00298480,-0.002441,1.243452,
0.00298500,0.002441,1.243452,
0.00298520,-0.002441,1.243452,
0.00298540,-0.002441,1.243452,
0.00298560,0.000000,1.227205,
0.00298580,-0.002441,1.243452,
0.00298600,0.000000,1.243452,
0.00298620,-0.002441,1.259700,
0.00298640,-0.002441,1.259700,
0.00298660,0.002441,1.259700,
0.00298680,-0.002441,1.243452,
0.00298700,-0.002441,1.243452,
0.00298720,-0.004883,1.227205,
0.00298740,-0.002441,1.243452,
0.00298760,0.000000,1.243452,
0.00298780,-0.002441,1.259700,
0.00298800,-0.002441,1.259700,
0.00298820,0.002441,1.243452,
0.00298840,-0.002441,1.227205,
0.00298860,0.000000,1.243452,
0.00298880,-0.002441,1.243452,
0.00298900,-0.002441,1.243452,
0.00298920,0.000000,1.243452,
0.00298940,0.000000,1.259700,
0.00298960,-0.002441,1.243452,
0.00298980,-0.002441,1.243452,
0.00299000,-0.002441,1.259700,
0.00299020,0.000000,1.259700,
0.00299040,-0.002441,1.243452,
0.00299060,0.000000,1.243452,
0.00299080,0.000000,1.243452,
0.00299100,0.002441,1.243452,
0.00299120,0.000000,1.243452,
0.00299140,-0.002441,1.243452,
0.00299160,0.000000,1.243452,
0.00299180,-0.002441,1.243452,
0.00299200,-0.002441,1.227205,
0.00299220,-0.002441,1.259700,
0.00299240,-0.002441,1.243452,
0.00299260,-0.002441,1.243452,
0.00299280,-0.002441,1.243452,
0.00299300,0.000000,1.243452,
0.00299320,-0.002441,1.243452,
0.00299340,0.000000,1.243452,
0.00299360,-0.002441,1.227205,
0.00299380,-0.002441,1.243452,
0.00299400,0.000000,1.259700,
0.00299420,0.000000,1.259700,
0.00299440,-0.002441,1.243452,
0.00299460,0.002441,1.259700,
0.00299480,-0.002441,1.243452,
0.00299500,-0.002441,1.243452,
0.00299520,-0.002441,1.243452,
0.00299540,-0.002441,1.243452,
0.00299560,0.000000,1.259700,
0.00299580,0.000000,1.259700,
0.00299600,0.000000,1.243452,
0.00299620,-0.004883,1.243452,
0.00299640,-0.002441,1.243452,
0.00299660,0.000000,1.259700,
0.00299680,-0.004883,1.243452,
0.00299700,-0.002441,1.227205,
0.00299720,-0.002441,1.243452,
0.00299740,0.000000,1.259700,
0.00299760,-0.002441,1.243452,
0.00299780,-0.002441,1.259700,
0.00299800,-0.002441,1.259700,
0.00299820,-0.002441,1.243452,
0.00299840,-0.002441,1.243452,
0.00299860,-0.002441,1.259700,
0.00299880,0.000000,1.243452,
0.00299900,0.000000,1.243452,
0.00299920,0.000000,1.243452,
0.00299940,-0.002441,1.243452,
0.00299960,-0.002441,1.259700,
0.00299980,-0.002441,1.259700,
0.00300000,0.000000,1.259700,
0.00300020,-0.002441,1.259700,
0.00300040,-0.002441,1.259700,
0.00300060,-0.002441,1.259700,
0.00300080,-0.002441,1.243452,
0.00300100,-0.002441,1.227205,
0.00300120,0.000000,1.243452,
0.00300140,0.000000,1.243452,
0.00300160,-0.002441,1.243452,
0.00300180,-0.002441,1.275947,
0.00300200,0.000000,1.275947,
0.00300220,0.000000,1.259700,
0.00300240,-0.002441,1.259700,
0.00300260,0.000000,1.243452,
0.00300280,0.000000,1.259700,
0.00300300,0.000000,1.243452,
0.00300320,-0.002441,1.259700,
0.00300340,-0.004883,1.243452,
0.00300360,0.000000,1.275947,
0.00300380,0.000000,1.259700,
0.00300400,0.000000,1.243452,
0.00300420,-0.002441,1.259700,
0.00300440,0.000000,1.259700,
0.00300460,0.000000,1.259700,
0.00300480,-0.002441,1.243452,
0.00300500,-0.002441,1.243452,
0.00300520,-0.002441,1.259700,
0.00300540,0.000000,1.259700,
0.00300560,-0.002441,1.259700,
0.00300580,0.000000,1.259700,
0.00300600,-0.002441,1.259700,
0.00300620,0.000000,1.259700,
0.00300640,-0.002441,1.259700,
0.00300660,-0.002441,1.243452,
0.00300680,0.000000,1.243452,
0.00300700,-0.002441,1.243452,
0.00300720,0.000000,1.259700,
0.00300740,0.000000,1.259700,
0.00300760,0.002441,1.259700,
0.00300780,-0.002441,1.259700,
0.00300800,-0.002441,1.243452,
0.00300820,0.000000,1.259700,
0.00300840,0.000000,1.243452,
0.00300860,0.000000,1.259700,
0.00300880,-0.002441,1.259700,
0.00300900,-0.002441,1.243452,
0.00300920,0.000000,1.243452,
0.00300940,-0.002441,1.243452,
0.00300960,-0.002441,1.275947,
0.00300980,-0.002441,1.259700,
0.00301000,0.002441,1.259700,
0.00301020,0.000000,1.259700,
0.00301040,-0.002441,1.243452,
0.00301060,-0.002441,1.259700,
0.00301080,0.000000,1.243452,
0.00301100,-0.002441,1.243452,
0.00301120,-0.002441,1.243452,
0.00301140,-0.002441,1.259700,
0.00301160,-0.002441,1.243452,
0.00301180,-0.002441,1.243452,
0.00301200,0.000000,1.259700,
0.00301220,0.000000,1.259700,
0.00301240,0.000000,1.259700,
0.00301260,-0.002441,1.243452,
0.00301280,-0.002441,1.243452,
0.00301300,0.002441,1.259700,
0.00301320,-0.002441,1.243452,
0.00301340,-0.002441,1.259700,
0.00301360,-0.002441,1.259700,
0.00301380,-0.002441,1.259700,
0.00301400,0.000000,1.259700,
0.00301420,-0.002441,1.243452,
0.00301440,-0.002441,1.243452,
0.00301460,-0.002441,1.243452,
0.00301480,0.000000,1.243452,
0.00301500,0.000000,1.259700,
0.00301520,0.000000,1.275947,
0.00301540,-0.004883,1.243452,
0.00301560,0.000000,1.243452,
0.00301580,0.000000,1.227205,
0.00301600,-0.002441,1.243452,
0.00301620,-0.002441,1.259700,
0.00301640,-0.002441,1.275947,
0.00301660,0.000000,1.259700,
0.00301680,0.000000,1.259700,
0.00301700,0.000000,1.275947,
0.00301720,0.002441,1.259700,
0.00301740,-0.002441,1.243452,
0.00301760,-0.002441,1.227205,
0.00301780,0.000000,1.243452,
0.00301800,-0.002441,1.243452,
0.00301820,0.000000,1.243452,
0.00301840,0.000000,1.259700,
0.00301860,-0.002441,1.259700,
0.00301880,0.000000,1.259700,
0.00301900,0.000000,1.275947,
0.00301920,-0.002441,1.259700,
0.00301940,-0.002441,1.243452,
0.00301960,-0.002441,1.243452,
0.00301980,0.000000,1.259700,
0.00302000,0.000000,1.259700,
0.00302020,0.000000,1.259700,
0.00302040,0.000000,1.259700,
0.00302060,0.000000,1.259700,
0.00302080,-0.002441,1.243452,
0.00302100,0.000000,1.243452,
0.00302120,0.000000,1.243452,
0.00302140,0.000000,1.259700,
0.00302160,0.002441,1.275947,
0.00302180,-0.002441,1.259700,
0.00302200,0.000000,1.259700,
0.00302220,0.000000,1.243452,
0.00302240,0.000000,1.243452,
0.00302260,-0.004883,1.243452,
0.00302280,0.000000,1.243452,
0.00302300,-0.002441,1.243452,
0.00302320,-0.002441,1.259700,
0.00302340,-0.002441,1.259700,
0.00302360,-0.002441,1.259700,
0.00302380,-0.002441,1.243452,
0.00302400,-0.002441,1.259700,
0.00302420,-0.002441,1.259700,
0.00302440,-0.002441,1.259700,
0.00302460,0.000000,1.259700,
0.00302480,-0.002441,1.259700,
0.00302500,-0.004883,1.243452,
0.00302520,-0.002441,1.259700,
0.00302540,-0.002441,1.259700,
0.00302560,-0.002441,1.259700,
0.00302580,0.000000,1.243452,
0.00302600,0.000000,1.259700,
0.00302620,0.000000,1.259700,
0.00302640,-0.002441,1.259700,
0.00302660,-0.002441,1.259700,
0.00302680,0.000000,1.259700,
0.00302700,-0.002441,1.259700,
0.00302720,-0.002441,1.259700,
0.00302740,-0.002441,1.259700,
0.00302760,0.000000,1.259700,
0.00302780,-0.002441,1.259700,
0.00302800,0.000000,1.259700,
0.00302820,-0.002441,1.259700,
0.00302840,0.000000,1.259700,
0.00302860,0.000000,1.259700,
0.00302880,0.000000,1.259700,
0.00302900,-0.002441,1.243452,
0.00302920,0.000000,1.243452,
0.00302940,0.000000,1.259700,
0.00302960,-0.002441,1.259700,
0.00302980,-0.002441,1.259700,
0.00303000,-0.002441,1.259700,
0.00303020,-0.002441,1.243452,
0.00303040,0.000000,1.259700,
0.00303060,-0.002441,1.259700,
0.00303080,-0.002441,1.259700,
0.00303100,-0.002441,1.259700,
0.00303120,-0.002441,1.259700,
0.00303140,0.000000,1.243452,
0.00303160,-0.002441,1.259700,
0.00303180,-0.002441,1.259700,
0.00303200,-0.002441,1.243452,
0.00303220,-0.002441,1.259700,
0.00303240,-0.002441,1.259700,
0.00303260,-0.002441,1.243452,
0.00303280,-0.002441,1.275947,
0.00303300,-0.002441,1.275947,
0.00303320,-0.002441,1.275947,
0.00303340,-0.002441,1.259700,
0.00303360,-0.002441,1.259700,
0.00303380,-0.002441,1.243452,
0.00303400,-0.002441,1.243452,
0.00303420,0.000000,1.243452,
0.00303440,0.000000,1.243452,
0.00303460,-0.002441,1.259700,
0.00303480,0.000000,1.292195,
0.00303500,0.000000,1.292195,
0.00303520,-0.002441,1.259700,
0.00303540,-0.002441,1.259700,
0.00303560,-0.002441,1.259700,
0.00303580,0.000000,1.259700,
0.00303600,-0.002441,1.243452,
0.00303620,0.000000,1.243452,
0.00303640,0.000000,1.259700,
0.00303660,-0.002441,1.259700,
0.00303680,-0.002441,1.259700,
0.00303700,-0.002441,1.275947,
0.00303720,-0.002441,1.259700,
0.00303740,0.000000,1.275947,
0.00303760,-0.002441,1.259700,
0.00303780,-0.002441,1.243452,
0.00303800,-0.002441,1.259700,
0.00303820,-0.002441,1.259700,
0.00303840,-0.002441,1.259700,
0.00303860,0.000000,1.259700,
0.00303880,-0.002441,1.259700,
0.00303900,0.000000,1.275947,
0.00303920,-0.002441,1.275947,
0.00303940,-0.002441,1.259700,
0.00303960,-0.002441,1.259700,
0.00303980,-0.002441,1.259700,
0.00304000,-0.002441,1.275947,
0.00304020,-0.004883,1.259700,
0.00304040,-0.002441,1.259700,
0.00304060,-0.002441,1.259700,
0.00304080,0.000000,1.275947,
0.00304100,-0.002441,1.275947,
0.00304120,-0.002441,1.259700,
0.00304140,-0.002441,1.275947,
0.00304160,-0.002441,1.259700,
0.00304180,-0.002441,1.259700,
0.00304200,-0.002441,1.259700,
0.00304220,-0.002441,1.259700,
0.00304240,-0.002441,1.259700,
0.00304260,-0.004883,1.259700,
0.00304280,-0.002441,1.259700,
0.00304300,-0.002441,1.275947,
0.00304320,-0.002441,1.275947,
0.00304340,-0.002441,1.259700,
0.00304360,-0.002441,1.259700,
0.00304380,-0.002441,1.259700,
0.00304400,0.000000,1.259700,
0.00304420,-0.002441,1.259700,
0.00304440,0.000000,1.259700,
0.00304460,-0.002441,1.259700,
0.00304480,-0.002441,1.259700,
0.00304500,-0.002441,1.259700,
0.00304520,-0.002441,1.275947,
0.00304540,-0.002441,1.259700,
0.00304560,-0.002441,1.275947,
0.00304580,0.000000,1.259700,
0.00304600,0.002441,1.259700,
0.00304620,0.000000,1.259700,
0.00304640,-0.002441,1.259700,
0.00304660,-0.002441,1.275947,
0.00304680,-0.002441,1.259700,
0.00304700,-0.002441,1.259700,
0.00304720,0.000000,1.259700,
0.00304740,0.002441,1.275947,
0.00304760,0.002441,1.275947,
0.00304780,-0.002441,1.259700,
0.00304800,-0.002441,1.259700,
0.00304820,-0.002441,1.259700,
0.00304840,-0.002441,1.259700,
0.00304860,-0.002441,1.259700,
0.00304880,-0.002441,1.259700,
0.00304900,-0.002441,1.259700,
0.00304920,-0.002441,1.259700,
0.00304940,-0.002441,1.259700,
0.00304960,-0.002441,1.259700,
0.00304980,-0.004883,1.259700,
0.00305000,-0.002441,1.275947,
0.00305020,0.000000,1.259700,
0.00305040,-0.002441,1.259700,
0.00305060,-0.002441,1.243452,
0.00305080,-0.002441,1.259700,
0.00305100,0.000000,1.243452,
0.00305120,0.000000,1.243452,
0.00305140,-0.002441,1.259700,
0.00305160,0.000000,1.292195,
0.00305180,0.000000,1.292195,
0.00305200,0.000000,1.292195,
0.00305220,-0.002441,1.275947,
0.00305240,-0.002441,1.243452,
0.00305260,0.000000,1.243452,
0.00305280,0.000000,1.243452,
0.00305300,-0.002441,1.243452,
0.00305320,0.000000,1.243452,
0.00305340,-0.002441,1.259700,
0.00305360,-0.004883,1.259700,
0.00305380,-0.002441,1.275947,
0.00305400,-0.002441,1.275947,
0.00305420,-0.002441,1.259700,
0.00305440,-0.002441,1.243452,
0.00305460,-0.002441,1.243452,
0.00305480,-0.002441,1.243452,
0.00305500,0.000000,1.259700,
0.00305520,0.000000,1.259700,
0.00305540,-0.002441,1.275947,
0.00305560,-0.002441,1.259700,
0.00305580,-0.002441,1.259700,
0.00305600,-0.002441,1.259700,
0.00305620,-0.002441,1.259700,
0.00305640,-0.002441,1.259700,
0.00305660,-0.002441,1.259700,
0.00305680,0.000000,1.259700,
0.00305700,-0.002441,1.259700,
0.00305720,0.000000,1.259700,
0.00305740,-0.002441,1.259700,
0.00305760,-0.002441,1.259700,
0.00305780,-0.002441,1.243452,
0.00305800,0.000000,1.259700,
0.00305820,-0.002441,1.275947,
0.00305840,-0.002441,1.259700,
0.00305860,0.000000,1.259700,
0.00305880,-0.002441,1.259700,
0.00305900,-0.002441,1.259700,
0.00305920,0.000000,1.259700,
0.00305940,-0.002441,1.259700,
0.00305960,0.000000,1.259700,
0.00305980,0.000000,1.259700,
0.00306000,0.000000,1.259700,
0.00306020,-0.002441,1.259700,
0.00306040,-0.002441,1.259700,
0.00306060,0.000000,1.259700,
0.00306080,-0.002441,1.259700,
0.00306100,-0.002441,1.243452,
0.00306120,0.000000,1.259700,
0.00306140,0.000000,1.275947,
0.00306160,0.000000,1.259700,
0.00306180,0.000000,1.259700,
0.00306200,-0.002441,1.243452,
0.00306220,0.000000,1.259700,
0.00306240,-0.002441,1.243452,
0.00306260,-0.002441,1.259700,
0.00306280,-0.002441,1.259700,
0.00306300,-0.002441,1.259700,
0.00306320,0.000000,1.275947,
0.00306340,-0.002441,1.259700,
0.00306360,-0.002441,1.243452,
0.00306380,-0.002441,1.259700,
0.00306400,-0.002441,1.259700,
0.00306420,-0.002441,1.259700,
0.00306440,0.000000,1.259700,
0.00306460,0.000000,1.243452,
0.00306480,-0.002441,1.243452,
0.00306500,0.000000,1.259700,
0.00306520,-0.002441,1.259700,
0.00306540,0.000000,1.259700,
0.00306560,-0.002441,1.259700,
0.00306580,-0.002441,1.259700,
0.00306600,-0.002441,1.259700,
0.00306620,-0.002441,1.259700,
0.00306640,0.000000,1.259700,
0.00306660,-0.002441,1.259700,
0.00306680,-0.002441,1.259700,
0.00306700,0.000000,1.275947,
0.00306720,0.000000,1.259700,
0.00306740,-0.004883,1.243452,
0.00306760,-0.002441,1.259700,
0.00306780,-0.002441,1.275947,
0.00306800,-0.002441,1.259700,
0.00306820,-0.002441,1.259700,
0.00306840,-0.002441,1.275947,
0.00306860,-0.002441,1.275947,
0.00306880,0.000000,1.259700,
0.00306900,-0.002441,1.243452,
0.00306920,0.000000,1.259700,
0.00306940,0.000000,1.259700,
0.00306960,-0.002441,1.259700,
0.00306980,0.000000,1.275947,
0.00307000,0.000000,1.275947,
0.00307020,0.000000,1.275947,
0.00307040,-0.002441,1.275947,
0.00307060,-0.002441,1.259700,
0.00307080,-0.002441,1.243452,
0.00307100,-0.002441,1.259700,
0.00307120,0.000000,1.259700,
0.00307140,-0.002441,1.259700,
0.00307160,-0.002441,1.259700,
0.00307180,-0.002441,1.259700,
0.00307200,-0.002441,1.259700,
0.00307220,0.000000,1.259700,
0.00307240,-0.002441,1.259700,
0.00307260,0.000000,1.259700,
0.00307280,0.000000,1.275947,
0.00307300,0.000000,1.259700,
0.00307320,-0.002441,1.259700,
0.00307340,0.000000,1.259700,
0.00307360,-0.002441,1.275947,
0.00307380,-0.002441,1.259700,
0.00307400,-0.002441,1.259700,
0.00307420,0.000000,1.259700,
0.00307440,0.000000,1.259700,
0.00307460,0.000000,1.259700,
0.00307480,-0.002441,1.259700,
0.00307500,-0.002441,1.259700,
0.00307520,-0.002441,1.275947,
0.00307540,0.000000,1.259700,
0.00307560,-0.002441,1.259700,
0.00307580,-0.002441,1.259700,
0.00307600,0.000000,1.259700,
0.00307620,0.000000,1.275947,
0.00307640,-0.002441,1.259700,
0.00307660,0.000000,1.259700,
0.00307680,0.000000,1.259700,
0.00307700,-0.004883,1.259700,
0.00307720,-0.002441,1.275947,
0.00307740,0.000000,1.259700,
0.00307760,-0.002441,1.259700,
0.00307780,-0.002441,1.259700,
0.00307800,-0.002441,1.259700,
0.00307820,0.000000,1.259700,
0.00307840,-0.002441,1.259700,
0.00307860,-0.002441,1.259700,
0.00307880,-0.002441,1.275947,
0.00307900,0.000000,1.275947,
0.00307920,-0.002441,1.259700,
0.00307940,-0.004883,1.259700,
0.00307960,-0.002441,1.275947,
0.00307980,0.000000,1.275947,
0.00308000,-0.002441,1.259700,
0.00308020,-0.002441,1.259700,
0.00308040,-0.002441,1.259700,
0.00308060,-0.002441,1.259700,
0.00308080,0.000000,1.275947,
0.00308100,-0.002441,1.275947,
0.00308120,-0.002441,1.275947,
0.00308140,0.000000,1.275947,
0.00308160,0.000000,1.275947,
0.00308180,0.000000,1.275947,
0.00308200,-0.002441,1.259700,
0.00308220,0.000000,1.259700,
0.00308240,0.000000,1.259700,
0.00308260,-0.002441,1.259700,
0.00308280,-0.002441,1.259700,
0.00308300,0.000000,1.275947,
0.00308320,-0.002441,1.259700,
0.00308340,-0.002441,1.259700,
0.00308360,-0.002441,1.259700,
0.00308380,-0.002441,1.275947,
0.00308400,-0.002441,1.259700,
0.00308420,0.000000,1.275947,
0.00308440,-0.002441,1.259700,
0.00308460,-0.002441,1.259700,
0.00308480,-0.002441,1.259700,
0.00308500,-0.002441,1.259700,
0.00308520,-0.002441,1.275947,
0.00308540,0.000000,1.259700,
0.00308560,-0.002441,1.243452,
0.00308580,0.000000,1.243452,
0.00308600,-0.002441,1.243452,
0.00308620,-0.002441,1.243452,
0.00308640,-0.002441,1.243452,
0.00308660,-0.002441,1.275947,
0.00308680,-0.002441,1.292195,
0.00308700,-0.002441,1.292195,
0.00308720,-0.002441,1.275947,
0.00308740,-0.002441,1.259700,
0.00308760,-0.002441,1.243452,
0.00308780,0.000000,1.243452,
0.00308800,0.000000,1.243452,
0.00308820,-0.002441,1.243452,
0.00308840,-0.002441,1.259700,
0.00308860,-0.002441,1.275947,
0.00308880,-0.002441,1.275947,
0.00308900,-0.002441,1.275947,
0.00308920,-0.002441,1.275947,
0.00308940,0.000000,1.275947,
0.00308960,-0.002441,1.259700,
0.00308980,-0.002441,1.259700,
0.00309000,-0.002441,1.243452,
0.00309020,0.000000,1.259700,
0.00309040,-0.002441,1.259700,
0.00309060,-0.002441,1.259700,
0.00309080,0.000000,1.275947,
0.00309100,-0.002441,1.259700,
0.00309120,-0.002441,1.259700,
0.00309140,0.000000,1.259700,
0.00309160,-0.002441,1.259700,
0.00309180,0.000000,1.259700,
0.00309200,-0.002441,1.259700,
0.00309220,0.000000,1.243452,
0.00309240,-0.002441,1.259700,
0.00309260,-0.002441,1.275947,
0.00309280,-0.002441,1.259700,
0.00309300,-0.002441,1.243452,
0.00309320,-0.002441,1.243452,
0.00309340,-0.002441,1.259700,
0.00309360,-0.002441,1.259700,
0.00309380,0.000000,1.259700,
0.00309400,-0.002441,1.259700,
0.00309420,-0.002441,1.259700,
0.00309440,-0.002441,1.275947,
0.00309460,0.000000,1.259700,
0.00309480,-0.002441,1.243452,
0.00309500,-0.002441,1.259700,
0.00309520,0.000000,1.259700,
0.00309540,0.000000,1.259700,
0.00309560,-0.002441,1.243452,
0.00309580,0.000000,1.259700,
0.00309600,-0.002441,1.243452,
0.00309620,-0.002441,1.243452,
0.00309640,-0.002441,1.243452,
0.00309660,-0.002441,1.259700,
0.00309680,0.000000,1.275947,
0.00309700,-0.002441,1.275947,
0.00309720,-0.002441,1.259700,
0.00309740,-0.002441,1.259700,
0.00309760,-0.002441,1.259700,
0.00309780,-0.002441,1.259700,
0.00309800,-0.002441,1.259700,
0.00309820,-0.002441,1.243452,
0.00309840,0.000000,1.259700,
0.00309860,-0.002441,1.259700,
0.00309880,0.000000,1.259700,
0.00309900,-0.002441,1.259700,
0.00309920,-0.002441,1.243452,
0.00309940,-0.002441,1.259700,
0.00309960,-0.002441,1.259700,
0.00309980,-0.002441,1.259700,
0.00310000,-0.002441,1.243452,
0.00310020,0.000000,1.259700,
0.00310040,-0.002441,1.259700,
0.00310060,-0.004883,1.259700,
0.00310080,-0.002441,1.259700,
0.00310100,-0.002441,1.259700,
0.00310120,-0.002441,1.243452,
0.00310140,-0.002441,1.243452,
0.00310160,0.000000,1.243452,
0.00310180,-0.002441,1.243452,
0.00310200,-0.002441,1.259700,
0.00310220,-0.002441,1.259700,
0.00310240,0.000000,1.259700,
0.00310260,-0.002441,1.259700,
0.00310280,-0.002441,1.243452,
0.00310300,0.000000,1.259700,
0.00310320,0.000000,1.259700,
0.00310340,-0.002441,1.259700,
0.00310360,0.000000,1.243452,
0.00310380,0.000000,1.243452,
0.00310400,0.000000,1.243452,
0.00310420,-0.002441,1.243452,
0.00310440,-0.002441,1.227205,
0.00310460,-0.002441,1.243452,
0.00310480,0.000000,1.259700,
0.00310500,-0.002441,1.275947,
0.00310520,-0.002441,1.275947,
0.00310540,0.002441,1.275947,
0.00310560,0.000000,1.259700,
0.00310580,-0.002441,1.243452,
0.00310600,-0.002441,1.227205,
0.00310620,0.000000,1.243452,
0.00310640,-0.002441,1.243452,
0.00310660,-0.002441,1.243452,
0.00310680,-0.002441,1.259700,
0.00310700,0.002441,1.275947,
0.00310720,-0.002441,1.259700,
0.00310740,-0.004883,1.259700,
0.00310760,-0.002441,1.243452,
0.00310780,-0.002441,1.243452,
0.00310800,0.000000,1.259700,
0.00310820,-0.002441,1.259700,
0.00310840,-0.002441,1.275947,
0.00310860,-0.002441,1.275947,
0.00310880,0.000000,1.259700,
0.00310900,-0.002441,1.243452,
0.00310920,-0.002441,1.243452,
0.00310940,-0.002441,1.243452,
0.00310960,-0.002441,1.243452,
0.00310980,-0.002441,1.243452,
0.00311000,0.000000,1.259700,
0.00311020,-0.002441,1.259700,
0.00311040,-0.002441,1.259700,
0.00311060,-0.002441,1.243452,
0.00311080,-0.002441,1.259700,
0.00311100,-0.002441,1.259700,
0.00311120,-0.002441,1.243452,
0.00311140,-0.002441,1.243452,
0.00311160,-0.002441,1.259700,
0.00311180,-0.002441,1.243452,
0.00311200,-0.002441,1.259700,
0.00311220,0.000000,1.259700,
0.00311240,-0.002441,1.259700,
0.00311260,-0.002441,1.259700,
0.00311280,-0.002441,1.259700,
0.00311300,0.000000,1.259700,
0.00311320,-0.002441,1.243452,
0.00311340,-0.002441,1.243452,
0.00311360,-0.002441,1.243452,
0.00311380,-0.002441,1.243452,
0.00311400,-0.002441,1.243452,
0.00311420,-0.002441,1.259700,
0.00311440,-0.002441,1.259700,
0.00311460,-0.002441,1.259700,
0.00311480,0.000000,1.243452,
0.00311500,0.000000,1.259700,
0.00311520,-0.002441,1.259700,
0.00311540,-0.002441,1.259700,
0.00311560,-0.002441,1.243452,
0.00311580,-0.002441,1.243452,
0.00311600,-0.002441,1.243452,
0.00311620,-0.002441,1.243452,
0.00311640,-0.002441,1.243452,
0.00311660,-0.004883,1.243452,
0.00311680,-0.002441,1.243452,
0.00311700,-0.002441,1.243452,
0.00311720,-0.002441,1.243452,
0.00311740,-0.002441,1.243452,
0.00311760,-0.002441,1.243452,
0.00311780,0.000000,1.243452,
0.00311800,-0.002441,1.243452,
0.00311820,-0.002441,1.243452,
0.00311840,0.000000,1.243452,
0.00311860,-0.002441,1.243452,
0.00311880,-0.002441,1.243452,
0.00311900,-0.004883,1.243452,
0.00311920,0.000000,1.243452,
0.00311940,0.000000,1.259700,
0.00311960,-0.002441,1.243452,
0.00311980,-0.004883,1.243452,
0.00312000,-0.002441,1.243452,
0.00312020,-0.002441,1.243452,
0.00312040,-0.002441,1.259700,
0.00312060,-0.002441,1.243452,
0.00312080,-0.002441,1.243452,
0.00312100,-0.002441,1.227205,
0.00312120,-0.002441,1.227205,
0.00312140,-0.004883,1.227205,
0.00312160,-0.002441,1.259700,
0.00312180,-0.002441,1.259700,
0.00312200,-0.002441,1.259700,
0.00312220,-0.004883,1.243452,
0.00312240,-0.002441,1.259700,
0.00312260,-0.002441,1.243452,
0.00312280,-0.002441,1.243452,
0.00312300,0.000000,1.227205,
0.00312320,-0.002441,1.227205,
0.00312340,-0.002441,1.227205,
0.00312360,-0.002441,1.259700,
0.00312380,-0.004883,1.243452,
0.00312400,-0.002441,1.259700,
0.00312420,-0.002441,1.259700,
0.00312440,-0.002441,1.243452,
0.00312460,-0.004883,1.227205,
0.00312480,0.000000,1.243452,
0.00312500,-0.002441,1.227205,
0.00312520,-0.002441,1.243452,
0.00312540,-0.002441,1.243452,
0.00312560,-0.002441,1.259700,
0.00312580,-0.002441,1.243452,
0.00312600,0.000000,1.243452,
0.00312620,0.000000,1.243452,
0.00312640,-0.002441,1.243452,
0.00312660,-0.002441,1.243452,
0.00312680,-0.002441,1.227205,
0.00312700,-0.002441,1.243452,
0.00312720,-0.002441,1.243452,
0.00312740,-0.002441,1.243452,
0.00312760,0.000000,1.243452,
0.00312780,-0.002441,1.243452,
0.00312800,0.000000,1.259700,
0.00312820,-0.002441,1.243452,
0.00312840,-0.002441,1.243452,
0.00312860,-0.002441,1.227205,
0.00312880,-0.002441,1.227205,
0.00312900,0.000000,1.243452,
0.00312920,-0.002441,1.227205,
0.00312940,-0.002441,1.227205,
0.00312960,0.000000,1.243452,
0.00312980,0.000000,1.243452,
0.00313000,-0.002441,1.243452,
0.00313020,-0.002441,1.243452,
0.00313040,-0.002441,1.227205,
0.00313060,0.000000,1.227205,
0.00313080,-0.002441,1.243452,
0.00313100,-0.002441,1.243452,
0.00313120,-0.002441,1.243452,
0.00313140,-0.002441,1.243452,
0.00313160,-0.002441,1.227205,
0.00313180,-0.002441,1.243452,
0.00313200,-0.002441,1.243452,
0.00313220,0.000000,1.243452,
0.00313240,-0.004883,1.243452,
0.00313260,0.000000,1.243452,
0.00313280,0.000000,1.243452,
0.00313300,-0.002441,1.227205,
0.00313320,-0.004883,1.227205,
0.00313340,0.000000,1.227205,
0.00313360,-0.002441,1.227205,
0.00313380,-0.002441,1.227205,
0.00313400,-0.002441,1.243452,
0.00313420,-0.002441,1.243452,
0.00313440,0.000000,1.243452,
0.00313460,0.000000,1.243452,
0.00313480,-0.002441,1.227205,
0.00313500,-0.002441,1.210957,
0.00313520,0.000000,1.243452,
0.00313540,0.000000,1.243452,
0.00313560,-0.002441,1.243452,
0.00313580,-0.004883,1.227205,
0.00313600,-0.002441,1.243452,
0.00313620,0.000000,1.243452,
0.00313640,-0.002441,1.227205,
0.00313660,-0.002441,1.227205,
0.00313680,-0.002441,1.227205,
0.00313700,0.000000,1.243452,
0.00313720,0.000000,1.243452,
0.00313740,-0.002441,1.243452,
0.00313760,0.000000,1.243452,
0.00313780,-0.002441,1.227205,
0.00313800,-0.002441,1.227205,
0.00313820,-0.002441,1.227205,
0.00313840,-0.002441,1.243452,
0.00313860,-0.002441,1.243452,
0.00313880,-0.002441,1.243452,
0.00313900,-0.004883,1.227205,
0.00313920,0.000000,1.227205,
0.00313940,0.000000,1.243452,
0.00313960,-0.002441,1.227205,
0.00313980,-0.002441,1.227205,
0.00314000,-0.002441,1.227205,
0.00314020,0.000000,1.227205,
0.00314040,-0.002441,1.259700,
0.00314060,-0.002441,1.243452,
0.00314080,0.000000,1.243452,
0.00314100,-0.002441,1.243452,
0.00314120,-0.002441,1.227205,
0.00314140,-0.002441,1.227205,
0.00314160,-0.002441,1.227205,
0.00314180,-0.002441,1.227205,
0.00314200,-0.002441,1.227205,
0.00314220,-0.002441,1.243452,
0.00314240,-0.002441,1.243452,
0.00314260,0.000000,1.243452,
0.00314280,-0.002441,1.243452,
0.00314300,0.000000,1.227205,
0.00314320,0.000000,1.243452,
0.00314340,-0.002441,1.227205,
0.00314360,-0.002441,1.243452,
0.00314380,0.000000,1.243452,
0.00314400,-0.002441,1.243452,
0.00314420,0.000000,1.243452,
0.00314440,-0.002441,1.227205,
0.00314460,-0.002441,1.227205,
0.00314480,-0.002441,1.243452,
0.00314500,0.000000,1.243452,
0.00314520,-0.002441,1.243452,
0.00314540,-0.002441,1.227205,
0.00314560,-0.002441,1.227205,
0.00314580,-0.002441,1.243452,
0.00314600,-0.002441,1.243452,
0.00314620,-0.002441,1.227205,
0.00314640,-0.002441,1.227205,
0.00314660,0.000000,1.243452,
0.00314680,-0.002441,1.227205,
0.00314700,0.000000,1.243452,
0.00314720,-0.002441,1.243452,
0.00314740,-0.002441,1.227205,
0.00314760,-0.002441,1.227205,
0.00314780,-0.002441,1.243452,
0.00314800,-0.002441,1.227205,
0.00314820,-0.002441,1.227205,
0.00314840,-0.002441,1.243452,
0.00314860,-0.002441,1.243452,
0.00314880,0.000000,1.243452,
0.00314900,-0.002441,1.243452,
0.00314920,-0.002441,1.227205,
0.00314940,-0.002441,1.210957,
0.00314960,-0.002441,1.227205,
0.00314980,-0.002441,1.227205,
0.00315000,0.000000,1.243452,
0.00315020,-0.002441,1.243452,
0.00315040,-0.002441,1.259700,
0.00315060,-0.002441,1.243452,
0.00315080,-0.002441,1.227205,
0.00315100,-0.002441,1.227205,
0.00315120,0.000000,1.227205,
0.00315140,-0.002441,1.227205,
0.00315160,-0.002441,1.227205,
0.00315180,0.000000,1.243452,
0.00315200,-0.002441,1.243452,
0.00315220,-0.002441,1.243452,
0.00315240,-0.002441,1.227205,
0.00315260,-0.002441,1.210957,
0.00315280,-0.002441,1.210957,
0.00315300,0.000000,1.227205,
0.00315320,-0.002441,1.243452,
0.00315340,-0.002441,1.243452,
0.00315360,-0.002441,1.243452,
0.00315380,-0.002441,1.227205,
0.00315400,-0.002441,1.227205,
0.00315420,-0.002441,1.227205,
0.00315440,-0.002441,1.227205,
0.00315460,0.000000,1.227205,
0.00315480,-0.002441,1.227205,
0.00315500,-0.002441,1.227205,
0.00315520,-0.002441,1.243452,
0.00315540,0.000000,1.243452,
0.00315560,-0.002441,1.243452,
0.00315580,0.000000,1.227205,
0.00315600,-0.002441,1.210957,
0.00315620,-0.002441,1.210957,
0.00315640,0.000000,1.227205,
0.00315660,0.000000,1.227205,
0.00315680,0.000000,1.259700,
0.00315700,0.000000,1.275947,
0.00315720,-0.002441,1.259700,
0.00315740,-0.002441,1.243452,
0.00315760,-0.002441,1.227205,
0.00315780,0.000000,1.227205,
0.00315800,-0.002441,1.210957,
0.00315820,0.002441,1.210957,
0.00315840,-0.002441,1.227205,
0.00315860,-0.002441,1.227205,
0.00315880,-0.002441,1.243452,
0.00315900,-0.002441,1.243452,
0.00315920,-0.002441,1.227205,
0.00315940,-0.002441,1.243452,
0.00315960,-0.002441,1.243452,
0.00315980,-0.002441,1.243452,
0.00316000,-0.002441,1.243452,
0.00316020,-0.002441,1.227205,
0.00316040,-0.002441,1.210957,
0.00316060,-0.002441,1.227205,
0.00316080,0.000000,1.243452,
0.00316100,0.000000,1.243452,
0.00316120,0.000000,1.243452,
0.00316140,-0.002441,1.227205,
0.00316160,0.000000,1.243452,
0.00316180,-0.002441,1.227205,
0.00316200,-0.002441,1.243452,
0.00316220,-0.002441,1.227205,
0.00316240,-0.002441,1.227205,
0.00316260,-0.002441,1.227205,
0.00316280,0.000000,1.243452,
0.00316300,-0.002441,1.243452,
0.00316320,-0.002441,1.227205,
0.00316340,-0.002441,1.227205,
0.00316360,-0.002441,1.227205,
0.00316380,0.000000,1.227205,
0.00316400,-0.002441,1.210957,
0.00316420,-0.002441,1.210957,
0.00316440,-0.002441,1.227205,
0.00316460,0.000000,1.243452,
0.00316480,0.000000,1.243452,
0.00316500,-0.002441,1.227205,
0.00316520,-0.002441,1.227205,
0.00316540,-0.002441,1.227205,
0.00316560,0.000000,1.227205,
0.00316580,0.000000,1.227205,
0.00316600,-0.002441,1.227205,
0.00316620,-0.002441,1.227205,
0.00316640,0.002441,1.243452,
0.00316660,0.000000,1.227205,
0.00316680,-0.004883,1.227205,
0.00316700,-0.002441,1.227205,
0.00316720,-0.002441,1.227205,
0.00316740,0.000000,1.243452,
0.00316760,-0.002441,1.227205,
0.00316780,0.000000,1.227205,
0.00316800,0.002441,1.243452,
0.00316820,0.000000,1.227205,
0.00316840,-0.002441,1.227205,
0.00316860,-0.002441,1.227205,
0.00316880,0.000000,1.227205,
0.00316900,-0.002441,1.243452,
0.00316920,0.000000,1.243452,
0.00316940,-0.002441,1.243452,
0.00316960,0.000000,1.227205,
0.00316980,-0.002441,1.227205,
0.00317000,-0.002441,1.227205,
0.00317020,0.000000,1.227205,
0.00317040,-0.002441,1.210957,
0.00317060,0.000000,1.227205,
0.00317080,-0.002441,1.243452,
0.00317100,0.000000,1.259700,
0.00317120,-0.002441,1.227205,
0.00317140,-0.002441,1.243452,
0.00317160,0.000000,1.227205,
0.00317180,-0.002441,1.227205,
0.00317200,-0.002441,1.210957,
0.00317220,-0.002441,1.227205,
0.00317240,0.000000,1.227205,
0.00317260,-0.002441,1.227205,
0.00317280,-0.004883,1.227205,
0.00317300,-0.002441,1.243452,
0.00317320,-0.002441,1.243452,
0.00317340,-0.002441,1.243452,
0.00317360,-0.002441,1.227205,
0.00317380,0.000000,1.227205,
0.00317400,0.000000,1.227205,
0.00317420,-0.002441,1.227205,
0.00317440,-0.002441,1.210957,
0.00317460,-0.002441,1.227205,
0.00317480,-0.002441,1.227205,
0.00317500,-0.002441,1.227205,
0.00317520,-0.002441,1.243452,
0.00317540,-0.002441,1.259700,
0.00317560,-0.002441,1.243452,
0.00317580,-0.002441,1.243452,
0.00317600,0.000000,1.227205,
0.00317620,-0.002441,1.227205,
0.00317640,-0.002441,1.227205,
0.00317660,-0.002441,1.227205,
0.00317680,-0.002441,1.227205,
0.00317700,-0.002441,1.243452,
0.00317720,-0.002441,1.243452,
0.00317740,0.000000,1.243452,
0.00317760,-0.002441,1.243452,
0.00317780,-0.002441,1.227205,
0.00317800,-0.002441,1.243452,
0.00317820,-0.002441,1.210957,
0.00317840,-0.002441,1.227205,
0.00317860,0.000000,1.227205,
0.00317880,0.000000,1.243452,
0.00317900,-0.002441,1.243452,
0.00317920,0.000000,1.243452,
0.00317940,-0.002441,1.243452,
0.00317960,0.000000,1.243452,
0.00317980,-0.004883,1.227205,
0.00318000,-0.002441,1.227205,
0.00318020,-0.002441,1.227205,
0.00318040,0.000000,1.243452,
0.00318060,-0.002441,1.243452,
0.00318080,-0.002441,1.243452,
0.00318100,-0.002441,1.243452,
0.00318120,-0.002441,1.227205,
0.00318140,-0.002441,1.227205,
0.00318160,-0.002441,1.227205,
0.00318180,-0.002441,1.243452,
0.00318200,-0.002441,1.243452,
0.00318220,0.000000,1.243452,
0.00318240,-0.004883,1.227205,
0.00318260,0.000000,1.243452,
0.00318280,-0.002441,1.243452,
0.00318300,-0.002441,1.227205,
0.00318320,-0.002441,1.227205,
0.00318340,-0.002441,1.243452,
0.00318360,0.000000,1.243452,
0.00318380,-0.002441,1.243452,
0.00318400,0.000000,1.243452,
0.00318420,-0.002441,1.243452,
0.00318440,-0.002441,1.227205,
0.00318460,-0.002441,1.227205,
0.00318480,0.000000,1.227205,
0.00318500,-0.002441,1.243452,
0.00318520,0.000000,1.243452,
0.00318540,-0.002441,1.243452,
0.00318560,-0.004883,1.243452,
0.00318580,0.000000,1.243452,
0.00318600,-0.002441,1.227205,
0.00318620,-0.002441,1.210957,
0.00318640,-0.002441,1.243452,
0.00318660,-0.002441,1.243452,
0.00318680,0.000000,1.243452,
0.00318700,-0.002441,1.243452,
0.00318720,-0.002441,1.243452,
0.00318740,0.000000,1.243452,
0.00318760,0.000000,1.243452,
0.00318780,-0.004883,1.243452,
0.00318800,-0.002441,1.243452,
0.00318820,0.000000,1.243452,
0.00318840,0.000000,1.243452,
0.00318860,-0.002441,1.227205,
0.00318880,0.000000,1.243452,
0.00318900,0.000000,1.243452,
0.00318920,-0.002441,1.243452,
0.00318940,-0.002441,1.243452,
0.00318960,-0.002441,1.243452,
0.00318980,0.000000,1.243452,
0.00319000,0.000000,1.243452,
0.00319020,-0.002441,1.227205,
0.00319040,-0.002441,1.243452,
0.00319060,0.000000,1.259700,
0.00319080,-0.002441,1.243452,
0.00319100,-0.002441,1.243452,
0.00319120,0.000000,1.227205,
0.00319140,-0.002441,1.227205,
0.00319160,0.000000,1.227205,
0.00319180,-0.002441,1.243452,
0.00319200,0.000000,1.259700,
0.00319220,0.000000,1.275947,
0.00319240,-0.002441,1.259700,
0.00319260,-0.002441,1.243452,
0.00319280,-0.002441,1.227205,
0.00319300,0.000000,1.243452,
0.00319320,-0.002441,1.243452,
0.00319340,-0.002441,1.227205,
0.00319360,-0.002441,1.243452,
0.00319380,0.000000,1.259700,
0.00319400,-0.002441,1.259700,
0.00319420,-0.004883,1.259700,
0.00319440,-0.002441,1.259700,
0.00319460,0.000000,1.243452,
0.00319480,-0.002441,1.243452,
0.00319500,-0.002441,1.243452,
0.00319520,-0.002441,1.243452,
0.00319540,-0.002441,1.243452,
0.00319560,-0.002441,1.243452,
0.00319580,-0.002441,1.243452,
0.00319600,-0.002441,1.259700,
0.00319620,-0.002441,1.259700,
0.00319640,0.000000,1.243452,
0.00319660,-0.002441,1.243452,
0.00319680,-0.002441,1.243452,
0.00319700,-0.002441,1.243452,
0.00319720,0.000000,1.259700,
0.00319740,-0.002441,1.259700,
0.00319760,-0.002441,1.243452,
0.00319780,-0.002441,1.259700,
0.00319800,0.000000,1.243452,
0.00319820,0.000000,1.243452,
0.00319840,-0.002441,1.243452,
0.00319860,0.000000,1.259700,
0.00319880,-0.002441,1.243452,
0.00319900,-0.002441,1.243452,
0.00319920,-0.002441,1.243452,
0.00319940,-0.002441,1.243452,
0.00319960,-0.002441,1.259700,
0.00319980,-0.002441,1.259700,
0.00320000,0.000000,1.259700,
0.00320020,0.000000,1.259700,
0.00320040,-0.002441,1.259700,
0.00320060,-0.002441,1.259700,
0.00320080,-0.004883,1.243452,
0.00320100,-0.002441,1.259700,
0.00320120,-0.004883,1.259700,
0.00320140,-0.002441,1.259700,
0.00320160,-0.002441,1.259700,
0.00320180,-0.002441,1.243452,
0.00320200,0.000000,1.243452,
0.00320220,-0.002441,1.243452,
0.00320240,-0.002441,1.259700,
0.00320260,-0.002441,1.259700,
0.00320280,-0.002441,1.259700,
0.00320300,0.000000,1.259700,
0.00320320,-0.002441,1.243452,
0.00320340,-0.002441,1.259700,
0.00320360,-0.002441,1.275947,
0.00320380,-0.002441,1.259700,
0.00320400,-0.002441,1.243452,
0.00320420,-0.002441,1.259700,
0.00320440,-0.002441,1.259700,
0.00320460,-0.002441,1.259700,
0.00320480,-0.002441,1.259700,
0.00320500,-0.002441,1.243452,
0.00320520,-0.002441,1.243452,
0.00320540,-0.002441,1.259700,
0.00320560,-0.002441,1.259700,
0.00320580,-0.002441,1.243452,
0.00320600,0.000000,1.243452,
0.00320620,0.000000,1.259700,
0.00320640,-0.002441,1.259700,
0.00320660,0.000000,1.259700,
0.00320680,-0.002441,1.243452,
0.00320700,-0.002441,1.227205,
0.00320720,-0.004883,1.243452,
0.00320740,-0.002441,1.259700,
0.00320760,-0.002441,1.259700,
0.00320780,0.000000,1.259700,
0.00320800,-0.002441,1.259700,
0.00320820,0.000000,1.275947,
0.00320840,0.000000,1.259700,
0.00320860,-0.002441,1.243452,
0.00320880,-0.002441,1.259700,
0.00320900,0.000000,1.259700,
0.00320920,-0.002441,1.243452,
0.00320940,-0.004883,1.243452,
0.00320960,-0.002441,1.243452,
0.00320980,0.000000,1.259700,
0.00321000,-0.002441,1.275947,
0.00321020,-0.002441,1.275947,
0.00321040,-0.002441,1.259700,
0.00321060,-0.002441,1.259700,
0.00321080,-0.002441,1.275947,
0.00321100,-0.002441,1.259700,
0.00321120,-0.004883,1.243452,
0.00321140,-0.002441,1.243452,
0.00321160,0.000000,1.243452,
0.00321180,-0.002441,1.243452,
0.00321200,-0.002441,1.243452,
0.00321220,0.000000,1.259700,
0.00321240,-0.002441,1.259700,
0.00321260,0.000000,1.275947,
0.00321280,-0.002441,1.275947,
0.00321300,0.000000,1.259700,
0.00321320,-0.002441,1.259700,
0.00321340,0.000000,1.259700,
0.00321360,-0.002441,1.259700,
0.00321380,-0.002441,1.259700,
0.00321400,-0.002441,1.275947,
0.00321420,-0.002441,1.275947,
0.00321440,0.000000,1.259700,
0.00321460,0.000000,1.259700,
0.00321480,-0.002441,1.243452,
0.00321500,-0.002441,1.259700,
0.00321520,-0.002441,1.259700,
0.00321540,0.000000,1.259700,
0.00321560,-0.002441,1.259700,
0.00321580,0.000000,1.259700,
0.00321600,-0.002441,1.259700,
0.00321620,0.000000,1.275947,
0.00321640,-0.002441,1.259700,
0.00321660,-0.002441,1.259700,
0.00321680,-0.002441,1.259700,
0.00321700,0.000000,1.259700,
0.00321720,-0.002441,1.259700,
0.00321740,0.000000,1.275947,
0.00321760,-0.002441,1.259700,
0.00321780,0.000000,1.275947,
0.00321800,-0.002441,1.259700,
0.00321820,-0.002441,1.259700,
0.00321840,-0.002441,1.243452,
0.00321860,-0.002441,1.259700,
0.00321880,-0.002441,1.259700,
0.00321900,0.000000,1.259700,
0.00321920,0.000000,1.275947,
0.00321940,-0.002441,1.259700,
0.00321960,-0.002441,1.243452,
0.00321980,0.000000,1.259700,
0.00322000,-0.002441,1.259700,
0.00322020,-0.002441,1.259700,
0.00322040,-0.002441,1.259700,
0.00322060,-0.002441,1.275947,
0.00322080,-0.002441,1.275947,
0.00322100,-0.002441,1.275947,
0.00322120,-0.002441,1.259700,
0.00322140,-0.002441,1.259700,
0.00322160,-0.002441,1.259700,
0.00322180,-0.002441,1.275947,
0.00322200,0.000000,1.259700,
0.00322220,0.000000,1.259700,
0.00322240,-0.002441,1.259700,
0.00322260,-0.002441,1.259700,
0.00322280,0.000000,1.275947,
0.00322300,-0.002441,1.275947,
0.00322320,-0.002441,1.259700,
0.00322340,0.000000,1.259700,
0.00322360,0.000000,1.259700,
0.00322380,0.000000,1.275947,
0.00322400,0.000000,1.275947,
0.00322420,0.000000,1.275947,
0.00322440,0.000000,1.259700,
0.00322460,-0.002441,1.259700,
0.00322480,-0.002441,1.259700,
0.00322500,-0.002441,1.275947,
0.00322520,0.000000,1.275947,
0.00322540,0.000000,1.275947,
0.00322560,-0.002441,1.259700,
0.00322580,0.002441,1.275947,
0.00322600,-0.002441,1.275947,
0.00322620,-0.002441,1.259700,
0.00322640,-0.002441,1.243452,
0.00322660,-0.002441,1.243452,
0.00322680,-0.002441,1.259700,
0.00322700,0.000000,1.292195,
0.00322720,0.000000,1.292195,
0.00322740,0.002441,1.292195,
0.00322760,-0.002441,1.275947,
0.00322780,-0.002441,1.275947,
0.00322800,-0.002441,1.243452,
0.00322820,0.000000,1.243452,
0.00322840,0.000000,1.243452,
0.00322860,-0.002441,1.259700,
0.00322880,-0.002441,1.275947,
0.00322900,0.000000,1.275947,
0.00322920,-0.002441,1.292195,
0.00322940,-0.002441,1.292195,
0.00322960,-0.002441,1.275947,
0.00322980,-0.002441,1.275947,
0.00323000,0.000000,1.259700,
0.00323020,0.000000,1.259700,
0.00323040,0.000000,1.275947,
0.00323060,-0.002441,1.259700,
0.00323080,0.002441,1.275947,
0.00323100,-0.002441,1.259700,
0.00323120,-0.002441,1.275947,
0.00323140,-0.002441,1.275947,
0.00323160,0.000000,1.275947,
0.00323180,0.000000,1.275947,
0.00323200,-0.002441,1.259700,
0.00323220,-0.002441,1.259700,
0.00323240,0.000000,1.275947,
0.00323260,0.000000,1.275947,
0.00323280,0.000000,1.275947,
0.00323300,-0.002441,1.275947,
0.00323320,0.000000,1.292195,
0.00323340,0.000000,1.259700,
0.00323360,0.000000,1.275947,
0.00323380,0.000000,1.275947,
0.00323400,-0.002441,1.275947,
0.00323420,0.000000,1.275947,
0.00323440,-0.002441,1.259700,
0.00323460,-0.002441,1.259700,
0.00323480,-0.002441,1.275947,
0.00323500,0.000000,1.292195,
0.00323520,-0.002441,1.275947,
0.00323540,-0.002441,1.275947,
0.00323560,-0.002441,1.275947,
0.00323580,-0.002441,1.259700,
0.00323600,-0.002441,1.275947,
0.00323620,-0.002441,1.292195,
0.00323640,0.000000,1.275947,
0.00323660,0.000000,1.275947,
0.00323680,-0.002441,1.275947,
0.00323700,0.000000,1.292195,
0.00323720,0.000000,1.275947,
0.00323740,0.000000,1.275947,
0.00323760,-0.002441,1.275947,
0.00323780,-0.002441,1.292195,
0.00323800,-0.004883,1.275947,
0.00323820,0.000000,1.275947,
0.00323840,-0.002441,1.275947,
0.00323860,-0.002441,1.275947,
0.00323880,0.000000,1.275947,
0.00323900,-0.002441,1.275947,
0.00323920,-0.002441,1.275947,
0.00323940,-0.002441,1.275947,
0.00323960,-0.002441,1.292195,
0.00323980,0.000000,1.275947,
0.00324000,0.000000,1.275947,
0.00324020,-0.004883,1.275947,
0.00324040,-0.002441,1.275947,
0.00324060,-0.002441,1.275947,
0.00324080,-0.002441,1.275947,
0.00324100,-0.002441,1.292195,
0.00324120,0.000000,1.308443,
0.00324140,-0.002441,1.292195,
0.00324160,-0.002441,1.292195,
0.00324180,0.000000,1.292195,
0.00324200,0.000000,1.292195,
0.00324220,-0.002441,1.275947,
0.00324240,-0.002441,1.275947,
0.00324260,0.000000,1.275947,
0.00324280,0.000000,1.292195,
0.00324300,0.000000,1.292195,
0.00324320,0.000000,1.308443,
0.00324340,-0.002441,1.308443,
0.00324360,0.000000,1.308443,
0.00324380,0.000000,1.292195,
0.00324400,-0.002441,1.275947,
0.00324420,0.000000,1.275947,
0.00324440,0.000000,1.292195,
0.00324460,0.000000,1.292195,
0.00324480,-0.002441,1.292195,
0.00324500,-0.004883,1.275947,
0.00324520,0.000000,1.275947,
0.00324540,-0.002441,1.292195,
0.00324560,-0.002441,1.308443,
0.00324580,0.000000,1.308443,
0.00324600,-0.002441,1.292195,
0.00324620,0.000000,1.308443,
0.00324640,0.000000,1.292195,
0.00324660,-0.002441,1.275947,
0.00324680,0.000000,1.292195,
0.00324700,0.000000,1.275947,
0.00324720,-0.002441,1.275947,
0.00324740,-0.002441,1.292195,
0.00324760,0.000000,1.292195,
0.00324780,-0.002441,1.308443,
0.00324800,0.000000,1.308443,
0.00324820,-0.002441,1.292195,
0.00324840,0.000000,1.292195,
0.00324860,-0.002441,1.292195,
0.00324880,-0.002441,1.308443,
0.00324900,-0.004883,1.292195,
0.00324920,0.000000,1.308443,
0.00324940,-0.002441,1.308443,
0.00324960,0.000000,1.292195,
0.00324980,0.000000,1.292195,
0.00325000,-0.002441,1.292195,
0.00325020,-0.002441,1.292195,
0.00325040,0.000000,1.292195,
0.00325060,-0.002441,1.308443,
0.00325080,-0.002441,1.292195,
0.00325100,0.000000,1.308443,
0.00325120,-0.002441,1.308443,
0.00325140,-0.002441,1.292195,
0.00325160,0.000000,1.308443,
0.00325180,0.000000,1.292195,
0.00325200,-0.002441,1.292195,
0.00325220,-0.002441,1.292195,
0.00325240,-0.002441,1.308443,
0.00325260,-0.002441,1.292195,
0.00325280,0.000000,1.308443,
0.00325300,-0.002441,1.292195,
0.00325320,0.000000,1.308443,
0.00325340,-0.002441,1.308443,
0.00325360,-0.002441,1.308443,
0.00325380,-0.002441,1.308443,
0.00325400,0.000000,1.308443,
0.00325420,-0.002441,1.308443,
0.00325440,0.000000,1.308443,
0.00325460,0.000000,1.292195,
0.00325480,-0.002441,1.292195,
0.00325500,-0.002441,1.292195,
0.00325520,-0.002441,1.292195,
0.00325540,-0.002441,1.308443,
0.00325560,-0.002441,1.308443,
0.00325580,0.000000,1.292195,
0.00325600,-0.004883,1.292195,
0.00325620,0.000000,1.292195,
0.00325640,-0.002441,1.292195,
0.00325660,-0.004883,1.292195,
0.00325680,0.000000,1.292195,
0.00325700,-0.002441,1.292195,
0.00325720,-0.002441,1.308443,
0.00325740,-0.002441,1.308443,
0.00325760,0.000000,1.308443,
0.00325780,-0.002441,1.308443,
0.00325800,0.000000,1.308443,
0.00325820,-0.002441,1.275947,
0.00325840,-0.002441,1.292195,
0.00325860,-0.002441,1.292195,
0.00325880,0.000000,1.308443,
0.00325900,0.002441,1.308443,
0.00325920,0.000000,1.308443,
0.00325940,0.000000,1.292195,
0.00325960,0.000000,1.292195,
0.00325980,0.000000,1.292195,
0.00326000,-0.002441,1.292195,
0.00326020,0.000000,1.292195,
0.00326040,-0.002441,1.308443,
0.00326060,-0.002441,1.308443,
0.00326080,-0.002441,1.308443,
0.00326100,0.000000,1.308443,
0.00326120,-0.002441,1.292195,
0.00326140,-0.002441,1.292195,
0.00326160,-0.002441,1.292195,
0.00326180,-0.002441,1.292195,
0.00326200,0.000000,1.324690,
0.00326220,-0.002441,1.324690,
0.00326240,-0.002441,1.324690,
0.00326260,0.000000,1.308443,
0.00326280,-0.002441,1.292195,
0.00326300,0.000000,1.292195,
0.00326320,-0.002441,1.292195,
0.00326340,-0.002441,1.275947,
0.00326360,0.000000,1.275947,
0.00326380,-0.002441,1.292195,
0.00326400,0.000000,1.308443,
0.00326420,0.000000,1.308443,
0.00326440,0.000000,1.324690,
0.00326460,0.000000,1.308443,
0.00326480,0.000000,1.308443,
0.00326500,-0.002441,1.292195,
0.00326520,-0.002441,1.308443,
0.00326540,-0.002441,1.308443,
0.00326560,0.000000,1.308443,
0.00326580,0.000000,1.292195,
0.00326600,0.000000,1.292195,
0.00326620,-0.002441,1.292195,
0.00326640,0.000000,1.292195,
0.00326660,-0.002441,1.292195,
0.00326680,0.000000,1.308443,
0.00326700,0.000000,1.308443,
0.00326720,0.000000,1.308443,
0.00326740,-0.002441,1.292195,
0.00326760,0.000000,1.308443,
0.00326780,-0.002441,1.308443,
0.00326800,0.000000,1.292195,
0.00326820,-0.002441,1.292195,
0.00326840,0.000000,1.292195,
0.00326860,-0.002441,1.308443,
0.00326880,-0.002441,1.292195,
0.00326900,-0.002441,1.292195,
0.00326920,-0.002441,1.308443,
0.00326940,0.000000,1.308443,
0.00326960,-0.004883,1.292195,
0.00326980,-0.002441,1.292195,
0.00327000,0.000000,1.308443,
0.00327020,0.000000,1.308443,
0.00327040,0.000000,1.308443,
0.00327060,0.000000,1.292195,
0.00327080,-0.002441,1.308443,
0.00327100,0.000000,1.308443,
0.00327120,-0.002441,1.308443,
0.00327140,-0.002441,1.292195,
0.00327160,0.000000,1.292195,
0.00327180,-0.002441,1.292195,
0.00327200,0.000000,1.308443,
0.00327220,0.000000,1.308443,
0.00327240,-0.004883,1.308443,
0.00327260,-0.002441,1.292195,
0.00327280,-0.002441,1.308443,
0.00327300,-0.002441,1.308443,
0.00327320,-0.002441,1.324690,
0.00327340,0.000000,1.308443,
0.00327360,0.000000,1.308443,
0.00327380,0.000000,1.308443,
0.00327400,0.000000,1.308443,
0.00327420,-0.002441,1.292195,
0.00327440,-0.002441,1.308443,
0.00327460,-0.002441,1.308443,
0.00327480,0.002441,1.324690,
0.00327500,0.000000,1.308443,
0.00327520,-0.002441,1.308443,
0.00327540,-0.002441,1.292195,
0.00327560,0.000000,1.324690,
0.00327580,-0.002441,1.292195,
0.00327600,0.000000,1.292195,
0.00327620,-0.002441,1.292195,
0.00327640,0.000000,1.308443,
0.00327660,-0.002441,1.308443,
0.00327680,0.000000,1.308443,
0.00327700,-0.002441,1.308443,
0.00327720,-0.002441,1.308443,
0.00327740,-0.002441,1.324690,
0.00327760,0.000000,1.324690,
0.00327780,-0.002441,1.308443,
0.00327800,0.000000,1.308443,
0.00327820,0.002441,1.324690,
0.00327840,0.000000,1.308443,
0.00327860,0.000000,1.324690,
0.00327880,-0.002441,1.308443,
0.00327900,-0.002441,1.308443,
0.00327920,-0.002441,1.308443,
0.00327940,-0.002441,1.292195,
0.00327960,0.000000,1.292195,
0.00327980,-0.002441,1.308443,
0.00328000,-0.002441,1.308443,
0.00328020,-0.002441,1.308443,
0.00328040,-0.002441,1.308443,
0.00328060,-0.002441,1.308443,
0.00328080,-0.002441,1.324690,
0.00328100,0.000000,1.324690,
0.00328120,-0.002441,1.324690,
0.00328140,0.000000,1.308443,
0.00328160,0.000000,1.308443,
0.00328180,-0.002441,1.292195,
0.00328200,0.000000,1.292195,
0.00328220,0.000000,1.308443,
0.00328240,0.000000,1.308443,
0.00328260,-0.002441,1.324690,
0.00328280,-0.002441,1.308443,
0.00328300,0.000000,1.308443,
0.00328320,0.000000,1.324690,
0.00328340,-0.002441,1.308443,
0.00328360,0.002441,1.308443,
0.00328380,0.000000,1.308443,
0.00328400,-0.002441,1.308443,
0.00328420,-0.002441,1.308443,
0.00328440,-0.002441,1.308443,
0.00328460,-0.002441,1.308443,
0.00328480,-0.002441,1.324690,
0.00328500,0.000000,1.324690,
0.00328520,0.002441,1.308443,
0.00328540,-0.002441,1.308443,
0.00328560,-0.002441,1.308443,
0.00328580,-0.002441,1.308443,
0.00328600,-0.002441,1.292195,
0.00328620,0.000000,1.308443,
0.00328640,-0.002441,1.308443,
0.00328660,-0.002441,1.324690,
0.00328680,0.000000,1.308443,
0.00328700,0.000000,1.324690,
0.00328720,-0.002441,1.308443,
0.00328740,-0.002441,1.308443,
0.00328760,-0.002441,1.324690,
0.00328780,0.000000,1.324690,
0.00328800,0.000000,1.308443,
0.00328820,0.000000,1.308443,
0.00328840,-0.002441,1.308443,
0.00328860,0.002441,1.324690,
0.00328880,-0.002441,1.324690,
0.00328900,-0.002441,1.324690,
0.00328920,-0.002441,1.308443,
0.00328940,0.000000,1.308443,
0.00328960,0.000000,1.308443,
0.00328980,0.000000,1.308443,
0.00329000,-0.002441,1.308443,
0.00329020,0.000000,1.324690,
0.00329040,-0.002441,1.308443,
0.00329060,-0.002441,1.308443,
0.00329080,-0.002441,1.308443,
0.00329100,-0.002441,1.308443,
0.00329120,-0.002441,1.324690,
0.00329140,0.000000,1.308443,
0.00329160,-0.002441,1.292195,
0.00329180,-0.002441,1.308443,
0.00329200,0.000000,1.308443,
0.00329220,-0.002441,1.308443,
0.00329240,-0.002441,1.324690,
0.00329260,-0.002441,1.308443,
0.00329280,0.000000,1.308443,
0.00329300,-0.002441,1.324690,
0.00329320,0.000000,1.308443,
0.00329340,0.000000,1.324690,
0.00329360,-0.002441,1.292195,
0.00329380,-0.002441,1.292195,
0.00329400,0.000000,1.308443,
0.00329420,-0.002441,1.324690,
0.00329440,0.000000,1.324690,
0.00329460,-0.002441,1.308443,
0.00329480,0.000000,1.308443,
0.00329500,-0.002441,1.308443,
0.00329520,0.000000,1.308443,
0.00329540,-0.002441,1.308443,
0.00329560,0.000000,1.308443,
0.00329580,0.000000,1.308443,
0.00329600,0.000000,1.308443,
0.00329620,0.000000,1.308443,
0.00329640,-0.002441,1.308443,
0.00329660,-0.002441,1.308443,
0.00329680,0.000000,1.292195,
0.00329700,-0.002441,1.292195,
0.00329720,-0.002441,1.308443,
0.00329740,-0.002441,1.324690,
0.00329760,-0.002441,1.324690,
0.00329780,-0.002441,1.324690,
0.00329800,-0.004883,1.308443,
0.00329820,0.000000,1.308443,
0.00329840,0.000000,1.292195,
0.00329860,-0.002441,1.275947,
0.00329880,0.000000,1.292195,
0.00329900,0.000000,1.324690,
0.00329920,-0.002441,1.324690,
0.00329940,0.000000,1.324690,
0.00329960,0.000000,1.324690,
0.00329980,0.000000,1.324690,
0.00330000,-0.002441,1.308443,
0.00330020,-0.002441,1.308443,
0.00330040,-0.002441,1.308443,
0.00330060,0.000000,1.324690,
0.00330080,0.000000,1.308443,
0.00330100,0.000000,1.308443,
0.00330120,-0.002441,1.308443,
0.00330140,-0.002441,1.308443,
0.00330160,-0.002441,1.292195,
0.00330180,-0.002441,1.292195,
0.00330200,-0.002441,1.292195,
0.00330220,-0.002441,1.324690,
0.00330240,-0.002441,1.308443,
0.00330260,0.000000,1.308443,
0.00330280,0.000000,1.308443,
0.00330300,0.000000,1.308443,
0.00330320,-0.002441,1.308443,
0.00330340,-0.002441,1.308443,
0.00330360,-0.002441,1.292195,
0.00330380,-0.002441,1.292195,
0.00330400,0.000000,1.308443,
0.00330420,0.000000,1.308443,
0.00330440,0.000000,1.308443,
0.00330460,0.000000,1.308443,
0.00330480,-0.002441,1.308443,
0.00330500,-0.002441,1.308443,
0.00330520,-0.002441,1.292195,
0.00330540,0.000000,1.308443,
0.00330560,0.000000,1.308443,
0.00330580,-0.002441,1.308443,
0.00330600,-0.002441,1.324690,
0.00330620,0.000000,1.308443,
0.00330640,-0.002441,1.308443,
0.00330660,-0.002441,1.308443,
0.00330680,-0.004883,1.292195,
0.00330700,0.000000,1.308443,
0.00330720,-0.002441,1.308443,
0.00330740,0.000000,1.308443,
0.00330760,-0.002441,1.308443,
0.00330780,-0.002441,1.308443,
0.00330800,-0.002441,1.308443,
0.00330820,-0.002441,1.292195,
0.00330840,-0.002441,1.292195,
0.00330860,0.000000,1.308443,
0.00330880,0.000000,1.324690,
0.00330900,0.000000,1.308443,
0.00330920,0.000000,1.308443,
0.00330940,0.000000,1.308443,
0.00330960,-0.002441,1.292195,
0.00330980,-0.002441,1.308443,
0.00331000,-0.002441,1.292195,
0.00331020,-0.002441,1.308443,
0.00331040,-0.002441,1.308443,
0.00331060,0.000000,1.292195,
0.00331080,-0.002441,1.308443,
0.00331100,0.000000,1.308443,
0.00331120,-0.002441,1.308443,
0.00331140,-0.002441,1.292195,
0.00331160,0.000000,1.292195,
0.00331180,-0.002441,1.308443,
0.00331200,0.000000,1.324690,
0.00331220,0.000000,1.308443,
0.00331240,-0.002441,1.292195,
0.00331260,0.000000,1.308443,
0.00331280,0.000000,1.308443,
0.00331300,-0.002441,1.308443,
0.00331320,-0.002441,1.308443,
0.00331340,-0.002441,1.308443,
0.00331360,0.000000,1.308443,
0.00331380,0.000000,1.324690,
0.00331400,-0.002441,1.308443,
0.00331420,0.000000,1.308443,
0.00331440,0.000000,1.292195,
0.00331460,-0.002441,1.292195,
0.00331480,-0.002441,1.308443,
0.00331500,0.000000,1.292195,
0.00331520,0.000000,1.292195,
0.00331540,-0.002441,1.308443,
0.00331560,-0.002441,1.308443,
0.00331580,-0.002441,1.324690,
0.00331600,-0.002441,1.324690,
0.00331620,0.000000,1.324690,
0.00331640,-0.002441,1.308443,
0.00331660,-0.002441,1.308443,
0.00331680,-0.002441,1.292195,
0.00331700,-0.002441,1.292195,
0.00331720,-0.002441,1.292195,
0.00331740,-0.002441,1.308443,
0.00331760,-0.002441,1.308443,
0.00331780,-0.002441,1.308443,
0.00331800,-0.004883,1.308443,
0.00331820,0.000000,1.308443,
0.00331840,0.000000,1.308443,
0.00331860,0.000000,1.308443,
0.00331880,0.000000,1.308443,
0.00331900,0.000000,1.308443,
0.00331920,0.000000,1.308443,
0.00331940,-0.002441,1.292195,
0.00331960,-0.002441,1.292195,
0.00331980,0.000000,1.308443,
0.00332000,0.000000,1.308443,
0.00332020,-0.002441,1.324690,
0.00332040,0.000000,1.308443,
0.00332060,-0.002441,1.292195,
0.00332080,0.000000,1.308443,
0.00332100,-0.002441,1.308443,
0.00332120,-0.002441,1.292195,
0.00332140,0.000000,1.308443,
0.00332160,-0.002441,1.308443,
0.00332180,-0.002441,1.308443,
0.00332200,0.000000,1.308443,
0.00332220,0.000000,1.292195,
0.00332240,0.000000,1.308443,
0.00332260,0.000000,1.308443,
0.00332280,-0.002441,1.292195,
0.00332300,0.000000,1.308443,
0.00332320,0.000000,1.308443,
0.00332340,-0.002441,1.308443,
0.00332360,-0.002441,1.308443,
0.00332380,0.000000,1.308443,
0.00332400,0.000000,1.308443,
0.00332420,0.000000,1.308443,
0.00332440,-0.002441,1.308443,
0.00332460,0.000000,1.308443,
0.00332480,0.000000,1.292195,
0.00332500,-0.002441,1.292195,
0.00332520,-0.002441,1.292195,
0.00332540,-0.004883,1.308443,
0.00332560,-0.002441,1.308443,
0.00332580,0.000000,1.308443,
0.00332600,-0.002441,1.292195,
0.00332620,0.000000,1.308443,
0.00332640,-0.002441,1.292195,
0.00332660,0.000000,1.308443,
0.00332680,-0.002441,1.308443,
0.00332700,-0.002441,1.308443,
0.00332720,-0.002441,1.292195,
0.00332740,-0.002441,1.292195,
0.00332760,0.000000,1.292195,
0.00332780,-0.002441,1.308443,
0.00332800,0.000000,1.308443,
0.00332820,-0.002441,1.292195,
0.00332840,-0.002441,1.292195,
0.00332860,-0.002441,1.292195,
0.00332880,-0.002441,1.292195,
0.00332900,-0.002441,1.292195,
0.00332920,-0.002441,1.292195,
0.00332940,-0.002441,1.292195,
0.00332960,0.000000,1.292195,
0.00332980,-0.002441,1.292195,
0.00333000,-0.002441,1.292195,
0.00333020,0.000000,1.308443,
0.00333040,-0.002441,1.292195,
0.00333060,-0.002441,1.292195,
0.00333080,-0.002441,1.275947,
0.00333100,-0.002441,1.292195,
0.00333120,-0.002441,1.292195,
0.00333140,-0.004883,1.275947,
0.00333160,-0.002441,1.275947,
0.00333180,0.000000,1.292195,
0.00333200,0.000000,1.292195,
0.00333220,-0.002441,1.292195,
0.00333240,-0.002441,1.308443,
0.00333260,-0.002441,1.308443,
0.00333280,-0.002441,1.308443,
0.00333300,-0.002441,1.308443,
0.00333320,-0.002441,1.292195,
0.00333340,-0.002441,1.292195,
0.00333360,-0.002441,1.259700,
0.00333380,-0.002441,1.275947,
0.00333400,-0.002441,1.275947,
0.00333420,0.000000,1.292195,
0.00333440,0.000000,1.292195,
0.00333460,-0.002441,1.308443,
0.00333480,-0.002441,1.292195,
0.00333500,0.000000,1.292195,
0.00333520,0.000000,1.292195,
0.00333540,-0.002441,1.292195,
0.00333560,-0.002441,1.292195,
0.00333580,-0.002441,1.292195,
0.00333600,0.000000,1.308443,
0.00333620,0.000000,1.308443,
0.00333640,-0.002441,1.275947,
0.00333660,0.000000,1.275947,
0.00333680,-0.002441,1.292195,
0.00333700,-0.002441,1.292195,
0.00333720,-0.002441,1.292195,
0.00333740,-0.002441,1.292195,
0.00333760,-0.002441,1.292195,
0.00333780,0.000000,1.292195,
0.00333800,-0.002441,1.292195,
0.00333820,0.002441,1.292195,
0.00333840,0.000000,1.292195,
0.00333860,-0.002441,1.275947,
0.00333880,0.000000,1.275947,
0.00333900,-0.002441,1.275947,
0.00333920,0.000000,1.292195,
0.00333940,0.000000,1.292195,
0.00333960,-0.002441,1.275947,
0.00333980,0.004883,1.292195,
0.00334000,0.002441,1.292195,
0.00334020,0.000000,1.292195,
0.00334040,-0.002441,1.275947,
0.00334060,0.000000,1.259700,
0.00334080,-0.002441,1.275947,
0.00334100,-0.002441,1.275947,
0.00334120,-0.002441,1.292195,
0.00334140,0.000000,1.292195,
0.00334160,0.000000,1.275947,
0.00334180,-0.002441,1.275947,
0.00334200,-0.002441,1.275947,
0.00334220,-0.002441,1.259700,
0.00334240,0.000000,1.275947,
0.00334260,0.000000,1.292195,
0.00334280,-0.002441,1.292195,
0.00334300,-0.002441,1.292195,
0.00334320,0.000000,1.292195,
0.00334340,-0.002441,1.275947,
0.00334360,-0.004883,1.275947,
0.00334380,-0.002441,1.275947,
0.00334400,-0.002441,1.275947,
0.00334420,0.000000,1.292195,
0.00334440,0.000000,1.292195,
0.00334460,-0.002441,1.292195,
0.00334480,0.000000,1.275947,
0.00334500,0.000000,1.275947,
0.00334520,-0.002441,1.275947,
0.00334540,-0.002441,1.275947,
0.00334560,0.000000,1.275947,
0.00334580,-0.002441,1.292195,
0.00334600,-0.002441,1.275947,
0.00334620,-0.002441,1.275947,
0.00334640,-0.002441,1.275947,
0.00334660,-0.002441,1.275947,
0.00334680,-0.002441,1.275947,
0.00334700,-0.002441,1.259700,
0.00334720,-0.002441,1.275947,
0.00334740,0.000000,1.275947,
0.00334760,0.000000,1.275947,
0.00334780,0.000000,1.275947,
0.00334800,-0.002441,1.275947,
0.00334820,0.000000,1.292195,
0.00334840,0.000000,1.292195,
0.00334860,-0.002441,1.292195,
0.00334880,0.000000,1.292195,
0.00334900,-0.002441,1.275947,
0.00334920,0.000000,1.275947,
0.00334940,-0.002441,1.275947,
0.00334960,0.000000,1.275947,
0.00334980,0.000000,1.275947,
0.00335000,-0.002441,1.275947,
0.00335020,0.000000,1.275947,
0.00335040,-0.002441,1.275947,
0.00335060,0.000000,1.275947,
0.00335080,0.000000,1.292195,
0.00335100,-0.002441,1.308443,
0.00335120,-0.002441,1.275947,
0.00335140,-0.002441,1.275947,
0.00335160,-0.002441,1.259700,
0.00335180,-0.002441,1.259700,
0.00335200,-0.002441,1.259700,
0.00335220,0.000000,1.259700,
0.00335240,-0.002441,1.275947,
0.00335260,-0.002441,1.292195,
0.00335280,-0.002441,1.292195,
0.00335300,-0.002441,1.275947,
0.00335320,-0.002441,1.259700,
0.00335340,-0.002441,1.259700,
0.00335360,-0.002441,1.259700,
0.00335380,0.000000,1.275947,
0.00335400,-0.002441,1.275947,
0.00335420,-0.004883,1.259700,
0.00335440,-0.002441,1.275947,
0.00335460,-0.002441,1.292195,
0.00335480,-0.002441,1.275947,
0.00335500,-0.002441,1.275947,
0.00335520,-0.002441,1.275947,
0.00335540,0.000000,1.275947,
0.00335560,-0.002441,1.259700,
0.00335580,0.000000,1.275947,
0.00335600,0.000000,1.292195,
0.00335620,-0.002441,1.275947,
0.00335640,-0.002441,1.275947,
0.00335660,-0.002441,1.275947,
0.00335680,-0.002441,1.275947,
0.00335700,-0.002441,1.259700,
0.00335720,-0.002441,1.275947,
0.00335740,-0.002441,1.275947,
0.00335760,-0.002441,1.292195,
0.00335780,-0.002441,1.275947,
0.00335800,-0.002441,1.275947,
0.00335820,-0.002441,1.275947,
0.00335840,-0.002441,1.275947,
0.00335860,0.000000,1.275947,
0.00335880,-0.002441,1.275947,
0.00335900,0.000000,1.275947,
0.00335920,0.000000,1.275947,
0.00335940,-0.002441,1.275947,
0.00335960,-0.002441,1.259700,
0.00335980,-0.002441,1.259700,
0.00336000,0.000000,1.275947,
0.00336020,-0.002441,1.292195,
0.00336040,0.000000,1.275947,
0.00336060,-0.002441,1.275947,
0.00336080,0.000000,1.275947,
0.00336100,-0.002441,1.259700,
0.00336120,-0.004883,1.259700,
0.00336140,-0.002441,1.275947,
0.00336160,0.000000,1.275947,
0.00336180,-0.004883,1.275947,
0.00336200,-0.002441,1.275947,
0.00336220,-0.002441,1.259700,
0.00336240,0.000000,1.275947,
0.00336260,-0.002441,1.259700,
0.00336280,-0.002441,1.275947,
0.00336300,-0.002441,1.259700,
0.00336320,0.000000,1.275947,
0.00336340,0.000000,1.275947,
0.00336360,-0.004883,1.259700,
0.00336380,-0.002441,1.275947,
0.00336400,-0.002441,1.292195,
0.00336420,-0.002441,1.275947,
0.00336440,-0.002441,1.275947,
0.00336460,-0.002441,1.243452,
0.00336480,0.000000,1.259700,
0.00336500,0.000000,1.259700,
0.00336520,-0.002441,1.259700,
0.00336540,-0.002441,1.275947,
0.00336560,0.000000,1.259700,
0.00336580,-0.002441,1.275947,
0.00336600,0.000000,1.259700,
0.00336620,-0.002441,1.259700,
0.00336640,-0.002441,1.275947,
0.00336660,-0.002441,1.259700,
0.00336680,-0.002441,1.243452,
0.00336700,0.000000,1.259700,
0.00336720,-0.002441,1.259700,
0.00336740,-0.002441,1.275947,
0.00336760,-0.002441,1.275947,
0.00336780,-0.002441,1.275947,
0.00336800,-0.002441,1.275947,
0.00336820,-0.002441,1.259700,
0.00336840,-0.002441,1.259700,
0.00336860,-0.002441,1.243452,
0.00336880,0.000000,1.243452,
0.00336900,-0.002441,1.243452,
0.00336920,-0.002441,1.259700,
0.00336940,-0.002441,1.259700,
0.00336960,0.000000,1.275947,
0.00336980,0.000000,1.292195,
0.00337000,-0.002441,1.275947,
0.00337020,-0.002441,1.259700,
0.00337040,-0.002441,1.259700,
0.00337060,0.000000,1.259700,
0.00337080,-0.002441,1.259700,
0.00337100,-0.002441,1.243452,
0.00337120,0.000000,1.259700,
0.00337140,0.000000,1.259700,
0.00337160,-0.002441,1.275947,
0.00337180,0.000000,1.275947,
0.00337200,0.000000,1.259700,
0.00337220,-0.002441,1.243452,
0.00337240,-0.002441,1.243452,
0.00337260,-0.002441,1.243452,
0.00337280,0.000000,1.243452,
0.00337300,-0.002441,1.259700,
0.00337320,-0.004883,1.259700,
0.00337340,-0.002441,1.259700,
0.00337360,0.000000,1.259700,
0.00337380,-0.002441,1.259700,
0.00337400,-0.002441,1.259700,
0.00337420,0.000000,1.259700,
0.00337440,-0.002441,1.259700,
0.00337460,0.000000,1.259700,
0.00337480,0.000000,1.259700,
0.00337500,0.000000,1.243452,
0.00337520,-0.002441,1.243452,
0.00337540,0.000000,1.259700,
0.00337560,-0.002441,1.259700,
0.00337580,-0.002441,1.259700,
0.00337600,-0.002441,1.259700,
0.00337620,-0.002441,1.243452,
0.00337640,-0.002441,1.259700,
0.00337660,-0.002441,1.259700,
0.00337680,-0.002441,1.243452,
0.00337700,0.000000,1.243452,
0.00337720,-0.002441,1.243452,
0.00337740,-0.002441,1.243452,
0.00337760,0.000000,1.259700,
0.00337780,0.000000,1.259700,
0.00337800,-0.002441,1.243452,
0.00337820,0.000000,1.243452,
0.00337840,0.000000,1.243452,
0.00337860,-0.002441,1.243452,
0.00337880,-0.002441,1.243452,
0.00337900,-0.002441,1.243452,
0.00337920,-0.002441,1.243452,
0.00337940,-0.002441,1.243452,
0.00337960,-0.002441,1.259700,
0.00337980,0.000000,1.259700,
0.00338000,-0.002441,1.259700,
0.00338020,-0.002441,1.243452,
0.00338040,-0.004883,1.227205,
0.00338060,-0.002441,1.227205,
0.00338080,-0.002441,1.243452,
0.00338100,-0.002441,1.243452,
0.00338120,-0.002441,1.259700,
0.00338140,-0.002441,1.243452,
0.00338160,-0.002441,1.259700,
0.00338180,-0.002441,1.243452,
0.00338200,-0.002441,1.243452,
0.00338220,-0.002441,1.227205,
0.00338240,-0.002441,1.243452,
0.00338260,-0.002441,1.243452,
0.00338280,-0.002441,1.259700,
0.00338300,-0.002441,1.243452,
0.00338320,-0.002441,1.259700,
0.00338340,-0.002441,1.243452,
0.00338360,-0.002441,1.243452,
0.00338380,-0.002441,1.243452,
0.00338400,-0.002441,1.259700,
0.00338420,-0.002441,1.243452,
0.00338440,-0.002441,1.243452,
0.00338460,-0.002441,1.227205,
0.00338480,-0.002441,1.227205,
0.00338500,-0.002441,1.227205,
0.00338520,-0.002441,1.227205,
0.00338540,-0.002441,1.227205,
0.00338560,-0.002441,1.243452,
0.00338580,0.000000,1.259700,
0.00338600,-0.002441,1.275947,
0.00338620,0.000000,1.259700,
0.00338640,-0.002441,1.259700,
0.00338660,-0.002441,1.227205,
0.00338680,0.000000,1.227205,
0.00338700,-0.002441,1.227205,
0.00338720,-0.002441,1.243452,
0.00338740,0.000000,1.259700,
0.00338760,0.000000,1.259700,
0.00338780,0.000000,1.243452,
0.00338800,-0.002441,1.243452,
0.00338820,-0.002441,1.243452,
0.00338840,-0.002441,1.243452,
0.00338860,-0.002441,1.243452,
0.00338880,0.000000,1.243452,
0.00338900,-0.002441,1.243452,
0.00338920,0.000000,1.243452,
0.00338940,-0.002441,1.227205,
0.00338960,0.000000,1.259700,
0.00338980,-0.002441,1.259700,
0.00339000,-0.002441,1.243452,
0.00339020,-0.002441,1.243452,
0.00339040,-0.002441,1.227205,
0.00339060,0.000000,1.243452,
0.00339080,0.002441,1.243452,
0.00339100,-0.002441,1.243452,
0.00339120,-0.002441,1.259700,
0.00339140,-0.002441,1.243452,
0.00339160,-0.002441,1.243452,
0.00339180,-0.002441,1.227205,
0.00339200,-0.002441,1.243452,
0.00339220,0.000000,1.243452,
0.00339240,-0.002441,1.243452,
0.00339260,0.000000,1.227205,
0.00339280,-0.002441,1.259700,
0.00339300,-0.002441,1.243452,
0.00339320,-0.002441,1.243452,
0.00339340,-0.002441,1.243452,
0.00339360,0.000000,1.227205,
0.00339380,0.000000,1.243452,
0.00339400,0.000000,1.243452,
0.00339420,0.000000,1.243452,
0.00339440,-0.002441,1.227205,
0.00339460,-0.002441,1.243452,
0.00339480,-0.002441,1.227205,
0.00339500,-0.002441,1.227205,
0.00339520,0.000000,1.259700,
0.00339540,-0.002441,1.259700,
0.00339560,-0.002441,1.243452,
0.00339580,0.000000,1.243452,
0.00339600,0.000000,1.227205,
0.00339620,0.000000,1.243452,
0.00339640,-0.004883,1.227205,
0.00339660,0.000000,1.243452,
0.00339680,-0.002441,1.243452,
0.00339700,-0.002441,1.243452,
0.00339720,0.000000,1.243452,
0.00339740,0.000000,1.243452,
0.00339760,0.004883,1.243452,
0.00339780,-0.002441,1.243452,
0.00339800,0.000000,1.227205,
0.00339820,-0.002441,1.227205,
0.00339840,0.000000,1.243452,
0.00339860,-0.004883,1.243452,
0.00339880,-0.002441,1.243452,
0.00339900,-0.002441,1.243452,
0.00339920,0.002441,1.243452,
0.00339940,-0.002441,1.243452,
0.00339960,-0.002441,1.243452,
0.00339980,-0.002441,1.243452,
0.00340000,-0.002441,1.227205,
0.00340020,-0.002441,1.227205,
0.00340040,-0.002441,1.243452,
0.00340060,-0.002441,1.243452,
0.00340080,0.000000,1.259700,
0.00340100,-0.002441,1.243452,
0.00340120,0.000000,1.243452,
0.00340140,-0.004883,1.227205,
0.00340160,-0.002441,1.227205,
0.00340180,0.000000,1.227205,
0.00340200,0.000000,1.227205,
0.00340220,-0.002441,1.227205,
0.00340240,-0.002441,1.227205,
0.00340260,-0.002441,1.259700,
0.00340280,-0.002441,1.259700,
0.00340300,-0.002441,1.259700,
0.00340320,-0.002441,1.243452,
0.00340340,-0.002441,1.227205,
0.00340360,-0.002441,1.227205,
0.00340380,-0.002441,1.210957,
0.00340400,-0.002441,1.210957,
0.00340420,-0.002441,1.243452,
0.00340440,-0.002441,1.243452,
0.00340460,-0.002441,1.243452,
0.00340480,0.000000,1.259700,
0.00340500,0.000000,1.243452,
0.00340520,-0.002441,1.227205,
0.00340540,0.000000,1.243452,
0.00340560,0.000000,1.227205,
0.00340580,-0.002441,1.227205,
0.00340600,0.000000,1.227205,
0.00340620,-0.002441,1.227205,
0.00340640,-0.002441,1.243452,
0.00340660,-0.004883,1.227205,
0.00340680,0.000000,1.243452,
0.00340700,0.000000,1.243452,
0.00340720,0.002441,1.243452,
0.00340740,-0.002441,1.243452,
0.00340760,-0.004883,1.227205,
0.00340780,-0.002441,1.227205,
0.00340800,-0.002441,1.227205,
0.00340820,-0.002441,1.227205,
0.00340840,-0.002441,1.243452,
0.00340860,-0.002441,1.243452,
0.00340880,-0.002441,1.243452,
0.00340900,-0.002441,1.243452,
0.00340920,-0.002441,1.227205,
0.00340940,-0.002441,1.227205,
0.00340960,0.000000,1.243452,
0.00340980,0.000000,1.243452,
0.00341000,0.000000,1.243452,
0.00341020,-0.002441,1.227205,
0.00341040,0.000000,1.243452,
0.00341060,-0.002441,1.243452,
0.00341080,-0.002441,1.243452,
0.00341100,-0.004883,1.227205,
0.00341120,-0.002441,1.227205,
0.00341140,-0.002441,1.227205,
0.00341160,0.000000,1.243452,
0.00341180,-0.002441,1.227205,
0.00341200,-0.002441,1.227205,
0.00341220,-0.002441,1.227205,
0.00341240,0.000000,1.243452,
0.00341260,-0.002441,1.227205,
0.00341280,-0.002441,1.227205,
0.00341300,0.000000,1.227205,
0.00341320,0.000000,1.243452,
0.00341340,-0.002441,1.227205,
0.00341360,-0.004883,1.227205,
0.00341380,-0.002441,1.227205,
0.00341400,0.000000,1.227205,
0.00341420,-0.002441,1.227205,
0.00341440,-0.002441,1.227205,
0.00341460,-0.002441,1.243452,
0.00341480,-0.002441,1.243452,
0.00341500,-0.002441,1.227205,
0.00341520,0.000000,1.227205,
0.00341540,-0.002441,1.227205,
0.00341560,-0.002441,1.227205,
0.00341580,-0.002441,1.227205,
0.00341600,-0.002441,1.227205,
0.00341620,-0.002441,1.243452,
0.00341640,0.000000,1.243452,
0.00341660,0.000000,1.243452,
0.00341680,-0.002441,1.227205,
0.00341700,0.000000,1.227205,
0.00341720,-0.002441,1.210957,
0.00341740,-0.002441,1.227205,
0.00341760,-0.002441,1.243452,
0.00341780,0.000000,1.243452,
0.00341800,-0.002441,1.243452,
0.00341820,-0.002441,1.227205,
0.00341840,-0.002441,1.243452,
0.00341860,0.000000,1.243452,
0.00341880,-0.002441,1.243452,
0.00341900,-0.002441,1.227205,
0.00341920,-0.002441,1.227205,
0.00341940,0.000000,1.227205,
0.00341960,0.000000,1.227205,
0.00341980,0.000000,1.227205,
0.00342000,0.000000,1.227205,
0.00342020,0.000000,1.227205,
0.00342040,-0.002441,1.227205,
0.00342060,-0.002441,1.227205,
0.00342080,-0.002441,1.227205,
0.00342100,0.000000,1.243452,
0.00342120,-0.002441,1.243452,
0.00342140,-0.002441,1.243452,
0.00342160,-0.002441,1.227205,
0.00342180,0.000000,1.227205,
0.00342200,-0.002441,1.227205,
0.00342220,-0.002441,1.210957,
0.00342240,-0.002441,1.210957,
0.00342260,0.000000,1.243452,
0.00342280,-0.002441,1.243452,
0.00342300,0.000000,1.243452,
0.00342320,-0.002441,1.243452,
0.00342340,-0.002441,1.243452,
0.00342360,0.000000,1.227205,
0.00342380,-0.002441,1.227205,
0.00342400,-0.002441,1.227205,
0.00342420,0.000000,1.227205,
0.00342440,0.000000,1.227205,
0.00342460,-0.002441,1.227205,
0.00342480,-0.002441,1.227205,
0.00342500,-0.002441,1.243452,
0.00342520,0.000000,1.243452,
0.00342540,-0.002441,1.227205,
0.00342560,-0.002441,1.227205,
0.00342580,-0.004883,1.227205,
0.00342600,0.000000,1.227205,
0.00342620,-0.002441,1.227205,
0.00342640,0.000000,1.243452,
0.00342660,-0.002441,1.243452,
0.00342680,0.000000,1.227205,
0.00342700,-0.002441,1.210957,
0.00342720,-0.002441,1.227205,
0.00342740,0.000000,1.227205,
0.00342760,-0.002441,1.227205,
0.00342780,-0.002441,1.243452,
0.00342800,-0.002441,1.243452,
0.00342820,0.000000,1.243452,
0.00342840,0.000000,1.227205,
0.00342860,-0.002441,1.227205,
0.00342880,-0.002441,1.227205,
0.00342900,-0.002441,1.243452,
0.00342920,0.000000,1.227205,
0.00342940,-0.002441,1.227205,
0.00342960,-0.002441,1.227205,
0.00342980,0.000000,1.227205,
0.00343000,0.000000,1.227205,
0.00343020,-0.002441,1.243452,
0.00343040,-0.002441,1.243452,
0.00343060,0.000000,1.243452,
0.00343080,-0.002441,1.227205,
0.00343100,0.000000,1.227205,
0.00343120,0.000000,1.227205,
0.00343140,0.000000,1.227205,
0.00343160,0.000000,1.227205,
0.00343180,-0.002441,1.227205,
0.00343200,-0.002441,1.243452,
0.00343220,0.000000,1.243452,
0.00343240,-0.002441,1.227205,
0.00343260,0.000000,1.227205,
0.00343280,0.000000,1.227205,
0.00343300,-0.002441,1.243452,
0.00343320,-0.002441,1.227205,
0.00343340,0.000000,1.227205,
0.00343360,-0.002441,1.227205,
0.00343380,-0.002441,1.227205,
0.00343400,0.000000,1.227205,
0.00343420,0.000000,1.243452,
0.00343440,-0.002441,1.227205,
0.00343460,-0.002441,1.243452,
0.00343480,0.000000,1.227205,
0.00343500,-0.002441,1.227205,
0.00343520,-0.002441,1.227205,
0.00343540,-0.002441,1.227205,
0.00343560,0.000000,1.243452,
0.00343580,0.000000,1.243452,
0.00343600,0.000000,1.227205,
0.00343620,0.000000,1.243452,
0.00343640,0.000000,1.227205,
0.00343660,0.000000,1.227205,
0.00343680,-0.004883,1.210957,
0.00343700,0.000000,1.210957,
0.00343720,-0.002441,1.227205,
0.00343740,0.000000,1.243452,
0.00343760,0.000000,1.243452,
0.00343780,-0.002441,1.259700,
0.00343800,-0.002441,1.259700,
0.00343820,-0.002441,1.243452,
0.00343840,-0.002441,1.227205,
0.00343860,0.000000,1.243452,
0.00343880,0.000000,1.227205,
0.00343900,-0.002441,1.210957,
0.00343920,-0.002441,1.210957,
0.00343940,-0.002441,1.227205,
0.00343960,0.000000,1.243452,
0.00343980,-0.002441,1.243452,
0.00344000,-0.002441,1.243452,
0.00344020,0.000000,1.227205,
0.00344040,-0.002441,1.227205,
0.00344060,0.000000,1.243452,
0.00344080,-0.002441,1.227205,
0.00344100,-0.002441,1.243452,
0.00344120,0.000000,1.227205,
0.00344140,-0.002441,1.227205,
0.00344160,-0.002441,1.227205,
0.00344180,-0.002441,1.259700,
0.00344200,-0.002441,1.243452,
0.00344220,0.000000,1.243452,
0.00344240,0.000000,1.227205,
0.00344260,-0.002441,1.227205,
0.00344280,-0.002441,1.227205,
0.00344300,0.002441,1.243452,
0.00344320,-0.002441,1.227205,
0.00344340,0.000000,1.227205,
0.00344360,-0.002441,1.243452,
0.00344380,0.000000,1.243452,
0.00344400,0.000000,1.243452,
0.00344420,0.000000,1.243452,
0.00344440,-0.002441,1.227205,
0.00344460,0.000000,1.227205,
0.00344480,-0.004883,1.227205,
0.00344500,-0.002441,1.227205,
0.00344520,0.000000,1.227205,
0.00344540,0.000000,1.243452,
0.00344560,0.000000,1.243452,
0.00344580,0.000000,1.259700,
0.00344600,-0.002441,1.243452,
0.00344620,-0.002441,1.243452,
0.00344640,-0.002441,1.227205,
0.00344660,-0.002441,1.227205,
0.00344680,-0.002441,1.227205,
0.00344700,0.000000,1.243452,
0.00344720,-0.002441,1.243452,
0.00344740,-0.002441,1.259700,
0.00344760,0.000000,1.243452,
0.00344780,-0.002441,1.227205,
0.00344800,-0.002441,1.227205,
0.00344820,-0.002441,1.227205,
0.00344840,-0.002441,1.243452,
0.00344860,0.002441,1.259700,
0.00344880,-0.002441,1.243452,
0.00344900,-0.002441,1.243452,
0.00344920,0.000000,1.243452,
0.00344940,-0.002441,1.227205,
0.00344960,0.000000,1.243452,
0.00344980,-0.002441,1.243452,
0.00345000,-0.002441,1.243452,
0.00345020,-0.002441,1.243452,
0.00345040,-0.002441,1.243452,
0.00345060,0.000000,1.243452,
0.00345080,0.000000,1.243452,
0.00345100,0.000000,1.227205,
0.00345120,-0.002441,1.227205,
0.00345140,0.000000,1.243452,
0.00345160,0.000000,1.243452,
0.00345180,0.000000,1.243452,
0.00345200,-0.002441,1.227205,
0.00345220,0.002441,1.243452,
0.00345240,-0.002441,1.243452,
0.00345260,-0.002441,1.243452,
0.00345280,-0.002441,1.243452,
0.00345300,-0.002441,1.227205,
0.00345320,-0.002441,1.243452,
0.00345340,-0.002441,1.243452,
0.00345360,0.000000,1.243452,
0.00345380,0.000000,1.259700,
0.00345400,-0.002441,1.243452,
0.00345420,-0.002441,1.243452,
0.00345440,-0.002441,1.243452,
0.00345460,-0.002441,1.243452,
0.00345480,-0.002441,1.259700,
0.00345500,0.000000,1.227205,
0.00345520,0.000000,1.227205,
0.00345540,-0.002441,1.210957,
0.00345560,-0.002441,1.227205,
0.00345580,0.000000,1.259700,
0.00345600,-0.002441,1.259700,
0.00345620,-0.002441,1.243452,
0.00345640,-0.002441,1.259700,
0.00345660,-0.002441,1.243452,
0.00345680,0.000000,1.243452,
0.00345700,-0.002441,1.227205,
0.00345720,0.000000,1.227205,
0.00345740,0.000000,1.243452,
0.00345760,-0.002441,1.243452,
0.00345780,-0.002441,1.243452,
0.00345800,0.000000,1.243452,
0.00345820,0.000000,1.259700,
0.00345840,-0.002441,1.259700,
0.00345860,0.000000,1.243452,
0.00345880,-0.002441,1.243452,
0.00345900,-0.002441,1.243452,
0.00345920,0.000000,1.243452,
0.00345940,-0.002441,1.243452,
0.00345960,0.000000,1.243452,
0.00345980,0.000000,1.259700,
0.00346000,-0.002441,1.243452,
0.00346020,-0.002441,1.243452,
0.00346040,-0.002441,1.243452,
0.00346060,-0.002441,1.243452,
0.00346080,-0.002441,1.227205,
0.00346100,-0.002441,1.243452,
0.00346120,-0.002441,1.259700,
0.00346140,0.000000,1.259700,
0.00346160,0.000000,1.259700,
0.00346180,0.000000,1.259700,
0.00346200,-0.002441,1.243452,
0.00346220,-0.002441,1.243452,
0.00346240,-0.002441,1.243452,
0.00346260,-0.004883,1.243452,
0.00346280,0.000000,1.243452,
0.00346300,-0.002441,1.243452,
0.00346320,-0.002441,1.259700,
0.00346340,-0.002441,1.259700,
0.00346360,0.000000,1.259700,
0.00346380,-0.002441,1.243452,
0.00346400,-0.002441,1.243452,
0.00346420,-0.002441,1.243452,
0.00346440,0.000000,1.243452,
0.00346460,0.000000,1.243452,
0.00346480,0.000000,1.259700,
0.00346500,0.000000,1.243452,
0.00346520,-0.002441,1.259700,
0.00346540,0.000000,1.243452,
0.00346560,-0.002441,1.243452,
0.00346580,-0.002441,1.243452,
0.00346600,-0.002441,1.259700,
0.00346620,0.000000,1.243452,
0.00346640,0.000000,1.259700,
0.00346660,-0.002441,1.243452,
0.00346680,0.000000,1.259700,
0.00346700,-0.002441,1.243452,
0.00346720,-0.002441,1.243452,
0.00346740,-0.002441,1.243452,
0.00346760,0.000000,1.259700,
0.00346780,-0.002441,1.243452,
0.00346800,0.000000,1.259700,
0.00346820,-0.002441,1.243452,
0.00346840,0.000000,1.259700,
0.00346860,-0.002441,1.243452,
0.00346880,0.000000,1.243452,
0.00346900,-0.002441,1.243452,
0.00346920,0.000000,1.259700,
0.00346940,0.000000,1.259700,
0.00346960,0.000000,1.243452,
0.00346980,0.000000,1.243452,
0.00347000,0.000000,1.243452,
0.00347020,-0.002441,1.259700,
0.00347040,-0.002441,1.243452,
0.00347060,-0.002441,1.243452,
0.00347080,-0.002441,1.243452,
0.00347100,0.000000,1.243452,
0.00347120,-0.002441,1.259700,
0.00347140,-0.002441,1.259700,
0.00347160,0.000000,1.259700,
0.00347180,-0.002441,1.243452,
0.00347200,-0.002441,1.227205,
0.00347220,0.000000,1.227205,
0.00347240,0.000000,1.243452,
0.00347260,-0.002441,1.243452,
0.00347280,0.000000,1.292195,
0.00347300,-0.002441,1.292195,
0.00347320,0.000000,1.275947,
0.00347340,-0.002441,1.259700,
0.00347360,-0.002441,1.243452,
0.00347380,-0.002441,1.243452,
0.00347400,-0.002441,1.243452,
0.00347420,0.000000,1.227205,
0.00347440,-0.002441,1.243452,
0.00347460,-0.002441,1.259700,
0.00347480,-0.002441,1.259700,
0.00347500,0.000000,1.259700,
0.00347520,-0.002441,1.259700,
0.00347540,-0.002441,1.259700,
0.00347560,-0.002441,1.259700,
0.00347580,-0.002441,1.275947,
0.00347600,0.000000,1.259700,
0.00347620,0.000000,1.243452,
0.00347640,0.000000,1.259700,
0.00347660,-0.002441,1.259700,
0.00347680,-0.002441,1.243452,
0.00347700,0.000000,1.259700,
0.00347720,-0.002441,1.259700,
0.00347740,-0.002441,1.259700,
0.00347760,-0.002441,1.259700,
0.00347780,-0.002441,1.243452,
0.00347800,-0.002441,1.259700,
0.00347820,0.000000,1.259700,
0.00347840,-0.002441,1.259700,
0.00347860,0.000000,1.259700,
0.00347880,-0.002441,1.259700,
0.00347900,0.000000,1.259700,
0.00347920,-0.002441,1.259700,
0.00347940,-0.002441,1.259700,
0.00347960,0.000000,1.259700,
0.00347980,-0.002441,1.243452,
0.00348000,-0.002441,1.243452,
0.00348020,-0.002441,1.259700,
0.00348040,0.000000,1.259700,
0.00348060,0.000000,1.259700,
0.00348080,-0.002441,1.259700,
0.00348100,-0.002441,1.259700,
0.00348120,-0.002441,1.275947,
0.00348140,-0.002441,1.259700,
0.00348160,-0.002441,1.259700,
0.00348180,-0.002441,1.259700,
0.00348200,-0.002441,1.259700,
0.00348220,0.000000,1.259700,
0.00348240,-0.002441,1.259700,
0.00348260,-0.002441,1.275947,
0.00348280,-0.002441,1.275947,
0.00348300,0.000000,1.259700,
0.00348320,-0.002441,1.275947,
0.00348340,-0.002441,1.259700,
0.00348360,-0.002441,1.259700,
0.00348380,0.000000,1.259700,
0.00348400,0.000000,1.259700,
0.00348420,-0.002441,1.259700,
0.00348440,-0.002441,1.259700,
0.00348460,0.000000,1.259700,
0.00348480,-0.002441,1.259700,
0.00348500,-0.002441,1.259700,
0.00348520,0.000000,1.275947,
0.00348540,0.000000,1.259700,
0.00348560,-0.002441,1.259700,
0.00348580,-0.002441,1.259700,
0.00348600,-0.002441,1.275947,
0.00348620,0.000000,1.259700,
0.00348640,-0.004883,1.259700,
0.00348660,-0.002441,1.259700,
0.00348680,-0.002441,1.259700,
0.00348700,0.000000,1.275947,
0.00348720,-0.002441,1.275947,
0.00348740,0.000000,1.259700,
0.00348760,0.000000,1.259700,
0.00348780,-0.002441,1.259700,
0.00348800,-0.002441,1.259700,
0.00348820,-0.002441,1.259700,
0.00348840,-0.002441,1.275947,
0.00348860,-0.002441,1.259700,
0.00348880,-0.002441,1.275947,
0.00348900,-0.002441,1.275947,
0.00348920,0.000000,1.275947,
0.00348940,-0.002441,1.275947,
0.00348960,-0.002441,1.259700,
0.00348980,-0.002441,1.259700,
0.00349000,0.000000,1.259700,
0.00349020,0.000000,1.259700,
0.00349040,0.000000,1.259700,
0.00349060,-0.002441,1.259700,
0.00349080,-0.002441,1.259700,
0.00349100,-0.002441,1.275947,
0.00349120,-0.002441,1.275947,
0.00349140,-0.002441,1.292195,
0.00349160,-0.002441,1.292195,
0.00349180,0.000000,1.259700,
0.00349200,-0.002441,1.259700,
0.00349220,0.000000,1.259700,
0.00349240,-0.002441,1.275947,
0.00349260,-0.002441,1.259700,
0.00349280,-0.002441,1.259700,
0.00349300,-0.002441,1.259700,
0.00349320,-0.002441,1.275947,
0.00349340,0.000000,1.275947,
0.00349360,0.002441,1.292195,
0.00349380,-0.002441,1.259700,
0.00349400,-0.002441,1.275947,
0.00349420,-0.002441,1.259700,
0.00349440,-0.002441,1.259700,
0.00349460,-0.002441,1.275947,
0.00349480,-0.002441,1.275947,
0.00349500,-0.002441,1.275947,
0.00349520,-0.002441,1.275947,
0.00349540,0.000000,1.259700,
0.00349560,0.000000,1.259700,
0.00349580,-0.002441,1.259700,
0.00349600,-0.002441,1.259700,
0.00349620,-0.002441,1.275947,
0.00349640,-0.002441,1.275947,
0.00349660,-0.002441,1.275947,
0.00349680,0.000000,1.259700,
0.00349700,-0.002441,1.292195,
0.00349720,0.000000,1.292195,
0.00349740,-0.002441,1.275947,
0.00349760,-0.002441,1.275947,
0.00349780,-0.002441,1.259700,
0.00349800,-0.002441,1.259700,
0.00349820,-0.002441,1.259700,
0.00349840,-0.002441,1.259700,
0.00349860,-0.002441,1.275947,
0.00349880,-0.002441,1.275947,
0.00349900,-0.002441,1.259700,
0.00349920,0.000000,1.275947,
0.00349940,0.000000,1.275947,
0.00349960,0.000000,1.275947,
0.00349980,-0.002441,1.275947,
0.00350000,0.000000,1.259700,
0.00350020,-0.002441,1.259700,
0.00350040,-0.002441,1.275947,
0.00350060,-0.002441,1.275947,
0.00350080,-0.002441,1.275947,
0.00350100,0.000000,1.259700,
0.00350120,-0.002441,1.275947,
0.00350140,-0.002441,1.275947,
0.00350160,0.000000,1.275947,
0.00350180,0.000000,1.275947,
0.00350200,-0.002441,1.259700,
0.00350220,0.000000,1.275947,
0.00350240,-0.002441,1.259700,
0.00350260,-0.002441,1.275947,
0.00350280,-0.002441,1.275947,
0.00350300,0.000000,1.275947,
0.00350320,0.000000,1.292195,
0.00350340,0.000000,1.259700,
0.00350360,0.000000,1.259700,
0.00350380,-0.002441,1.275947,
0.00350400,-0.002441,1.275947,
0.00350420,-0.002441,1.275947,
0.00350440,0.000000,1.275947,
0.00350460,-0.002441,1.275947,
0.00350480,-0.002441,1.275947,
0.00350500,-0.002441,1.275947,
0.00350520,0.002441,1.275947,
0.00350540,-0.002441,1.259700,
0.00350560,-0.004883,1.259700,
0.00350580,-0.002441,1.275947,
0.00350600,-0.004883,1.259700,
0.00350620,0.000000,1.275947,
0.00350640,0.000000,1.275947,
0.00350660,-0.002441,1.275947,
0.00350680,0.002441,1.275947,
0.00350700,-0.002441,1.275947,
0.00350720,0.000000,1.259700,
0.00350740,-0.002441,1.259700,
0.00350760,-0.002441,1.259700,
0.00350780,-0.002441,1.275947,
0.00350800,0.000000,1.308443,
0.00350820,0.000000,1.292195,
0.00350840,-0.002441,1.292195,
0.00350860,-0.002441,1.275947,
0.00350880,-0.002441,1.259700,
0.00350900,-0.002441,1.243452,
0.00350920,0.000000,1.259700,
0.00350940,0.000000,1.292195,
0.00350960,0.000000,1.275947,
0.00350980,-0.002441,1.275947,
0.00351000,0.000000,1.275947,
0.00351020,0.000000,1.292195,
0.00351040,-0.002441,1.275947,
0.00351060,0.000000,1.275947,
0.00351080,-0.002441,1.275947,
0.00351100,0.000000,1.292195,
0.00351120,0.000000,1.292195,
0.00351140,-0.002441,1.275947,
0.00351160,0.000000,1.275947,
0.00351180,0.000000,1.259700,
0.00351200,-0.002441,1.259700,
0.00351220,-0.002441,1.275947,
0.00351240,-0.002441,1.275947,
0.00351260,0.000000,1.275947,
0.00351280,0.000000,1.275947,
0.00351300,-0.002441,1.275947,
0.00351320,0.000000,1.275947,
0.00351340,-0.002441,1.275947,
0.00351360,0.000000,1.292195,
0.00351380,-0.002441,1.275947,
0.00351400,-0.002441,1.259700,
0.00351420,-0.002441,1.275947,
0.00351440,0.000000,1.292195,
0.00351460,-0.002441,1.275947,
0.00351480,0.000000,1.275947,
0.00351500,-0.004883,1.275947,
0.00351520,-0.002441,1.275947,
0.00351540,-0.002441,1.275947,
0.00351560,-0.002441,1.275947,
0.00351580,-0.002441,1.292195,
0.00351600,0.000000,1.275947,
0.00351620,-0.002441,1.275947,
0.00351640,-0.002441,1.275947,
0.00351660,0.000000,1.292195,
0.00351680,-0.002441,1.292195,
0.00351700,0.000000,1.292195,
0.00351720,-0.002441,1.275947,
0.00351740,-0.002441,1.275947,
0.00351760,0.000000,1.275947,
0.00351780,0.000000,1.275947,
0.00351800,-0.002441,1.275947,
0.00351820,0.000000,1.292195,
0.00351840,-0.002441,1.275947,
0.00351860,-0.002441,1.259700,
0.00351880,-0.002441,1.275947,
0.00351900,0.000000,1.275947,
0.00351920,0.000000,1.292195,
0.00351940,0.000000,1.292195,
0.00351960,0.000000,1.292195,
0.00351980,-0.002441,1.275947,
0.00352000,-0.002441,1.275947,
0.00352020,-0.002441,1.275947,
0.00352040,-0.002441,1.275947,
0.00352060,-0.002441,1.275947,
0.00352080,-0.002441,1.275947,
0.00352100,-0.002441,1.292195,
0.00352120,-0.002441,1.275947,
0.00352140,-0.002441,1.292195,
0.00352160,-0.002441,1.275947,
0.00352180,-0.002441,1.275947,
0.00352200,0.000000,1.275947,
0.00352220,-0.002441,1.292195,
0.00352240,0.000000,1.292195,
0.00352260,-0.002441,1.292195,
0.00352280,-0.002441,1.292195,
0.00352300,0.000000,1.275947,
0.00352320,-0.002441,1.275947,
0.00352340,-0.002441,1.275947,
0.00352360,-0.002441,1.292195,
0.00352380,-0.002441,1.292195,
0.00352400,0.000000,1.292195,
0.00352420,-0.002441,1.292195,
0.00352440,-0.002441,1.292195,
0.00352460,0.000000,1.292195,
0.00352480,0.000000,1.292195,
0.00352500,-0.002441,1.275947,
0.00352520,-0.002441,1.259700,
0.00352540,-0.002441,1.259700,
0.00352560,-0.002441,1.275947,
0.00352580,-0.002441,1.292195,
0.00352600,-0.002441,1.292195,
0.00352620,0.000000,1.292195,
0.00352640,-0.002441,1.292195,
0.00352660,-0.002441,1.292195,
0.00352680,-0.002441,1.292195,
0.00352700,-0.002441,1.275947,
0.00352720,0.000000,1.275947,
0.00352740,-0.002441,1.259700,
0.00352760,-0.002441,1.275947,
0.00352780,-0.002441,1.275947,
0.00352800,-0.002441,1.292195,
0.00352820,-0.002441,1.275947,
0.00352840,0.000000,1.275947,
0.00352860,-0.002441,1.292195,
0.00352880,0.000000,1.292195,
0.00352900,-0.002441,1.275947,
0.00352920,-0.002441,1.292195,
0.00352940,-0.002441,1.275947,
0.00352960,0.000000,1.275947,
0.00352980,-0.002441,1.275947,
0.00353000,-0.002441,1.275947,
0.00353020,-0.002441,1.292195,
0.00353040,0.000000,1.292195,
0.00353060,0.000000,1.308443,
0.00353080,-0.002441,1.275947,
0.00353100,0.000000,1.275947,
0.00353120,-0.002441,1.292195,
0.00353140,-0.002441,1.275947,
0.00353160,-0.002441,1.275947,
0.00353180,0.000000,1.275947,
0.00353200,-0.002441,1.275947,
0.00353220,0.000000,1.292195,
0.00353240,-0.002441,1.292195,
0.00353260,0.000000,1.292195,
0.00353280,0.000000,1.275947,
0.00353300,-0.002441,1.292195,
0.00353320,0.000000,1.292195,
0.00353340,-0.002441,1.292195,
0.00353360,-0.002441,1.275947,
0.00353380,0.000000,1.292195,
0.00353400,0.000000,1.275947,
0.00353420,-0.002441,1.275947,
0.00353440,-0.002441,1.275947,
0.00353460,-0.002441,1.275947,
0.00353480,-0.002441,1.275947,
0.00353500,-0.002441,1.292195,
0.00353520,-0.002441,1.292195,
0.00353540,-0.002441,1.275947,
0.00353560,-0.002441,1.275947,
0.00353580,-0.002441,1.275947,
0.00353600,-0.002441,1.275947,
0.00353620,-0.002441,1.275947,
0.00353640,-0.002441,1.275947,
0.00353660,-0.002441,1.275947,
0.00353680,-0.002441,1.292195,
0.00353700,-0.002441,1.292195,
0.00353720,-0.002441,1.292195,
0.00353740,-0.002441,1.275947,
0.00353760,0.000000,1.275947,
0.00353780,-0.002441,1.275947,
0.00353800,-0.002441,1.275947,
0.00353820,-0.002441,1.275947,
0.00353840,-0.002441,1.275947,
0.00353860,-0.002441,1.275947,
0.00353880,-0.002441,1.275947,
0.00353900,-0.002441,1.275947,
0.00353920,-0.002441,1.275947,
0.00353940,0.000000,1.275947,
0.00353960,-0.002441,1.275947,
0.00353980,0.000000,1.292195,
0.00354000,-0.002441,1.275947,
0.00354020,-0.002441,1.275947,
0.00354040,0.000000,1.275947,
0.00354060,0.000000,1.275947,
0.00354080,-0.002441,1.275947,
0.00354100,-0.002441,1.275947,
0.00354120,0.000000,1.275947,
0.00354140,-0.002441,1.292195,
0.00354160,0.000000,1.275947,
0.00354180,0.000000,1.292195,
0.00354200,0.000000,1.275947,
0.00354220,-0.002441,1.259700,
0.00354240,-0.002441,1.259700,
0.00354260,-0.002441,1.259700,
0.00354280,-0.002441,1.275947,
0.00354300,-0.002441,1.292195,
0.00354320,-0.002441,1.292195,
0.00354340,0.000000,1.292195,
0.00354360,-0.002441,1.275947,
0.00354380,-0.002441,1.259700,
0.00354400,-0.002441,1.259700,
0.00354420,-0.002441,1.243452,
0.00354440,-0.002441,1.259700,
0.00354460,0.000000,1.275947,
0.00354480,-0.002441,1.292195,
0.00354500,0.000000,1.292195,
0.00354520,-0.002441,1.275947,
0.00354540,-0.002441,1.275947,
0.00354560,-0.002441,1.275947,
0.00354580,-0.002441,1.259700,
0.00354600,-0.002441,1.275947,
0.00354620,0.000000,1.275947,
0.00354640,-0.002441,1.292195,
0.00354660,0.002441,1.292195,
0.00354680,0.000000,1.275947,
0.00354700,-0.002441,1.275947,
0.00354720,-0.002441,1.259700,
0.00354740,-0.002441,1.259700,
0.00354760,-0.004883,1.259700,
0.00354780,-0.002441,1.259700,
0.00354800,0.000000,1.275947,
0.00354820,-0.002441,1.275947,
0.00354840,-0.002441,1.275947,
0.00354860,-0.002441,1.275947,
0.00354880,-0.002441,1.275947,
0.00354900,-0.002441,1.259700,
0.00354920,-0.002441,1.259700,
0.00354940,-0.002441,1.275947,
0.00354960,-0.002441,1.275947,
0.00354980,-0.002441,1.259700,
0.00355000,-0.002441,1.259700,
0.00355020,0.000000,1.275947,
0.00355040,-0.002441,1.259700,
0.00355060,-0.002441,1.275947,
0.00355080,-0.002441,1.275947,
0.00355100,-0.002441,1.275947,
0.00355120,0.000000,1.275947,
0.00355140,0.000000,1.275947,
0.00355160,-0.002441,1.275947,
0.00355180,-0.002441,1.292195,
0.00355200,-0.002441,1.275947,
0.00355220,-0.002441,1.259700,
0.00355240,-0.002441,1.259700,
0.00355260,-0.002441,1.259700,
0.00355280,0.002441,1.275947,
0.00355300,0.000000,1.275947,
0.00355320,-0.002441,1.275947,
0.00355340,-0.002441,1.275947,
0.00355360,0.000000,1.275947,
0.00355380,-0.002441,1.275947,
0.00355400,-0.004883,1.259700,
0.00355420,-0.002441,1.259700,
0.00355440,0.000000,1.259700,
0.00355460,0.000000,1.275947,
0.00355480,0.000000,1.275947,
0.00355500,-0.002441,1.275947,
0.00355520,0.002441,1.259700,
0.00355540,-0.002441,1.259700,
0.00355560,-0.002441,1.275947,
0.00355580,-0.002441,1.259700,
0.00355600,0.000000,1.275947,
0.00355620,0.000000,1.275947,
0.00355640,-0.002441,1.259700,
0.00355660,-0.002441,1.259700,
0.00355680,-0.002441,1.275947,
0.00355700,0.000000,1.259700,
0.00355720,-0.002441,1.275947,
0.00355740,-0.002441,1.275947,
0.00355760,0.000000,1.275947,
0.00355780,-0.002441,1.259700,
0.00355800,-0.002441,1.275947,
0.00355820,0.002441,1.275947,
0.00355840,-0.002441,1.275947,
0.00355860,0.000000,1.275947,
0.00355880,0.000000,1.259700,
0.00355900,0.000000,1.259700,
0.00355920,0.000000,1.275947,
0.00355940,0.000000,1.292195,
0.00355960,-0.002441,1.275947,
0.00355980,0.002441,1.275947,
0.00356000,-0.002441,1.243452,
0.00356020,-0.002441,1.259700,
0.00356040,-0.002441,1.259700,
0.00356060,-0.002441,1.259700,
0.00356080,-0.002441,1.275947,
0.00356100,-0.002441,1.275947,
0.00356120,-0.002441,1.275947,
0.00356140,0.000000,1.292195,
0.00356160,-0.002441,1.292195,
0.00356180,-0.002441,1.275947,
0.00356200,-0.002441,1.259700,
0.00356220,-0.002441,1.259700,
0.00356240,0.000000,1.259700,
0.00356260,-0.002441,1.259700,
0.00356280,0.000000,1.259700,
0.00356300,0.000000,1.259700,
0.00356320,0.000000,1.275947,
0.00356340,-0.002441,1.275947,
0.00356360,-0.002441,1.275947,
0.00356380,-0.002441,1.275947,
0.00356400,-0.002441,1.275947,
0.00356420,0.000000,1.275947,
0.00356440,0.000000,1.275947,
0.00356460,-0.002441,1.259700,
0.00356480,-0.002441,1.275947,
0.00356500,-0.002441,1.259700,
0.00356520,-0.002441,1.259700,
0.00356540,-0.002441,1.275947,
0.00356560,-0.002441,1.275947,
0.00356580,-0.002441,1.275947,
0.00356600,0.000000,1.275947,
0.00356620,0.000000,1.275947,
0.00356640,-0.002441,1.259700,
0.00356660,-0.002441,1.259700,
0.00356680,0.000000,1.259700,
0.00356700,-0.002441,1.259700,
0.00356720,0.000000,1.275947,
0.00356740,-0.002441,1.275947,
0.00356760,-0.002441,1.259700,
0.00356780,0.000000,1.259700,
0.00356800,-0.002441,1.259700,
0.00356820,-0.002441,1.275947,
0.00356840,-0.002441,1.275947,
0.00356860,0.000000,1.275947,
0.00356880,0.000000,1.259700,
0.00356900,-0.002441,1.259700,
0.00356920,0.000000,1.275947,
0.00356940,-0.004883,1.259700,
0.00356960,-0.002441,1.275947,
0.00356980,-0.002441,1.259700,
0.00357000,0.000000,1.259700,
0.00357020,-0.002441,1.259700,
0.00357040,-0.002441,1.275947,
0.00357060,0.000000,1.275947,
0.00357080,0.000000,1.259700,
0.00357100,-0.002441,1.259700,
0.00357120,0.000000,1.275947,
0.00357140,0.000000,1.275947,
0.00357160,-0.002441,1.259700,
0.00357180,-0.002441,1.275947,
0.00357200,0.000000,1.292195,
0.00357220,0.000000,1.275947,
0.00357240,-0.002441,1.259700,
0.00357260,-0.004883,1.259700,
0.00357280,0.000000,1.259700,
0.00357300,-0.002441,1.259700,
0.00357320,-0.002441,1.259700,
0.00357340,-0.002441,1.259700,
0.00357360,0.000000,1.259700,
0.00357380,0.000000,1.275947,
0.00357400,-0.002441,1.259700,
0.00357420,-0.004883,1.259700,
0.00357440,0.000000,1.259700,
0.00357460,-0.002441,1.259700,
0.00357480,-0.002441,1.259700,
0.00357500,-0.002441,1.259700,
0.00357520,-0.002441,1.259700,
0.00357540,-0.002441,1.259700,
0.00357560,0.000000,1.259700,
0.00357580,0.000000,1.259700,
0.00357600,-0.002441,1.259700,
0.00357620,0.000000,1.259700,
0.00357640,-0.002441,1.259700,
0.00357660,-0.002441,1.259700,
0.00357680,-0.002441,1.259700,
0.00357700,0.000000,1.259700,
0.00357720,-0.002441,1.243452,
0.00357740,-0.002441,1.227205,
0.00357760,0.000000,1.243452,
0.00357780,-0.002441,1.259700,
0.00357800,-0.004883,1.275947,
0.00357820,-0.002441,1.275947,
0.00357840,-0.002441,1.275947,
0.00357860,-0.002441,1.259700,
0.00357880,0.000000,1.259700,
0.00357900,0.000000,1.243452,
0.00357920,0.000000,1.243452,
0.00357940,-0.002441,1.243452,
0.00357960,-0.002441,1.227205,
0.00357980,-0.002441,1.243452,
0.00358000,0.000000,1.259700,
0.00358020,0.000000,1.275947,
0.00358040,0.000000,1.259700,
0.00358060,-0.002441,1.259700,
0.00358080,0.000000,1.259700,
0.00358100,0.000000,1.259700,
0.00358120,-0.002441,1.243452,
0.00358140,-0.002441,1.243452,
0.00358160,0.000000,1.243452,
0.00358180,-0.002441,1.259700,
0.00358200,0.000000,1.275947,
0.00358220,-0.002441,1.259700,
0.00358240,0.000000,1.259700,
0.00358260,-0.002441,1.243452,
0.00358280,-0.002441,1.259700,
0.00358300,0.000000,1.259700,
0.00358320,-0.002441,1.259700,
0.00358340,-0.004883,1.243452,
0.00358360,0.000000,1.243452,
0.00358380,0.000000,1.259700,
0.00358400,-0.002441,1.259700,
0.00358420,-0.002441,1.259700,
0.00358440,-0.002441,1.243452,
0.00358460,0.000000,1.243452,
0.00358480,0.000000,1.259700,
0.00358500,0.000000,1.243452,
0.00358520,-0.002441,1.243452,
0.00358540,0.000000,1.243452,
0.00358560,-0.002441,1.259700,
0.00358580,0.000000,1.259700,
0.00358600,-0.002441,1.259700,
0.00358620,0.000000,1.259700,
0.00358640,0.000000,1.243452,
0.00358660,0.000000,1.243452,
0.00358680,-0.004883,1.227205,
0.00358700,0.000000,1.243452,
0.00358720,-0.002441,1.243452,
0.00358740,-0.002441,1.259700,
0.00358760,-0.002441,1.243452,
0.00358780,-0.002441,1.243452,
0.00358800,0.000000,1.243452,
0.00358820,-0.002441,1.243452,
0.00358840,-0.002441,1.243452,
0.00358860,-0.002441,1.243452,
0.00358880,0.000000,1.227205,
0.00358900,-0.002441,1.243452,
0.00358920,-0.002441,1.243452,
0.00358940,-0.002441,1.259700,
0.00358960,-0.002441,1.243452,
0.00358980,-0.002441,1.243452,
0.00359000,-0.002441,1.243452,
0.00359020,-0.002441,1.227205,
0.00359040,0.000000,1.227205,
0.00359060,-0.002441,1.243452,
0.00359080,-0.002441,1.243452,
0.00359100,-0.002441,1.243452,
0.00359120,-0.002441,1.243452,
0.00359140,-0.002441,1.227205,
0.00359160,0.002441,1.243452,
0.00359180,-0.002441,1.243452,
0.00359200,0.000000,1.243452,
0.00359220,-0.002441,1.227205,
0.00359240,0.000000,1.243452,
0.00359260,-0.002441,1.243452,
0.00359280,0.000000,1.243452,
0.00359300,0.000000,1.243452,
0.00359320,0.000000,1.243452,
0.00359340,0.000000,1.243452,
0.00359360,-0.002441,1.243452,
0.00359380,0.000000,1.243452,
0.00359400,-0.002441,1.243452,
0.00359420,-0.002441,1.227205,
0.00359440,-0.002441,1.243452,
0.00359460,0.000000,1.259700,
0.00359480,-0.002441,1.259700,
0.00359500,-0.002441,1.243452,
0.00359520,-0.002441,1.227205,
0.00359540,-0.002441,1.227205,
0.00359560,-0.002441,1.227205,
0.00359580,-0.002441,1.227205,
0.00359600,-0.002441,1.243452,
0.00359620,0.000000,1.243452,
0.00359640,-0.002441,1.243452,
0.00359660,0.000000,1.259700,
0.00359680,0.000000,1.259700,
0.00359700,0.000000,1.259700,
0.00359720,-0.002441,1.243452,
0.00359740,-0.002441,1.227205,
0.00359760,0.000000,1.227205,
0.00359780,-0.002441,1.227205,
0.00359800,-0.002441,1.227205,
0.00359820,0.000000,1.243452,
0.00359840,0.000000,1.259700,
0.00359860,-0.002441,1.259700,
0.00359880,-0.002441,1.243452,
0.00359900,-0.002441,1.243452,
0.00359920,0.000000,1.243452,
0.00359940,0.000000,1.243452,
0.00359960,-0.004883,1.243452,
0.00359980,-0.002441,1.243452,
0.00360000,-0.002441,1.243452,
0.00360020,-0.002441,1.227205,
0.00360040,-0.002441,1.227205,
0.00360060,-0.002441,1.243452,
0.00360080,-0.002441,1.243452,
0.00360100,-0.002441,1.259700,
0.00360120,-0.002441,1.243452,
0.00360140,-0.002441,1.243452,
0.00360160,-0.002441,1.227205,
0.00360180,0.000000,1.227205,
0.00360200,-0.002441,1.243452,
0.00360220,-0.004883,1.243452,
0.00360240,0.000000,1.243452,
0.00360260,-0.002441,1.243452,
0.00360280,0.000000,1.243452,
0.00360300,-0.002441,1.259700,
0.00360320,-0.002441,1.243452,
0.00360340,-0.002441,1.243452,
0.00360360,-0.002441,1.227205,
0.00360380,-0.002441,1.243452,
0.00360400,-0.002441,1.243452,
0.00360420,0.000000,1.243452,
0.00360440,-0.002441,1.227205,
0.00360460,0.000000,1.243452,
0.00360480,-0.002441,1.243452,
0.00360500,-0.002441,1.243452,
0.00360520,-0.002441,1.243452,
0.00360540,0.000000,1.227205,
0.00360560,-0.002441,1.243452,
0.00360580,-0.002441,1.227205,
0.00360600,-0.002441,1.243452,
0.00360620,0.000000,1.243452,
0.00360640,0.000000,1.243452,
0.00360660,0.000000,1.243452,
0.00360680,-0.002441,1.243452,
0.00360700,-0.002441,1.227205,
0.00360720,0.000000,1.243452,
0.00360740,0.000000,1.243452,
0.00360760,-0.002441,1.243452,
0.00360780,-0.002441,1.227205,
0.00360800,0.000000,1.243452,
0.00360820,0.000000,1.243452,
0.00360840,-0.002441,1.227205,
0.00360860,-0.002441,1.227205,
0.00360880,-0.002441,1.227205,
0.00360900,0.000000,1.243452,
0.00360920,0.000000,1.259700,
0.00360940,-0.002441,1.243452,
0.00360960,-0.002441,1.243452,
0.00360980,-0.002441,1.227205,
0.00361000,0.000000,1.227205,
0.00361020,-0.004883,1.227205,
0.00361040,-0.002441,1.227205,
0.00361060,-0.002441,1.227205,
0.00361080,0.000000,1.227205,
0.00361100,-0.002441,1.227205,
0.00361120,-0.002441,1.227205,
0.00361140,0.000000,1.243452,
0.00361160,-0.002441,1.227205,
0.00361180,-0.002441,1.227205,
0.00361200,-0.002441,1.210957,
0.00361220,0.000000,1.227205,
0.00361240,0.000000,1.227205,
0.00361260,0.000000,1.227205,
0.00361280,-0.002441,1.227205,
0.00361300,-0.002441,1.243452,
0.00361320,-0.002441,1.243452,
0.00361340,0.000000,1.243452,
0.00361360,-0.002441,1.227205,
0.00361380,-0.002441,1.227205,
0.00361400,-0.002441,1.210957,
0.00361420,-0.002441,1.210957,
0.00361440,0.000000,1.194710,
0.00361460,-0.002441,1.210957,
0.00361480,0.000000,1.210957,
0.00361500,-0.002441,1.243452,
0.00361520,-0.002441,1.243452,
0.00361540,0.000000,1.243452,
0.00361560,0.000000,1.227205,
0.00361580,0.000000,1.210957,
0.00361600,0.002441,1.210957,
0.00361620,-0.002441,1.227205,
0.00361640,0.000000,1.227205,
0.00361660,-0.002441,1.227205,
0.00361680,-0.002441,1.227205,
0.00361700,0.000000,1.227205,
0.00361720,0.000000,1.227205,
0.00361740,-0.002441,1.227205,
0.00361760,0.002441,1.227205,
0.00361780,0.000000,1.227205,
0.00361800,-0.002441,1.210957,
0.00361820,-0.002441,1.227205,
0.00361840,-0.002441,1.227205,
0.00361860,-0.002441,1.227205,
0.00361880,0.000000,1.227205,
0.00361900,-0.002441,1.210957,
0.00361920,-0.002441,1.210957,
0.00361940,0.000000,1.210957,
0.00361960,0.000000,1.210957,
0.00361980,-0.002441,1.210957,
0.00362000,0.000000,1.210957,
0.00362020,0.000000,1.227205,
0.00362040,0.000000,1.227205,
0.00362060,-0.002441,1.227205,
0.00362080,-0.002441,1.210957,
0.00362100,-0.002441,1.227205,
0.00362120,-0.002441,1.210957,
0.00362140,-0.002441,1.210957,
0.00362160,-0.002441,1.210957,
0.00362180,-0.002441,1.210957,
0.00362200,-0.002441,1.210957,
0.00362220,-0.002441,1.227205,
0.00362240,-0.002441,1.210957,
0.00362260,0.000000,1.210957,
0.00362280,0.000000,1.210957,
0.00362300,-0.002441,1.210957,
0.00362320,-0.002441,1.210957,
0.00362340,0.000000,1.210957,
0.00362360,-0.002441,1.210957,
0.00362380,-0.002441,1.210957,
0.00362400,0.000000,1.210957,
0.00362420,-0.002441,1.210957,
0.00362440,-0.002441,1.210957,
0.00362460,-0.002441,1.210957,
0.00362480,-0.002441,1.227205,
0.00362500,-0.002441,1.227205,
0.00362520,-0.002441,1.210957,
0.00362540,-0.002441,1.194710,
0.00362560,-0.004883,1.210957,
0.00362580,0.000000,1.194710,
0.00362600,0.000000,1.227205,
0.00362620,-0.002441,1.194710,
0.00362640,0.000000,1.210957,
0.00362660,-0.002441,1.210957,
0.00362680,-0.002441,1.210957,
0.00362700,-0.002441,1.210957,
0.00362720,0.000000,1.227205,
0.00362740,-0.002441,1.210957,
0.00362760,0.000000,1.210957,
0.00362780,-0.002441,1.194710,
0.00362800,-0.002441,1.194710,
0.00362820,0.000000,1.210957,
0.00362840,0.000000,1.227205,
0.00362860,-0.002441,1.210957,
0.00362880,-0.004883,1.210957,
0.00362900,-0.002441,1.210957,
0.00362920,-0.002441,1.210957,
0.00362940,-0.002441,1.210957,
0.00362960,-0.002441,1.210957,
0.00362980,0.000000,1.210957,
0.00363000,0.000000,1.227205,
0.00363020,-0.002441,1.210957,
0.00363040,-0.004883,1.194710,
0.00363060,0.000000,1.194710,
0.00363080,-0.002441,1.194710,
0.00363100,-0.002441,1.194710,
0.00363120,-0.002441,1.210957,
0.00363140,-0.002441,1.210957,
0.00363160,0.000000,1.227205,
0.00363180,-0.002441,1.227205,
0.00363200,-0.002441,1.227205,
0.00363220,0.000000,1.227205,
0.00363240,-0.002441,1.194710,
0.00363260,-0.002441,1.194710,
0.00363280,-0.002441,1.194710,
0.00363300,-0.002441,1.210957,
0.00363320,-0.002441,1.210957,
0.00363340,-0.002441,1.210957,
0.00363360,-0.002441,1.210957,
0.00363380,-0.002441,1.210957,
0.00363400,-0.002441,1.210957,
0.00363420,-0.002441,1.210957,
0.00363440,-0.002441,1.194710,
0.00363460,-0.002441,1.194710,
0.00363480,0.000000,1.194710,
0.00363500,0.000000,1.210957,
0.00363520,0.000000,1.227205,
0.00363540,-0.002441,1.210957,
0.00363560,-0.002441,1.210957,
0.00363580,-0.002441,1.194710,
0.00363600,0.002441,1.210957,
0.00363620,-0.002441,1.210957,
0.00363640,0.000000,1.227205,
0.00363660,-0.002441,1.210957,
0.00363680,-0.002441,1.210957,
0.00363700,0.000000,1.210957,
0.00363720,0.000000,1.210957,
0.00363740,-0.002441,1.194710,
0.00363760,0.000000,1.227205,
0.00363780,0.000000,1.227205,
0.00363800,-0.002441,1.210957,
0.00363820,-0.002441,1.194710,
0.00363840,-0.002441,1.194710,
0.00363860,-0.002441,1.210957,
0.00363880,-0.002441,1.210957,
0.00363900,-0.002441,1.194710,
0.00363920,0.000000,1.194710,
0.00363940,-0.002441,1.210957,
0.00363960,0.000000,1.210957,
0.00363980,-0.002441,1.210957,
0.00364000,-0.002441,1.194710,
0.00364020,0.000000,1.210957,
0.00364040,-0.002441,1.194710,
0.00364060,-0.002441,1.194710,
0.00364080,-0.002441,1.210957,
0.00364100,0.000000,1.210957,
0.00364120,-0.002441,1.194710,
0.00364140,0.000000,1.210957,
0.00364160,-0.002441,1.194710,
0.00364180,-0.002441,1.210957,
0.00364200,-0.002441,1.210957,
0.00364220,0.000000,1.194710,
0.00364240,-0.002441,1.194710,
0.00364260,-0.002441,1.194710,
0.00364280,0.000000,1.194710,
0.00364300,-0.002441,1.194710,
0.00364320,-0.002441,1.194710,
0.00364340,-0.002441,1.194710,
0.00364360,0.000000,1.210957,
0.00364380,-0.002441,1.210957,
0.00364400,-0.002441,1.210957,
0.00364420,-0.002441,1.194710,
0.00364440,0.000000,1.210957,
0.00364460,-0.002441,1.194710,
0.00364480,0.000000,1.194710,
0.00364500,0.000000,1.194710,
0.00364520,-0.002441,1.210957,
0.00364540,-0.002441,1.210957,
0.00364560,-0.002441,1.194710,
0.00364580,0.000000,1.210957,
0.00364600,-0.002441,1.210957,
0.00364620,0.000000,1.210957,
0.00364640,0.000000,1.194710,
0.00364660,0.000000,1.194710,
0.00364680,0.000000,1.210957,
0.00364700,-0.002441,1.194710,
0.00364720,-0.002441,1.194710,
0.00364740,-0.002441,1.194710,
0.00364760,-0.002441,1.194710,
0.00364780,-0.002441,1.194710,
0.00364800,-0.002441,1.194710,
0.00364820,0.000000,1.210957,
0.00364840,-0.002441,1.210957,
0.00364860,0.000000,1.210957,
0.00364880,-0.002441,1.210957,
0.00364900,0.000000,1.210957,
0.00364920,0.000000,1.210957,
0.00364940,-0.002441,1.178462,
0.00364960,-0.002441,1.162215,
0.00364980,-0.002441,1.194710,
0.00365000,0.000000,1.210957,
0.00365020,-0.002441,1.210957,
0.00365040,-0.002441,1.210957,
0.00365060,-0.002441,1.210957,
0.00365080,-0.002441,1.210957,
0.00365100,0.000000,1.210957,
0.00365120,-0.002441,1.210957,
0.00365140,-0.002441,1.194710,
0.00365160,-0.002441,1.178462,
0.00365180,-0.002441,1.178462,
0.00365200,-0.002441,1.194710,
0.00365220,-0.004883,1.194710,
0.00365240,0.000000,1.210957,
0.00365260,0.000000,1.210957,
0.00365280,-0.002441,1.194710,
0.00365300,-0.002441,1.194710,
0.00365320,0.000000,1.194710,
0.00365340,-0.002441,1.194710,
0.00365360,-0.002441,1.194710,
0.00365380,-0.002441,1.194710,
0.00365400,0.000000,1.194710,
0.00365420,-0.002441,1.194710,
0.00365440,-0.002441,1.194710,
0.00365460,0.000000,1.210957,
0.00365480,-0.002441,1.194710,
0.00365500,-0.002441,1.178462,
0.00365520,-0.002441,1.194710,
0.00365540,-0.002441,1.194710,
0.00365560,0.000000,1.194710,
0.00365580,0.000000,1.194710,
0.00365600,-0.002441,1.194710,
0.00365620,0.000000,1.194710,
0.00365640,0.000000,1.194710,
0.00365660,-0.002441,1.194710,
0.00365680,-0.002441,1.194710,
0.00365700,-0.002441,1.194710,
0.00365720,0.000000,1.194710,
0.00365740,0.000000,1.178462,
0.00365760,-0.002441,1.178462,
0.00365780,-0.002441,1.194710,
0.00365800,-0.002441,1.194710,
0.00365820,-0.002441,1.194710,
0.00365840,-0.002441,1.194710,
0.00365860,-0.002441,1.194710,
0.00365880,0.000000,1.194710,
0.00365900,-0.002441,1.194710,
0.00365920,-0.002441,1.178462,
0.00365940,0.000000,1.194710,
0.00365960,-0.002441,1.178462,
0.00365980,-0.002441,1.178462,
0.00366000,-0.002441,1.178462,
0.00366020,0.000000,1.178462,
0.00366040,0.000000,1.194710,
0.00366060,0.000000,1.210957,
0.00366080,-0.002441,1.194710,
0.00366100,-0.002441,1.194710,
0.00366120,-0.002441,1.178462,
0.00366140,-0.002441,1.178462,
0.00366160,-0.002441,1.178462,
0.00366180,-0.002441,1.178462,
0.00366200,-0.004883,1.178462,
0.00366220,-0.002441,1.194710,
0.00366240,0.000000,1.194710,
0.00366260,0.000000,1.194710,
0.00366280,-0.002441,1.178462,
0.00366300,-0.002441,1.178462,
0.00366320,0.000000,1.194710,
0.00366340,0.000000,1.194710,
0.00366360,-0.002441,1.178462,
0.00366380,0.000000,1.194710,
0.00366400,0.000000,1.178462,
0.00366420,0.000000,1.210957,
0.00366440,-0.002441,1.194710,
0.00366460,-0.002441,1.194710,
0.00366480,-0.002441,1.194710,
0.00366500,0.000000,1.194710,
0.00366520,-0.002441,1.194710,
0.00366540,0.000000,1.178462,
0.00366560,0.000000,1.178462,
0.00366580,0.000000,1.194710,
0.00366600,-0.002441,1.178462,
0.00366620,0.000000,1.178462,
0.00366640,-0.002441,1.194710,
0.00366660,0.000000,1.210957,
0.00366680,0.000000,1.210957,
0.00366700,0.002441,1.210957,
0.00366720,0.000000,1.194710,
0.00366740,-0.002441,1.178462,
0.00366760,-0.002441,1.178462,
0.00366780,0.000000,1.178462,
0.00366800,-0.002441,1.178462,
0.00366820,0.000000,1.178462,
0.00366840,0.000000,1.194710,
0.00366860,-0.002441,1.194710,
0.00366880,0.000000,1.210957,
0.00366900,-0.002441,1.194710,
0.00366920,0.000000,1.194710,
0.00366940,-0.002441,1.178462,
0.00366960,-0.002441,1.178462,
0.00366980,-0.002441,1.178462,
0.00367000,0.000000,1.194710,
0.00367020,0.000000,1.194710,
0.00367040,-0.002441,1.178462,
0.00367060,-0.002441,1.194710,
0.00367080,-0.002441,1.194710,
0.00367100,0.000000,1.194710,
0.00367120,-0.002441,1.194710,
0.00367140,-0.002441,1.194710,
0.00367160,0.000000,1.194710,
0.00367180,0.000000,1.178462,
0.00367200,-0.002441,1.194710,
0.00367220,0.002441,1.194710,
0.00367240,-0.002441,1.194710,
0.00367260,-0.002441,1.194710,
0.00367280,-0.002441,1.178462,
0.00367300,-0.002441,1.178462,
0.00367320,0.002441,1.194710,
0.00367340,-0.002441,1.178462,
0.00367360,0.000000,1.178462,
0.00367380,0.004883,1.210957,
0.00367400,0.000000,1.194710,
0.00367420,-0.002441,1.178462,
0.00367440,0.000000,1.178462,
0.00367460,-0.002441,1.194710,
0.00367480,0.000000,1.210957,
0.00367500,0.000000,1.194710,
0.00367520,-0.002441,1.178462,
0.00367540,0.000000,1.194710,
0.00367560,-0.002441,1.194710,
0.00367580,0.000000,1.194710,
0.00367600,0.000000,1.194710,
0.00367620,-0.002441,1.194710,
0.00367640,0.000000,1.210957,
0.00367660,0.000000,1.210957,
0.00367680,0.000000,1.178462,
0.00367700,-0.002441,1.178462,
0.00367720,0.000000,1.194710,
0.00367740,0.000000,1.178462,
0.00367760,-0.002441,1.178462,
0.00367780,-0.002441,1.178462,
0.00367800,0.000000,1.194710,
0.00367820,-0.002441,1.194710,
0.00367840,0.000000,1.210957,
0.00367860,-0.002441,1.178462,
0.00367880,0.000000,1.194710,
0.00367900,-0.002441,1.194710,
0.00367920,0.000000,1.194710,
0.00367940,-0.002441,1.194710,
0.00367960,0.000000,1.194710,
0.00367980,0.000000,1.194710,
0.00368000,-0.002441,1.194710,
0.00368020,-0.002441,1.194710,
0.00368040,0.000000,1.210957,
0.00368060,0.000000,1.194710,
0.00368080,-0.004883,1.178462,
0.00368100,-0.002441,1.178462,
0.00368120,-0.002441,1.194710,
0.00368140,0.000000,1.194710,
0.00368160,0.000000,1.194710,
0.00368180,0.000000,1.210957,
0.00368200,-0.002441,1.194710,
0.00368220,-0.002441,1.194710,
0.00368240,-0.002441,1.194710,
0.00368260,-0.002441,1.178462,
0.00368280,0.000000,1.194710,
0.00368300,-0.002441,1.194710,
0.00368320,0.000000,1.194710,
0.00368340,0.000000,1.227205,
0.00368360,0.000000,1.227205,
0.00368380,-0.002441,1.194710,
0.00368400,-0.002441,1.178462,
0.00368420,-0.002441,1.178462,
0.00368440,0.000000,1.178462,
0.00368460,0.000000,1.194710,
0.00368480,0.000000,1.194710,
0.00368500,-0.002441,1.178462,
0.00368520,-0.002441,1.194710,
0.00368540,0.000000,1.210957,
0.00368560,-0.004883,1.194710,
0.00368580,-0.002441,1.210957,
0.00368600,0.000000,1.210957,
0.00368620,0.000000,1.194710,
0.00368640,-0.002441,1.194710,
0.00368660,-0.007324,1.194710,
0.00368680,0.000000,1.210957,
0.00368700,-0.002441,1.194710,
0.00368720,-0.002441,1.194710,
0.00368740,-0.002441,1.194710,
0.00368760,-0.002441,1.194710,
0.00368780,0.000000,1.210957,
0.00368800,0.000000,1.210957,
0.00368820,-0.002441,1.194710,
0.00368840,-0.002441,1.194710,
0.00368860,0.000000,1.178462,
0.00368880,-0.002441,1.194710,
0.00368900,0.000000,1.178462,
0.00368920,0.000000,1.194710,
0.00368940,0.002441,1.194710,
0.00368960,0.000000,1.194710,
0.00368980,-0.002441,1.210957,
0.00369000,-0.002441,1.194710,
0.00369020,-0.002441,1.194710,
0.00369040,-0.002441,1.194710,
0.00369060,0.000000,1.210957,
0.00369080,0.000000,1.194710,
0.00369100,0.000000,1.194710,
0.00369120,-0.002441,1.194710,
0.00369140,-0.002441,1.194710,
0.00369160,0.000000,1.210957,
0.00369180,0.000000,1.194710,
0.00369200,0.000000,1.194710,
0.00369220,-0.002441,1.194710,
0.00369240,-0.002441,1.210957,
0.00369260,0.000000,1.210957,
0.00369280,0.000000,1.194710,
0.00369300,0.000000,1.194710,
0.00369320,0.000000,1.194710,
0.00369340,-0.002441,1.194710,
0.00369360,-0.002441,1.194710,
0.00369380,-0.002441,1.194710,
0.00369400,0.000000,1.194710,
0.00369420,0.000000,1.194710,
0.00369440,-0.002441,1.194710,
0.00369460,-0.002441,1.210957,
0.00369480,0.000000,1.210957,
0.00369500,-0.002441,1.194710,
0.00369520,-0.002441,1.194710,
0.00369540,-0.002441,1.194710,
0.00369560,0.000000,1.194710,
0.00369580,-0.002441,1.210957,
0.00369600,-0.002441,1.210957,
0.00369620,-0.004883,1.194710,
0.00369640,0.000000,1.194710,
0.00369660,-0.002441,1.194710,
0.00369680,-0.002441,1.194710,
0.00369700,-0.002441,1.194710,
0.00369720,-0.002441,1.210957,
0.00369740,-0.002441,1.210957,
0.00369760,0.000000,1.210957,
0.00369780,-0.002441,1.194710,
0.00369800,-0.002441,1.194710,
0.00369820,0.000000,1.194710,
0.00369840,0.000000,1.194710,
0.00369860,-0.004883,1.178462,
0.00369880,0.000000,1.194710,
0.00369900,-0.002441,1.194710,
0.00369920,0.000000,1.210957,
0.00369940,-0.002441,1.210957,
0.00369960,-0.002441,1.194710,
0.00369980,-0.002441,1.194710,
0.00370000,-0.002441,1.194710,
0.00370020,-0.002441,1.194710,
0.00370040,-0.002441,1.194710,
0.00370060,0.000000,1.194710,
0.00370080,-0.002441,1.194710,
0.00370100,0.000000,1.178462,
0.00370120,-0.002441,1.194710,
0.00370140,-0.002441,1.194710,
0.00370160,-0.002441,1.210957,
0.00370180,0.000000,1.194710,
0.00370200,-0.002441,1.210957,
0.00370220,-0.002441,1.210957,
0.00370240,0.002441,1.210957,
0.00370260,-0.002441,1.194710,
0.00370280,0.000000,1.178462,
0.00370300,0.000000,1.178462,
0.00370320,-0.002441,1.194710,
0.00370340,-0.002441,1.194710,
0.00370360,0.000000,1.227205,
0.00370380,-0.002441,1.210957,
0.00370400,0.000000,1.227205,
0.00370420,-0.002441,1.194710,
0.00370440,0.000000,1.194710,
0.00370460,-0.002441,1.194710,
0.00370480,-0.002441,1.194710,
0.00370500,-0.002441,1.194710,
0.00370520,-0.002441,1.210957,
0.00370540,0.000000,1.210957,
0.00370560,0.000000,1.210957,
0.00370580,-0.002441,1.210957,
0.00370600,0.000000,1.210957,
0.00370620,0.000000,1.194710,
0.00370640,-0.002441,1.194710,
0.00370660,-0.002441,1.210957,
0.00370680,0.000000,1.194710,
0.00370700,0.000000,1.210957,
0.00370720,0.000000,1.210957,
0.00370740,-0.002441,1.227205,
0.00370760,0.000000,1.227205,
0.00370780,0.000000,1.210957,
0.00370800,-0.002441,1.194710,
0.00370820,0.000000,1.194710,
0.00370840,0.000000,1.210957,
0.00370860,0.000000,1.210957,
0.00370880,0.000000,1.194710,
0.00370900,-0.002441,1.210957,
0.00370920,-0.002441,1.227205,
0.00370940,-0.002441,1.210957,
0.00370960,-0.002441,1.194710,
0.00370980,-0.002441,1.194710,
0.00371000,-0.002441,1.210957,
0.00371020,-0.002441,1.210957,
0.00371040,0.000000,1.227205,
0.00371060,-0.002441,1.194710,
0.00371080,-0.002441,1.194710,
0.00371100,0.000000,1.194710,
0.00371120,0.000000,1.210957,
0.00371140,-0.002441,1.227205,
0.00371160,-0.002441,1.210957,
0.00371180,-0.002441,1.210957,
0.00371200,0.000000,1.194710,
0.00371220,-0.002441,1.210957,
0.00371240,-0.002441,1.210957,
0.00371260,-0.002441,1.194710,
0.00371280,0.000000,1.210957,
0.00371300,-0.002441,1.210957,
0.00371320,-0.002441,1.210957,
0.00371340,0.000000,1.227205,
0.00371360,0.000000,1.227205,
0.00371380,0.000000,1.227205,
0.00371400,0.000000,1.210957,
0.00371420,0.000000,1.210957,
0.00371440,-0.002441,1.194710,
0.00371460,0.000000,1.194710,
0.00371480,-0.002441,1.227205,
0.00371500,-0.002441,1.210957,
0.00371520,-0.002441,1.210957,
0.00371540,-0.002441,1.210957,
0.00371560,-0.002441,1.227205,
0.00371580,0.000000,1.227205,
0.00371600,0.000000,1.210957,
0.00371620,-0.002441,1.194710,
0.00371640,0.000000,1.194710,
0.00371660,0.000000,1.210957,
0.00371680,0.000000,1.210957,
0.00371700,0.000000,1.210957,
0.00371720,0.000000,1.227205,
0.00371740,0.000000,1.210957,
0.00371760,0.000000,1.210957,
0.00371780,-0.002441,1.194710,
0.00371800,-0.002441,1.194710,
0.00371820,-0.002441,1.210957,
0.00371840,0.000000,1.227205,
0.00371860,0.000000,1.227205,
0.00371880,-0.002441,1.243452,
0.00371900,0.000000,1.227205,
0.00371920,-0.002441,1.210957,
0.00371940,-0.002441,1.194710,
0.00371960,-0.002441,1.194710,
0.00371980,0.000000,1.194710,
0.00372000,0.000000,1.210957,
0.00372020,-0.002441,1.194710,
0.00372040,-0.002441,1.227205,
0.00372060,-0.002441,1.227205,
0.00372080,-0.002441,1.227205,
0.00372100,-0.004883,1.210957,
0.00372120,-0.002441,1.210957,
0.00372140,-0.002441,1.210957,
0.00372160,0.000000,1.227205,
0.00372180,-0.002441,1.210957,
0.00372200,0.002441,1.210957,
0.00372220,-0.002441,1.210957,
0.00372240,0.000000,1.210957,
0.00372260,-0.002441,1.210957,
0.00372280,0.000000,1.210957,
0.00372300,-0.002441,1.227205,
0.00372320,0.000000,1.227205,
0.00372340,0.000000,1.227205,
0.00372360,0.000000,1.227205,
0.00372380,0.000000,1.210957,
0.00372400,-0.002441,1.210957,
0.00372420,-0.002441,1.210957,
0.00372440,-0.002441,1.227205,
0.00372460,0.000000,1.227205,
0.00372480,0.000000,1.210957,
0.00372500,-0.002441,1.227205,
0.00372520,-0.002441,1.227205,
0.00372540,0.000000,1.210957,
0.00372560,-0.002441,1.210957,
0.00372580,0.000000,1.227205,
0.00372600,-0.002441,1.210957,
0.00372620,0.000000,1.227205,
0.00372640,0.000000,1.227205,
0.00372660,0.000000,1.227205,
0.00372680,-0.004883,1.227205,
0.00372700,0.000000,1.227205,
0.00372720,-0.002441,1.227205,
0.00372740,-0.002441,1.227205,
0.00372760,-0.002441,1.210957,
0.00372780,0.000000,1.210957,
0.00372800,0.000000,1.210957,
0.00372820,-0.002441,1.210957,
0.00372840,-0.002441,1.210957,
0.00372860,0.000000,1.227205,
0.00372880,-0.002441,1.227205,
0.00372900,-0.002441,1.210957,
0.00372920,-0.002441,1.227205,
0.00372940,0.000000,1.227205,
0.00372960,0.000000,1.227205,
0.00372980,0.000000,1.210957,
0.00373000,-0.002441,1.210957,
0.00373020,-0.002441,1.227205,
0.00373040,-0.002441,1.227205,
0.00373060,0.000000,1.210957,
0.00373080,-0.002441,1.210957,
0.00373100,-0.002441,1.210957,
0.00373120,0.000000,1.227205,
0.00373140,-0.002441,1.243452,
0.00373160,0.002441,1.227205,
0.00373180,0.000000,1.210957,
0.00373200,-0.002441,1.210957,
0.00373220,-0.002441,1.210957,
0.00373240,0.000000,1.227205,
0.00373260,-0.002441,1.227205,
0.00373280,0.000000,1.227205,
0.00373300,0.000000,1.210957,
0.00373320,0.002441,1.227205,
0.00373340,0.000000,1.227205,
0.00373360,-0.002441,1.227205,
0.00373380,-0.002441,1.227205,
0.00373400,-0.002441,1.210957,
0.00373420,0.000000,1.227205,
0.00373440,-0.002441,1.227205,
0.00373460,0.000000,1.227205,
0.00373480,0.000000,1.243452,
0.00373500,0.000000,1.227205,
0.00373520,0.000000,1.227205,
0.00373540,-0.002441,1.210957,
0.00373560,-0.002441,1.210957,
0.00373580,0.000000,1.210957,
0.00373600,0.000000,1.210957,
0.00373620,0.000000,1.227205,
0.00373640,-0.002441,1.227205,
0.00373660,0.000000,1.227205,
0.00373680,-0.002441,1.227205,
0.00373700,-0.002441,1.227205,
0.00373720,-0.002441,1.227205,
0.00373740,0.000000,1.227205,
0.00373760,0.000000,1.227205,
0.00373780,0.000000,1.210957,
0.00373800,-0.002441,1.194710,
0.00373820,-0.002441,1.210957,
0.00373840,0.000000,1.227205,
0.00373860,-0.002441,1.227205,
0.00373880,-0.002441,1.227205,
0.00373900,0.000000,1.243452,
0.00373920,0.000000,1.243452,
0.00373940,-0.002441,1.227205,
0.00373960,-0.002441,1.210957,
0.00373980,-0.002441,1.210957,
0.00374000,-0.002441,1.210957,
0.00374020,-0.002441,1.210957,
0.00374040,-0.002441,1.227205,
0.00374060,0.000000,1.227205,
0.00374080,-0.002441,1.227205,
0.00374100,-0.002441,1.227205,
0.00374120,0.000000,1.227205,
0.00374140,-0.002441,1.227205,
0.00374160,-0.002441,1.227205,
0.00374180,-0.002441,1.210957,
0.00374200,0.000000,1.227205,
0.00374220,-0.002441,1.227205,
0.00374240,-0.002441,1.227205,
0.00374260,0.000000,1.227205,
0.00374280,-0.002441,1.227205,
0.00374300,-0.002441,1.227205,
0.00374320,-0.002441,1.227205,
0.00374340,-0.002441,1.227205,
0.00374360,-0.002441,1.227205,
0.00374380,-0.002441,1.227205,
0.00374400,-0.002441,1.210957,
0.00374420,0.000000,1.227205,
0.00374440,0.000000,1.243452,
0.00374460,-0.002441,1.227205,
0.00374480,-0.002441,1.227205,
0.00374500,-0.002441,1.227205,
0.00374520,0.000000,1.227205,
0.00374540,-0.004883,1.210957,
0.00374560,0.000000,1.210957,
0.00374580,0.000000,1.210957,
0.00374600,-0.002441,1.227205,
0.00374620,0.000000,1.227205,
0.00374640,-0.002441,1.227205,
0.00374660,-0.002441,1.210957,
0.00374680,-0.002441,1.227205,
0.00374700,0.000000,1.210957,
0.00374720,-0.002441,1.227205,
0.00374740,-0.002441,1.227205,
0.00374760,-0.002441,1.227205,
0.00374780,-0.002441,1.227205,
0.00374800,0.000000,1.227205,
0.00374820,-0.002441,1.210957,
0.00374840,-0.002441,1.210957,
0.00374860,0.000000,1.227205,
0.00374880,-0.002441,1.227205,
0.00374900,-0.002441,1.227205,
0.00374920,-0.002441,1.227205,
0.00374940,0.000000,1.227205,
0.00374960,-0.002441,1.210957,
0.00374980,-0.002441,1.210957,
0.00375000,0.000000,1.227205,
0.00375020,-0.002441,1.227205,
0.00375040,0.000000,1.210957,
0.00375060,0.000000,1.227205,
0.00375080,-0.002441,1.227205,
0.00375100,0.000000,1.227205,
0.00375120,0.000000,1.210957,
0.00375140,0.000000,1.227205,
0.00375160,-0.002441,1.210957,
0.00375180,-0.002441,1.227205,
0.00375200,-0.002441,1.227205,
0.00375220,-0.002441,1.227205,
0.00375240,-0.004883,1.210957,
0.00375260,0.000000,1.210957,
0.00375280,0.000000,1.210957,
0.00375300,-0.002441,1.210957,
0.00375320,-0.002441,1.210957,
0.00375340,0.000000,1.227205,
0.00375360,0.000000,1.227205,
0.00375380,-0.002441,1.243452,
0.00375400,-0.002441,1.243452,
0.00375420,0.000000,1.227205,
0.00375440,0.000000,1.194710,
0.00375460,-0.002441,1.210957,
0.00375480,-0.002441,1.194710,
0.00375500,0.000000,1.210957,
0.00375520,-0.002441,1.227205,
0.00375540,-0.002441,1.243452,
0.00375560,-0.002441,1.227205,
0.00375580,0.000000,1.227205,
0.00375600,-0.002441,1.227205,
0.00375620,-0.002441,1.227205,
0.00375640,0.000000,1.227205,
0.00375660,0.000000,1.227205,
0.00375680,-0.002441,1.210957,
0.00375700,0.000000,1.227205,
0.00375720,-0.002441,1.210957,
0.00375740,0.000000,1.227205,
0.00375760,-0.002441,1.227205,
0.00375780,-0.002441,1.227205,
0.00375800,-0.002441,1.227205,
0.00375820,0.000000,1.227205,
0.00375840,-0.002441,1.210957,
0.00375860,-0.002441,1.210957,
0.00375880,0.000000,1.243452,
0.00375900,0.000000,1.227205,
0.00375920,-0.002441,1.227205,
0.00375940,-0.002441,1.227205,
0.00375960,0.000000,1.227205,
0.00375980,0.000000,1.227205,
0.00376000,0.000000,1.227205,
0.00376020,-0.002441,1.210957,
0.00376040,0.000000,1.227205,
0.00376060,0.000000,1.243452,
0.00376080,-0.002441,1.243452,
0.00376100,-0.002441,1.227205,
0.00376120,0.000000,1.210957,
0.00376140,0.000000,1.227205,
0.00376160,0.000000,1.227205,
0.00376180,-0.002441,1.227205,
0.00376200,0.000000,1.227205,
0.00376220,0.000000,1.227205,
0.00376240,0.000000,1.227205,
0.00376260,-0.004883,1.210957,
0.00376280,-0.002441,1.227205,
0.00376300,0.000000,1.243452,
0.00376320,-0.002441,1.227205,
0.00376340,0.000000,1.227205,
0.00376360,-0.002441,1.210957,
0.00376380,0.000000,1.227205,
0.00376400,0.000000,1.227205,
0.00376420,-0.002441,1.227205,
0.00376440,0.000000,1.227205,
0.00376460,0.000000,1.227205,
0.00376480,0.000000,1.210957,
0.00376500,0.000000,1.210957,
0.00376520,0.000000,1.210957,
0.00376540,0.000000,1.210957,
0.00376560,0.000000,1.227205,
0.00376580,-0.002441,1.227205,
0.00376600,-0.002441,1.227205,
0.00376620,-0.002441,1.227205,
0.00376640,0.000000,1.227205,
0.00376660,-0.002441,1.227205,
0.00376680,0.000000,1.210957,
0.00376700,0.000000,1.227205,
0.00376720,0.000000,1.210957,
0.00376740,0.000000,1.227205,
0.00376760,-0.002441,1.210957,
0.00376780,-0.002441,1.210957,
0.00376800,0.000000,1.243452,
0.00376820,-0.002441,1.227205,
0.00376840,-0.002441,1.227205,
0.00376860,0.000000,1.227205,
0.00376880,0.000000,1.243452,
0.00376900,0.000000,1.227205,
0.00376920,0.000000,1.227205,
0.00376940,0.000000,1.227205,
0.00376960,0.000000,1.243452,
0.00376980,0.000000,1.243452,
0.00377000,-0.002441,1.243452,
0.00377020,0.000000,1.227205,
0.00377040,0.000000,1.227205,
0.00377060,-0.002441,1.227205,
0.00377080,-0.002441,1.210957,
0.00377100,0.000000,1.210957,
0.00377120,0.000000,1.210957,
0.00377140,-0.002441,1.210957,
0.00377160,-0.002441,1.227205,
0.00377180,-0.002441,1.259700,
0.00377200,-0.002441,1.243452,
0.00377220,-0.002441,1.243452,
0.00377240,-0.002441,1.227205,
0.00377260,-0.002441,1.210957,
0.00377280,0.000000,1.227205,
0.00377300,0.000000,1.210957,
0.00377320,0.000000,1.210957,
0.00377340,-0.002441,1.227205,
0.00377360,0.000000,1.227205,
0.00377380,0.000000,1.227205,
0.00377400,-0.004883,1.227205,
0.00377420,0.000000,1.243452,
0.00377440,0.000000,1.243452,
0.00377460,0.000000,1.227205,
0.00377480,-0.002441,1.210957,
0.00377500,0.000000,1.210957,
0.00377520,-0.002441,1.227205,
0.00377540,-0.002441,1.227205,
0.00377560,-0.002441,1.227205,
0.00377580,0.000000,1.227205,
0.00377600,0.000000,1.243452,
0.00377620,-0.002441,1.243452,
0.00377640,0.000000,1.227205,
0.00377660,0.000000,1.227205,
0.00377680,0.000000,1.227205,
0.00377700,-0.002441,1.227205,
0.00377720,-0.002441,1.227205,
0.00377740,0.000000,1.227205,
0.00377760,-0.002441,1.227205,
0.00377780,-0.002441,1.227205,
0.00377800,0.000000,1.227205,
0.00377820,0.000000,1.243452,
0.00377840,-0.002441,1.227205,
0.00377860,-0.002441,1.243452,
0.00377880,0.000000,1.227205,
0.00377900,-0.002441,1.210957,
0.00377920,0.000000,1.227205,
0.00377940,-0.002441,1.227205,
0.00377960,-0.002441,1.227205,
0.00377980,-0.002441,1.243452,
0.00378000,-0.002441,1.227205,
0.00378020,-0.002441,1.227205,
0.00378040,-0.002441,1.227205,
0.00378060,0.000000,1.227205,
0.00378080,0.000000,1.227205,
0.00378100,0.000000,1.227205,
0.00378120,0.000000,1.227205,
0.00378140,-0.002441,1.227205,
0.00378160,0.000000,1.227205,
0.00378180,0.000000,1.227205,
0.00378200,-0.002441,1.227205,
0.00378220,0.000000,1.243452,
0.00378240,-0.002441,1.227205,
0.00378260,0.000000,1.227205,
0.00378280,-0.002441,1.227205,
0.00378300,0.000000,1.227205,
0.00378320,-0.002441,1.227205,
0.00378340,-0.002441,1.227205,
0.00378360,-0.004883,1.227205,
0.00378380,0.000000,1.227205,
0.00378400,-0.002441,1.227205,
0.00378420,-0.002441,1.227205,
0.00378440,0.000000,1.227205,
0.00378460,0.000000,1.227205,
0.00378480,-0.002441,1.210957,
0.00378500,-0.002441,1.210957,
0.00378520,-0.002441,1.210957,
0.00378540,-0.002441,1.227205,
0.00378560,-0.002441,1.227205,
0.00378580,0.000000,1.227205,
0.00378600,0.000000,1.210957,
0.00378620,0.000000,1.227205,
0.00378640,-0.002441,1.227205,
0.00378660,0.000000,1.227205,
0.00378680,-0.002441,1.227205,
0.00378700,-0.002441,1.210957,
0.00378720,0.000000,1.227205,
0.00378740,0.000000,1.227205,
0.00378760,-0.002441,1.210957,
0.00378780,0.000000,1.210957,
0.00378800,-0.002441,1.194710,
0.00378820,-0.002441,1.210957,
0.00378840,-0.002441,1.210957,
0.00378860,0.000000,1.243452,
0.00378880,0.000000,1.243452,
0.00378900,0.000000,1.243452,
0.00378920,0.000000,1.227205,
0.00378940,-0.002441,1.227205,
0.00378960,0.000000,1.194710,
0.00378980,0.000000,1.210957,
0.00379000,-0.002441,1.194710,
0.00379020,-0.002441,1.210957,
0.00379040,0.000000,1.227205,
0.00379060,0.000000,1.227205,
0.00379080,-0.002441,1.227205,
0.00379100,-0.002441,1.227205,
0.00379120,0.000000,1.210957,
0.00379140,-0.002441,1.210957,
0.00379160,-0.002441,1.210957,
0.00379180,-0.002441,1.210957,
0.00379200,0.000000,1.227205,
0.00379220,0.000000,1.227205,
0.00379240,-0.002441,1.210957,
0.00379260,0.002441,1.210957,
0.00379280,-0.002441,1.210957,
0.00379300,0.000000,1.210957,
0.00379320,-0.004883,1.210957,
0.00379340,0.000000,1.227205,
0.00379360,-0.002441,1.227205,
0.00379380,0.000000,1.227205,
0.00379400,0.000000,1.227205,
0.00379420,0.002441,1.227205,
0.00379440,-0.002441,1.227205,
0.00379460,0.000000,1.210957,
0.00379480,-0.002441,1.210957,
0.00379500,-0.002441,1.210957,
0.00379520,0.000000,1.227205,
0.00379540,0.000000,1.227205,
0.00379560,0.000000,1.227205,
0.00379580,0.002441,1.227205,
0.00379600,-0.002441,1.210957,
0.00379620,-0.002441,1.210957,
0.00379640,0.000000,1.227205,
0.00379660,-0.002441,1.210957,
0.00379680,-0.002441,1.227205,
0.00379700,-0.002441,1.227205,
0.00379720,-0.002441,1.227205,
0.00379740,0.000000,1.210957,
0.00379760,0.000000,1.210957,
0.00379780,-0.002441,1.210957,
0.00379800,-0.002441,1.210957,
0.00379820,-0.002441,1.210957,
0.00379840,0.000000,1.210957,
0.00379860,-0.002441,1.227205,
0.00379880,-0.002441,1.227205,
0.00379900,0.000000,1.227205,
0.00379920,0.000000,1.227205,
0.00379940,0.000000,1.227205,
0.00379960,-0.002441,1.227205,
0.00379980,0.000000,1.210957,
0.00380000,-0.002441,1.210957,
0.00380020,-0.002441,1.210957,
0.00380040,0.000000,1.210957,
0.00380060,-0.002441,1.210957,
0.00380080,0.000000,1.227205,
0.00380100,0.000000,1.227205,
0.00380120,-0.002441,1.227205,
0.00380140,-0.002441,1.210957,
0.00380160,0.000000,1.227205,
0.00380180,0.000000,1.227205,
0.00380200,0.000000,1.227205,
0.00380220,-0.002441,1.210957,
0.00380240,-0.002441,1.227205,
0.00380260,0.000000,1.210957,
0.00380280,-0.002441,1.210957,
0.00380300,-0.002441,1.227205,
0.00380320,-0.002441,1.227205,
0.00380340,0.000000,1.243452,
0.00380360,0.000000,1.227205,
0.00380380,0.000000,1.227205,
0.00380400,-0.002441,1.227205,
0.00380420,-0.002441,1.210957,
0.00380440,0.000000,1.227205,
0.00380460,-0.002441,1.227205,
0.00380480,0.000000,1.227205,
0.00380500,-0.002441,1.227205,
0.00380520,0.000000,1.227205,
0.00380540,-0.002441,1.227205,
0.00380560,-0.002441,1.227205,
0.00380580,-0.002441,1.227205,
0.00380600,-0.002441,1.210957,
0.00380620,0.000000,1.210957,
0.00380640,-0.002441,1.210957,
0.00380660,0.000000,1.227205,
0.00380680,0.000000,1.243452,
0.00380700,0.000000,1.243452,
0.00380720,0.000000,1.259700,
0.00380740,-0.004883,1.227205,
0.00380760,-0.002441,1.227205,
0.00380780,-0.002441,1.227205,
0.00380800,-0.002441,1.210957,
0.00380820,0.000000,1.194710,
0.00380840,-0.002441,1.210957,
0.00380860,-0.002441,1.227205,
0.00380880,0.000000,1.243452,
0.00380900,-0.002441,1.227205,
0.00380920,-0.002441,1.227205,
0.00380940,-0.002441,1.210957,
0.00380960,0.000000,1.243452,
0.00380980,-0.002441,1.227205,
0.00381000,-0.002441,1.227205,
0.00381020,-0.004883,1.210957,
0.00381040,0.000000,1.227205,
0.00381060,-0.002441,1.210957,
0.00381080,-0.002441,1.227205,
0.00381100,0.000000,1.227205,
0.00381120,0.000000,1.243452,
0.00381140,0.000000,1.227205,
0.00381160,-0.002441,1.227205,
0.00381180,0.000000,1.210957,
0.00381200,0.000000,1.227205,
0.00381220,-0.002441,1.210957,
0.00381240,-0.002441,1.227205,
0.00381260,-0.002441,1.227205,
0.00381280,0.000000,1.227205,
0.00381300,0.000000,1.227205,
0.00381320,0.000000,1.210957,
0.00381340,-0.002441,1.227205,
0.00381360,-0.002441,1.227205,
0.00381380,-0.002441,1.210957,
0.00381400,-0.002441,1.210957,
0.00381420,-0.002441,1.210957,
0.00381440,-0.002441,1.227205,
0.00381460,-0.002441,1.227205,
0.00381480,-0.002441,1.227205,
0.00381500,-0.002441,1.227205,
0.00381520,0.000000,1.227205,
0.00381540,0.000000,1.227205,
0.00381560,-0.002441,1.227205,
0.00381580,-0.002441,1.227205,
0.00381600,-0.002441,1.210957,
0.00381620,0.000000,1.210957,
0.00381640,-0.002441,1.227205,
0.00381660,-0.002441,1.227205,
0.00381680,-0.002441,1.227205,
0.00381700,-0.002441,1.227205,
0.00381720,-0.002441,1.210957,
0.00381740,0.000000,1.210957,
0.00381760,0.000000,1.227205,
0.00381780,0.000000,1.243452,
0.00381800,-0.002441,1.210957,
0.00381820,0.000000,1.210957,
0.00381840,0.000000,1.210957,
0.00381860,0.000000,1.210957,
0.00381880,-0.002441,1.227205,
0.00381900,-0.002441,1.227205,
0.00381920,0.000000,1.227205,
0.00381940,0.000000,1.227205,
0.00381960,0.000000,1.210957,
0.00381980,-0.002441,1.210957,
0.00382000,0.000000,1.210957,
0.00382020,0.000000,1.210957,
0.00382040,-0.002441,1.227205,
0.00382060,0.000000,1.210957,
0.00382080,0.000000,1.210957,
0.00382100,0.000000,1.210957,
0.00382120,0.000000,1.227205,
0.00382140,-0.002441,1.227205,
0.00382160,-0.002441,1.210957,
0.00382180,-0.004883,1.194710,
0.00382200,-0.002441,1.210957,
0.00382220,-0.002441,1.210957,
0.00382240,0.000000,1.210957,
0.00382260,-0.002441,1.210957,
0.00382280,0.000000,1.194710,
0.00382300,-0.002441,1.194710,
0.00382320,-0.002441,1.210957,
0.00382340,-0.002441,1.210957,
0.00382360,-0.002441,1.210957,
0.00382380,-0.002441,1.210957,
0.00382400,0.000000,1.227205,
0.00382420,-0.002441,1.227205,
0.00382440,-0.002441,1.227205,
0.00382460,0.000000,1.210957,
0.00382480,-0.002441,1.194710,
0.00382500,0.000000,1.194710,
0.00382520,0.000000,1.210957,
0.00382540,0.000000,1.210957,
0.00382560,-0.002441,1.210957,
0.00382580,0.000000,1.227205,
0.00382600,-0.002441,1.210957,
0.00382620,0.000000,1.210957,
0.00382640,-0.002441,1.227205,
0.00382660,-0.002441,1.210957,
0.00382680,-0.002441,1.210957,
0.00382700,-0.002441,1.194710,
0.00382720,-0.002441,1.194710,
0.00382740,0.000000,1.210957,
0.00382760,-0.002441,1.210957,
0.00382780,-0.002441,1.210957,
0.00382800,0.002441,1.227205,
0.00382820,0.000000,1.210957,
0.00382840,-0.002441,1.210957,
0.00382860,-0.002441,1.194710,
0.00382880,0.000000,1.210957,
0.00382900,-0.002441,1.227205,
0.00382920,0.000000,1.210957,
0.00382940,0.000000,1.210957,
0.00382960,0.000000,1.210957,
0.00382980,-0.002441,1.210957,
0.00383000,-0.002441,1.194710,
0.00383020,-0.002441,1.210957,
0.00383040,0.000000,1.210957,
0.00383060,0.000000,1.227205,
0.00383080,-0.002441,1.210957,
0.00383100,-0.002441,1.210957,
0.00383120,0.000000,1.210957,
0.00383140,-0.002441,1.194710,
0.00383160,-0.002441,1.194710,
0.00383180,-0.002441,1.194710,
0.00383200,-0.002441,1.210957,
0.00383220,0.000000,1.210957,
0.00383240,-0.002441,1.210957,
0.00383260,-0.002441,1.210957,
0.00383280,-0.002441,1.210957,
0.00383300,-0.002441,1.194710,
0.00383320,-0.002441,1.210957,
0.00383340,-0.002441,1.210957,
0.00383360,0.000000,1.210957,
0.00383380,-0.002441,1.194710,
0.00383400,-0.002441,1.210957,
0.00383420,0.002441,1.227205,
0.00383440,0.000000,1.227205,
0.00383460,0.000000,1.210957,
0.00383480,0.000000,1.210957,
0.00383500,-0.002441,1.194710,
0.00383520,-0.002441,1.194710,
0.00383540,0.000000,1.210957,
0.00383560,0.000000,1.210957,
0.00383580,-0.002441,1.210957,
0.00383600,-0.002441,1.210957,
0.00383620,-0.002441,1.210957,
0.00383640,-0.002441,1.194710,
0.00383660,-0.002441,1.194710,
0.00383680,-0.002441,1.210957,
0.00383700,-0.002441,1.194710,
0.00383720,-0.002441,1.194710,
0.00383740,0.000000,1.194710,
0.00383760,0.000000,1.210957,
0.00383780,-0.002441,1.210957,
0.00383800,0.000000,1.210957,
0.00383820,-0.002441,1.210957,
0.00383840,-0.002441,1.210957,
0.00383860,-0.002441,1.210957,
0.00383880,0.000000,1.210957,
0.00383900,0.000000,1.210957,
0.00383920,0.000000,1.194710,
0.00383940,-0.002441,1.178462,
0.00383960,-0.002441,1.194710,
0.00383980,-0.002441,1.210957,
0.00384000,0.000000,1.227205,
0.00384020,0.000000,1.227205,
0.00384040,-0.002441,1.210957,
0.00384060,-0.002441,1.194710,
0.00384080,-0.002441,1.210957,
0.00384100,0.000000,1.194710,
0.00384120,-0.002441,1.194710,
0.00384140,-0.002441,1.194710,
0.00384160,-0.002441,1.194710,
0.00384180,-0.002441,1.210957,
0.00384200,0.000000,1.210957,
0.00384220,0.000000,1.210957,
0.00384240,-0.002441,1.227205,
0.00384260,0.000000,1.210957,
0.00384280,0.000000,1.194710,
0.00384300,-0.002441,1.194710,
0.00384320,0.000000,1.194710,
0.00384340,0.000000,1.194710,
0.00384360,0.000000,1.194710,
0.00384380,-0.002441,1.210957,
0.00384400,-0.002441,1.227205,
0.00384420,0.000000,1.210957,
0.00384440,0.000000,1.210957,
0.00384460,-0.002441,1.194710,
0.00384480,-0.002441,1.194710,
0.00384500,0.000000,1.194710,
0.00384520,-0.002441,1.210957,
0.00384540,0.000000,1.194710,
0.00384560,0.000000,1.210957,
0.00384580,-0.002441,1.194710,
0.00384600,-0.002441,1.210957,
0.00384620,-0.002441,1.194710,
0.00384640,0.000000,1.194710,
0.00384660,-0.004883,1.194710,
0.00384680,-0.002441,1.210957,
0.00384700,0.000000,1.210957,
0.00384720,0.000000,1.227205,
0.00384740,-0.002441,1.210957,
0.00384760,-0.004883,1.194710,
0.00384780,-0.002441,1.194710,
0.00384800,0.000000,1.210957,
0.00384820,-0.002441,1.210957,
0.00384840,-0.002441,1.210957,
0.00384860,-0.002441,1.194710,
0.00384880,0.000000,1.210957,
0.00384900,-0.002441,1.210957,
0.00384920,0.000000,1.210957,
0.00384940,-0.002441,1.194710,
0.00384960,0.000000,1.194710,
0.00384980,0.000000,1.194710,
0.00385000,0.000000,1.210957,
0.00385020,-0.002441,1.194710,
0.00385040,-0.004883,1.194710,
0.00385060,-0.002441,1.210957,
0.00385080,-0.002441,1.194710,
0.00385100,-0.004883,1.178462,
0.00385120,0.000000,1.194710,
0.00385140,0.000000,1.210957,
0.00385160,-0.002441,1.210957,
0.00385180,-0.002441,1.194710,
0.00385200,-0.002441,1.194710,
0.00385220,0.000000,1.194710,
0.00385240,-0.002441,1.210957,
0.00385260,-0.002441,1.194710,
0.00385280,-0.004883,1.194710,
0.00385300,0.000000,1.194710,
0.00385320,0.000000,1.194710,
0.00385340,0.000000,1.194710,
0.00385360,0.000000,1.194710,
0.00385380,-0.002441,1.210957,
0.00385400,-0.002441,1.210957,
0.00385420,-0.002441,1.194710,
0.00385440,-0.002441,1.194710,
0.00385460,0.000000,1.194710,
0.00385480,-0.002441,1.210957,
0.00385500,-0.002441,1.210957,
0.00385520,0.002441,1.210957,
0.00385540,-0.002441,1.194710,
0.00385560,-0.002441,1.194710,
0.00385580,-0.002441,1.194710,
0.00385600,-0.002441,1.194710,
0.00385620,0.002441,1.194710,
0.00385640,0.000000,1.194710,
0.00385660,0.000000,1.194710,
0.00385680,0.002441,1.194710,
0.00385700,-0.002441,1.194710,
0.00385720,-0.002441,1.194710,
0.00385740,-0.002441,1.194710,
0.00385760,-0.002441,1.194710,
0.00385780,0.000000,1.194710,
0.00385800,0.000000,1.194710,
0.00385820,0.000000,1.194710,
0.00385840,0.000000,1.194710,
0.00385860,-0.002441,1.194710,
0.00385880,0.000000,1.210957,
0.00385900,-0.004883,1.210957,
0.00385920,-0.002441,1.227205,
0.00385940,-0.002441,1.210957,
0.00385960,0.000000,1.194710,
0.00385980,-0.002441,1.178462,
0.00386000,-0.002441,1.162215,
0.00386020,-0.002441,1.178462,
0.00386040,0.000000,1.194710,
0.00386060,-0.002441,1.194710,
0.00386080,0.000000,1.210957,
0.00386100,-0.002441,1.194710,
0.00386120,0.000000,1.194710,
0.00386140,-0.002441,1.194710,
0.00386160,-0.002441,1.194710,
0.00386180,-0.002441,1.194710,
0.00386200,-0.002441,1.178462,
0.00386220,-0.002441,1.178462,
0.00386240,-0.004883,1.194710,
0.00386260,-0.002441,1.194710,
0.00386280,-0.002441,1.210957,
0.00386300,-0.002441,1.194710,
0.00386320,-0.002441,1.178462,
0.00386340,0.000000,1.194710,
0.00386360,-0.002441,1.178462,
0.00386380,-0.002441,1.178462,
0.00386400,-0.002441,1.178462,
0.00386420,0.000000,1.194710,
0.00386440,0.000000,1.194710,
0.00386460,0.000000,1.210957,
0.00386480,-0.002441,1.178462,
0.00386500,0.000000,1.194710,
0.00386520,-0.002441,1.178462,
0.00386540,-0.002441,1.194710,
0.00386560,-0.002441,1.194710,
0.00386580,-0.002441,1.194710,
0.00386600,-0.002441,1.194710,
0.00386620,-0.002441,1.178462,
0.00386640,0.000000,1.178462,
0.00386660,-0.002441,1.194710,
0.00386680,-0.002441,1.178462,
0.00386700,-0.002441,1.178462,
0.00386720,0.000000,1.178462,
0.00386740,-0.002441,1.194710,
0.00386760,0.000000,1.178462,
0.00386780,0.000000,1.194710,
0.00386800,-0.004883,1.194710,
0.00386820,-0.002441,1.194710,
0.00386840,0.000000,1.178462,
0.00386860,-0.002441,1.178462,
0.00386880,0.000000,1.178462,
0.00386900,-0.002441,1.178462,
0.00386920,0.000000,1.194710,
0.00386940,0.000000,1.194710,
0.00386960,-0.002441,1.194710,
0.00386980,0.000000,1.194710,
0.00387000,-0.002441,1.178462,
0.00387020,-0.002441,1.178462,
0.00387040,0.000000,1.178462,
0.00387060,-0.002441,1.178462,
0.00387080,-0.002441,1.178462,
0.00387100,-0.002441,1.178462,
0.00387120,-0.002441,1.178462,
0.00387140,-0.002441,1.194710,
0.00387160,-0.002441,1.178462,
0.00387180,-0.002441,1.178462,
0.00387200,-0.004883,1.178462,
0.00387220,-0.002441,1.178462,
0.00387240,0.000000,1.178462,
0.00387260,-0.002441,1.178462,
0.00387280,-0.002441,1.178462,
0.00387300,0.000000,1.194710,
0.00387320,-0.002441,1.162215,
0.00387340,-0.002441,1.178462,
0.00387360,-0.002441,1.178462,
0.00387380,-0.002441,1.178462,
0.00387400,0.000000,1.178462,
0.00387420,-0.002441,1.178462,
0.00387440,0.000000,1.194710,
0.00387460,0.000000,1.178462,
0.00387480,-0.002441,1.178462,
0.00387500,-0.002441,1.178462,
0.00387520,-0.002441,1.178462,
0.00387540,0.000000,1.178462,
0.00387560,-0.002441,1.178462,
0.00387580,-0.002441,1.194710,
0.00387600,-0.002441,1.178462,
0.00387620,-0.002441,1.178462,
0.00387640,-0.002441,1.162215,
0.00387660,-0.002441,1.162215,
0.00387680,0.000000,1.178462,
0.00387700,-0.002441,1.178462,
0.00387720,0.000000,1.194710,
0.00387740,-0.002441,1.194710,
0.00387760,0.000000,1.194710,
0.00387780,-0.002441,1.178462,
0.00387800,-0.002441,1.178462,
0.00387820,-0.002441,1.178462,
0.00387840,-0.002441,1.178462,
0.00387860,-0.002441,1.162215,
0.00387880,0.000000,1.178462,
0.00387900,-0.002441,1.178462,
0.00387920,0.000000,1.178462,
0.00387940,0.000000,1.194710,
0.00387960,-0.002441,1.178462,
0.00387980,0.000000,1.162215,
0.00388000,0.000000,1.178462,
0.00388020,-0.002441,1.178462,
0.00388040,-0.002441,1.178462,
0.00388060,-0.002441,1.178462,
0.00388080,0.000000,1.178462,
0.00388100,-0.004883,1.178462,
0.00388120,-0.002441,1.178462,
0.00388140,-0.002441,1.178462,
0.00388160,-0.002441,1.162215,
0.00388180,-0.002441,1.178462,
0.00388200,-0.002441,1.178462,
0.00388220,-0.002441,1.178462,
0.00388240,0.000000,1.178462,
0.00388260,0.000000,1.194710,
0.00388280,-0.002441,1.178462,
0.00388300,0.000000,1.178462,
0.00388320,-0.002441,1.162215,
0.00388340,0.000000,1.178462,
0.00388360,0.000000,1.194710,
0.00388380,-0.002441,1.178462,
0.00388400,-0.002441,1.178462,
0.00388420,0.000000,1.178462,
0.00388440,-0.002441,1.178462,
0.00388460,-0.002441,1.178462,
0.00388480,-0.002441,1.178462,
0.00388500,-0.002441,1.178462,
0.00388520,-0.002441,1.178462,
0.00388540,0.000000,1.178462,
0.00388560,0.000000,1.178462,
0.00388580,-0.002441,1.178462,
0.00388600,0.000000,1.178462,
0.00388620,-0.002441,1.178462,
0.00388640,-0.002441,1.162215,
0.00388660,-0.002441,1.178462,
0.00388680,0.000000,1.178462,
0.00388700,0.000000,1.178462,
0.00388720,-0.002441,1.178462,
0.00388740,0.000000,1.178462,
0.00388760,-0.002441,1.178462,
0.00388780,-0.002441,1.178462,
0.00388800,-0.002441,1.178462,
0.00388820,0.000000,1.178462,
0.00388840,-0.002441,1.194710,
0.00388860,0.000000,1.194710,
0.00388880,-0.002441,1.178462,
0.00388900,0.000000,1.178462,
0.00388920,-0.002441,1.178462,
0.00388940,-0.002441,1.178462,
0.00388960,-0.002441,1.178462,
0.00388980,0.000000,1.194710,
0.00389000,0.000000,1.194710,
0.00389020,-0.002441,1.178462,
0.00389040,0.000000,1.178462,
0.00389060,0.000000,1.178462,
0.00389080,-0.002441,1.162215,
0.00389100,-0.002441,1.194710,
0.00389120,-0.002441,1.178462,
0.00389140,0.000000,1.194710,
0.00389160,0.000000,1.178462,
0.00389180,0.000000,1.178462,
0.00389200,-0.002441,1.178462,
0.00389220,0.000000,1.194710,
0.00389240,-0.002441,1.194710,
0.00389260,-0.002441,1.178462,
0.00389280,-0.002441,1.162215,
0.00389300,0.000000,1.162215,
0.00389320,-0.002441,1.162215,
0.00389340,0.000000,1.162215,
0.00389360,0.000000,1.178462,
0.00389380,0.000000,1.194710,
0.00389400,-0.002441,1.194710,
0.00389420,-0.002441,1.194710,
0.00389440,-0.002441,1.194710,
0.00389460,0.000000,1.178462,
0.00389480,0.000000,1.162215,
0.00389500,-0.002441,1.162215,
0.00389520,-0.002441,1.162215,
0.00389540,-0.002441,1.178462,
0.00389560,0.000000,1.178462,
0.00389580,0.000000,1.178462,
0.00389600,-0.002441,1.178462,
0.00389620,0.000000,1.194710,
0.00389640,0.000000,1.178462,
0.00389660,0.000000,1.178462,
0.00389680,-0.002441,1.162215,
0.00389700,-0.002441,1.162215,
0.00389720,0.000000,1.162215,
0.00389740,-0.002441,1.162215,
0.00389760,-0.002441,1.178462,
0.00389780,0.000000,1.178462,
0.00389800,0.000000,1.194710,
0.00389820,-0.002441,1.178462,
0.00389840,0.000000,1.178462,
0.00389860,-0.002441,1.178462,
0.00389880,-0.002441,1.178462,
0.00389900,-0.002441,1.162215,
0.00389920,-0.002441,1.162215,
0.00389940,-0.002441,1.178462,
0.00389960,0.000000,1.178462,
0.00389980,-0.002441,1.162215,
0.00390000,-0.002441,1.162215,
0.00390020,-0.002441,1.178462,
0.00390040,-0.002441,1.162215,
0.00390060,-0.002441,1.162215,
0.00390080,-0.002441,1.162215,
0.00390100,-0.002441,1.162215,
0.00390120,-0.002441,1.178462,
0.00390140,-0.002441,1.178462,
0.00390160,0.000000,1.162215,
0.00390180,-0.002441,1.178462,
0.00390200,-0.002441,1.178462,
0.00390220,0.000000,1.178462,
0.00390240,-0.002441,1.178462,
0.00390260,-0.002441,1.162215,
0.00390280,0.000000,1.162215,
0.00390300,0.002441,1.178462,
0.00390320,-0.002441,1.162215,
0.00390340,-0.002441,1.162215,
0.00390360,-0.002441,1.178462,
0.00390380,-0.002441,1.178462,
0.00390400,-0.004883,1.162215,
0.00390420,-0.002441,1.162215,
0.00390440,-0.002441,1.162215,
0.00390460,0.000000,1.162215,
0.00390480,-0.002441,1.162215,
0.00390500,-0.002441,1.162215,
0.00390520,0.000000,1.178462,
0.00390540,0.000000,1.178462,
0.00390560,-0.002441,1.162215,
0.00390580,-0.002441,1.162215,
0.00390600,0.000000,1.178462,
0.00390620,0.000000,1.178462,
0.00390640,-0.002441,1.162215,
0.00390660,-0.002441,1.162215,
0.00390680,-0.002441,1.162215,
0.00390700,-0.002441,1.162215,
0.00390720,-0.002441,1.162215,
0.00390740,-0.002441,1.162215,
0.00390760,0.000000,1.178462,
0.00390780,0.000000,1.178462,
0.00390800,0.000000,1.162215,
0.00390820,-0.002441,1.162215,
0.00390840,-0.002441,1.162215,
0.00390860,0.000000,1.162215,
0.00390880,-0.004883,1.145967,
0.00390900,0.000000,1.162215,
0.00390920,0.000000,1.162215,
0.00390940,0.000000,1.162215,
0.00390960,0.000000,1.162215,
0.00390980,0.000000,1.178462,
0.00391000,-0.002441,1.178462,
0.00391020,-0.002441,1.162215,
0.00391040,-0.002441,1.145967,
0.00391060,-0.002441,1.162215,
0.00391080,-0.002441,1.162215,
0.00391100,-0.002441,1.178462,
0.00391120,-0.002441,1.162215,
0.00391140,0.000000,1.145967,
0.00391160,-0.002441,1.145967,
0.00391180,-0.002441,1.145967,
0.00391200,-0.002441,1.162215,
0.00391220,0.000000,1.178462,
0.00391240,-0.002441,1.178462,
0.00391260,0.000000,1.178462,
0.00391280,-0.002441,1.162215,
0.00391300,-0.002441,1.162215,
0.00391320,0.000000,1.162215,
0.00391340,0.000000,1.145967,
0.00391360,-0.002441,1.145967,
0.00391380,0.000000,1.162215,
0.00391400,-0.002441,1.162215,
0.00391420,-0.002441,1.162215,
0.00391440,0.000000,1.145967,
0.00391460,-0.002441,1.162215,
0.00391480,0.000000,1.162215,
0.00391500,-0.002441,1.145967,
0.00391520,-0.002441,1.162215,
0.00391540,0.000000,1.162215,
0.00391560,0.000000,1.162215,
0.00391580,0.000000,1.162215,
0.00391600,0.000000,1.162215,
0.00391620,-0.002441,1.145967,
0.00391640,0.000000,1.162215,
0.00391660,0.000000,1.162215,
0.00391680,-0.002441,1.162215,
0.00391700,-0.002441,1.162215,
0.00391720,0.000000,1.162215,
0.00391740,0.000000,1.162215,
0.00391760,0.000000,1.162215,
0.00391780,0.002441,1.162215,
0.00391800,-0.002441,1.178462,
0.00391820,-0.002441,1.162215,
0.00391840,-0.002441,1.162215,
0.00391860,-0.002441,1.162215,
0.00391880,-0.002441,1.162215,
0.00391900,-0.002441,1.162215,
0.00391920,-0.002441,1.145967,
0.00391940,0.002441,1.162215,
0.00391960,0.000000,1.162215,
0.00391980,-0.002441,1.162215,
0.00392000,-0.002441,1.162215,
0.00392020,-0.002441,1.178462,
0.00392040,0.000000,1.178462,
0.00392060,0.000000,1.162215,
0.00392080,-0.002441,1.162215,
0.00392100,0.002441,1.145967,
0.00392120,0.000000,1.145967,
0.00392140,-0.002441,1.145967,
0.00392160,-0.002441,1.162215,
0.00392180,0.000000,1.162215,
0.00392200,0.000000,1.162215,
0.00392220,0.000000,1.162215,
0.00392240,-0.002441,1.178462,
0.00392260,-0.002441,1.162215,
0.00392280,0.000000,1.162215,
0.00392300,-0.002441,1.145967,
0.00392320,-0.002441,1.145967,
0.00392340,0.000000,1.162215,
0.00392360,0.000000,1.162215,
0.00392380,0.000000,1.162215,
0.00392400,-0.002441,1.162215,
0.00392420,-0.002441,1.162215,
0.00392440,-0.002441,1.178462,
0.00392460,-0.002441,1.162215,
0.00392480,-0.002441,1.162215,
0.00392500,-0.002441,1.162215,
0.00392520,0.000000,1.178462,
0.00392540,0.000000,1.162215,
0.00392560,-0.002441,1.162215,
0.00392580,-0.002441,1.162215,
0.00392600,0.000000,1.162215,
0.00392620,0.000000,1.162215,
0.00392640,-0.002441,1.162215,
0.00392660,-0.002441,1.178462,
0.00392680,0.000000,1.162215,
0.00392700,0.000000,1.162215,
0.00392720,-0.002441,1.162215,
0.00392740,-0.002441,1.145967,
0.00392760,-0.002441,1.162215,
0.00392780,0.000000,1.162215,
0.00392800,-0.002441,1.162215,
0.00392820,-0.002441,1.145967,
0.00392840,-0.002441,1.145967,
0.00392860,-0.002441,1.162215,
0.00392880,-0.002441,1.162215,
0.00392900,0.000000,1.178462,
0.00392920,-0.004883,1.178462,
0.00392940,-0.002441,1.178462,
0.00392960,-0.002441,1.162215,
0.00392980,0.000000,1.162215,
0.00393000,0.000000,1.145967,
0.00393020,0.000000,1.145967,
0.00393040,-0.002441,1.162215,
0.00393060,-0.002441,1.162215,
0.00393080,-0.002441,1.178462,
0.00393100,-0.002441,1.162215,
0.00393120,-0.002441,1.162215,
0.00393140,-0.002441,1.162215,
0.00393160,0.000000,1.178462,
0.00393180,-0.002441,1.162215,
0.00393200,0.000000,1.162215,
0.00393220,-0.004883,1.145967,
0.00393240,-0.002441,1.162215,
0.00393260,-0.002441,1.162215,
0.00393280,0.000000,1.162215,
0.00393300,-0.002441,1.145967,
0.00393320,-0.002441,1.162215,
0.00393340,-0.002441,1.178462,
0.00393360,-0.002441,1.178462,
0.00393380,-0.004883,1.162215,
0.00393400,0.000000,1.162215,
0.00393420,-0.002441,1.162215,
0.00393440,-0.002441,1.162215,
0.00393460,0.000000,1.162215,
0.00393480,-0.002441,1.162215,
0.00393500,-0.004883,1.162215,
0.00393520,-0.002441,1.162215,
0.00393540,-0.002441,1.145967,
0.00393560,-0.002441,1.162215,
0.00393580,-0.002441,1.162215,
0.00393600,0.000000,1.162215,
0.00393620,-0.002441,1.162215,
0.00393640,-0.002441,1.162215,
0.00393660,0.000000,1.162215,
0.00393680,0.000000,1.162215,
0.00393700,-0.002441,1.162215,
0.00393720,-0.002441,1.162215,
0.00393740,0.000000,1.178462,
0.00393760,-0.002441,1.162215,
0.00393780,0.000000,1.162215,
0.00393800,-0.002441,1.178462,
0.00393820,-0.002441,1.162215,
0.00393840,0.000000,1.162215,
0.00393860,-0.002441,1.162215,
0.00393880,0.000000,1.162215,
0.00393900,0.000000,1.162215,
0.00393920,-0.002441,1.162215,
0.00393940,0.000000,1.162215,
0.00393960,-0.002441,1.162215,
0.00393980,0.000000,1.162215,
0.00394000,-0.002441,1.162215,
0.00394020,-0.002441,1.178462,
0.00394040,-0.002441,1.162215,
0.00394060,-0.002441,1.145967,
0.00394080,0.000000,1.145967,
0.00394100,-0.002441,1.145967,
0.00394120,-0.002441,1.162215,
0.00394140,-0.002441,1.162215,
0.00394160,0.000000,1.162215,
0.00394180,-0.002441,1.145967,
0.00394200,0.000000,1.162215,
0.00394220,0.000000,1.162215,
0.00394240,-0.002441,1.162215,
0.00394260,-0.002441,1.162215,
0.00394280,0.000000,1.162215,
0.00394300,-0.002441,1.162215,
0.00394320,-0.002441,1.145967,
0.00394340,0.000000,1.145967,
0.00394360,0.000000,1.162215,
0.00394380,-0.002441,1.162215,
0.00394400,-0.002441,1.162215,
0.00394420,-0.002441,1.162215,
0.00394440,-0.002441,1.162215,
0.00394460,-0.002441,1.162215,
0.00394480,0.000000,1.162215,
0.00394500,-0.002441,1.162215,
0.00394520,-0.002441,1.162215,
0.00394540,-0.002441,1.162215,
0.00394560,0.000000,1.162215,
0.00394580,0.000000,1.162215,
0.00394600,0.000000,1.162215,
0.00394620,-0.002441,1.145967,
0.00394640,0.000000,1.162215,
0.00394660,-0.002441,1.162215,
0.00394680,0.000000,1.162215,
0.00394700,-0.002441,1.162215,
0.00394720,0.000000,1.162215,
0.00394740,0.000000,1.162215,
0.00394760,-0.002441,1.162215,
0.00394780,0.000000,1.162215,
0.00394800,-0.002441,1.145967,
0.00394820,-0.002441,1.145967,
0.00394840,-0.002441,1.162215,
0.00394860,-0.002441,1.162215,
0.00394880,-0.002441,1.145967,
0.00394900,0.000000,1.145967,
0.00394920,-0.002441,1.162215,
0.00394940,-0.002441,1.162215,
0.00394960,-0.002441,1.145967,
0.00394980,-0.002441,1.178462,
0.00395000,0.000000,1.178462,
0.00395020,-0.002441,1.162215,
0.00395040,-0.002441,1.145967,
0.00395060,-0.002441,1.145967,
0.00395080,0.000000,1.162215,
0.00395100,0.000000,1.162215,
0.00395120,-0.002441,1.145967,
0.00395140,-0.002441,1.145967,
0.00395160,-0.002441,1.162215,
0.00395180,0.000000,1.162215,
0.00395200,-0.002441,1.162215,
0.00395220,-0.002441,1.162215,
0.00395240,-0.002441,1.162215,
0.00395260,-0.002441,1.162215,
0.00395280,0.000000,1.178462,
0.00395300,-0.002441,1.162215,
0.00395320,0.000000,1.162215,
0.00395340,0.000000,1.162215,
0.00395360,-0.002441,1.162215,
0.00395380,-0.002441,1.162215,
0.00395400,-0.002441,1.162215,
0.00395420,0.000000,1.162215,
0.00395440,-0.002441,1.162215,
0.00395460,0.000000,1.162215,
0.00395480,0.000000,1.162215,
0.00395500,0.000000,1.162215,
0.00395520,0.000000,1.178462,
0.00395540,0.000000,1.162215,
0.00395560,-0.002441,1.162215,
0.00395580,0.000000,1.162215,
0.00395600,0.000000,1.162215,
0.00395620,-0.002441,1.162215,
0.00395640,-0.002441,1.162215,
0.00395660,0.000000,1.145967,
0.00395680,-0.002441,1.145967,
0.00395700,-0.002441,1.162215,
0.00395720,-0.002441,1.178462,
0.00395740,0.000000,1.178462,
0.00395760,0.000000,1.178462,
0.00395780,0.000000,1.162215,
0.00395800,-0.004883,1.162215,
0.00395820,-0.002441,1.145967,
0.00395840,-0.004883,1.145967,
0.00395860,-0.002441,1.162215,
0.00395880,-0.002441,1.178462,
0.00395900,-0.002441,1.162215,
0.00395920,-0.002441,1.162215,
0.00395940,0.000000,1.145967,
0.00395960,-0.002441,1.162215,
0.00395980,-0.002441,1.162215,
0.00396000,0.000000,1.162215,
0.00396020,-0.002441,1.145967,
0.00396040,0.000000,1.162215,
0.00396060,-0.002441,1.162215,
0.00396080,0.000000,1.162215,
0.00396100,-0.002441,1.145967,
0.00396120,-0.002441,1.145967,
0.00396140,0.000000,1.178462,
0.00396160,0.000000,1.178462,
0.00396180,-0.002441,1.162215,
0.00396200,0.000000,1.162215,
0.00396220,-0.002441,1.162215,
0.00396240,-0.002441,1.162215,
0.00396260,-0.002441,1.178462,
0.00396280,0.000000,1.178462,
0.00396300,-0.002441,1.162215,
0.00396320,-0.002441,1.145967,
0.00396340,-0.002441,1.145967,
0.00396360,-0.002441,1.162215,
0.00396380,-0.002441,1.162215,
0.00396400,-0.002441,1.178462,
0.00396420,0.000000,1.194710,
0.00396440,-0.002441,1.178462,
0.00396460,-0.002441,1.162215,
0.00396480,-0.002441,1.162215,
0.00396500,-0.002441,1.162215,
0.00396520,-0.002441,1.162215,
0.00396540,-0.002441,1.145967,
0.00396560,0.000000,1.162215,
0.00396580,0.000000,1.162215,
0.00396600,-0.002441,1.162215,
0.00396620,-0.002441,1.178462,
0.00396640,0.000000,1.178462,
0.00396660,-0.004883,1.178462,
0.00396680,-0.002441,1.178462,
0.00396700,-0.002441,1.162215,
0.00396720,0.000000,1.162215,
0.00396740,0.000000,1.162215,
0.00396760,-0.002441,1.178462,
0.00396780,-0.002441,1.162215,
0.00396800,-0.002441,1.162215,
0.00396820,0.000000,1.162215,
0.00396840,-0.002441,1.162215,
0.00396860,-0.002441,1.162215,
0.00396880,-0.002441,1.178462,
0.00396900,0.000000,1.162215,
0.00396920,0.000000,1.178462,
0.00396940,-0.002441,1.178462,
0.00396960,-0.002441,1.162215,
0.00396980,-0.002441,1.162215,
0.00397000,-0.002441,1.162215,
0.00397020,-0.002441,1.162215,
0.00397040,-0.002441,1.162215,
0.00397060,0.000000,1.178462,
0.00397080,0.000000,1.178462,
0.00397100,-0.002441,1.162215,
0.00397120,-0.002441,1.178462,
0.00397140,-0.004883,1.162215,
0.00397160,-0.002441,1.162215,
0.00397180,-0.002441,1.178462,
0.00397200,-0.002441,1.178462,
0.00397220,-0.004883,1.162215,
0.00397240,-0.002441,1.178462,
0.00397260,-0.002441,1.178462,
0.00397280,-0.002441,1.162215,
0.00397300,-0.002441,1.178462,
0.00397320,-0.002441,1.178462,
0.00397340,-0.002441,1.162215,
0.00397360,-0.002441,1.162215,
0.00397380,-0.002441,1.162215,
0.00397400,-0.002441,1.162215,
0.00397420,-0.002441,1.162215,
0.00397440,-0.002441,1.178462,
0.00397460,-0.002441,1.162215,
0.00397480,-0.002441,1.178462,
0.00397500,-0.002441,1.162215,
0.00397520,0.000000,1.178462,
0.00397540,-0.004883,1.178462,
0.00397560,-0.002441,1.162215,
0.00397580,0.000000,1.162215,
0.00397600,0.000000,1.162215,
0.00397620,-0.002441,1.162215,
0.00397640,-0.002441,1.178462,
0.00397660,0.000000,1.178462,
0.00397680,0.000000,1.162215,
0.00397700,-0.002441,1.162215,
0.00397720,-0.002441,1.178462,
0.00397740,0.000000,1.178462,
0.00397760,-0.002441,1.162215,
0.00397780,-0.002441,1.162215,
0.00397800,0.000000,1.162215,
0.00397820,0.000000,1.178462,
0.00397840,0.000000,1.194710,
0.00397860,0.000000,1.178462,
0.00397880,0.000000,1.162215,
0.00397900,-0.002441,1.178462,
0.00397920,-0.002441,1.178462,
0.00397940,-0.002441,1.178462,
0.00397960,0.000000,1.178462,
0.00397980,-0.002441,1.178462,
0.00398000,0.000000,1.162215,
0.00398020,0.000000,1.178462,
0.00398040,0.002441,1.178462,
0.00398060,0.000000,1.194710,
0.00398080,-0.002441,1.178462,
0.00398100,-0.002441,1.178462,
0.00398120,-0.002441,1.162215,
0.00398140,-0.002441,1.145967,
0.00398160,0.000000,1.162215,
0.00398180,0.000000,1.162215,
0.00398200,0.002441,1.178462,
0.00398220,-0.002441,1.178462,
0.00398240,-0.002441,1.194710,
0.00398260,-0.002441,1.178462,
0.00398280,-0.002441,1.178462,
0.00398300,0.000000,1.178462,
0.00398320,-0.002441,1.194710,
0.00398340,0.000000,1.162215,
0.00398360,0.000000,1.162215,
0.00398380,-0.004883,1.145967,
0.00398400,0.000000,1.162215,
0.00398420,-0.002441,1.178462,
0.00398440,-0.002441,1.178462,
0.00398460,-0.002441,1.194710,
0.00398480,-0.002441,1.194710,
0.00398500,-0.002441,1.178462,
0.00398520,-0.002441,1.178462,
0.00398540,-0.002441,1.162215,
0.00398560,-0.002441,1.162215,
0.00398580,-0.002441,1.162215,
0.00398600,0.000000,1.178462,
0.00398620,-0.004883,1.178462,
0.00398640,-0.002441,1.194710,
0.00398660,-0.002441,1.178462,
0.00398680,0.000000,1.178462,
0.00398700,0.000000,1.178462,
0.00398720,-0.002441,1.178462,
0.00398740,-0.002441,1.178462,
0.00398760,0.000000,1.178462,
0.00398780,-0.002441,1.178462,
0.00398800,-0.002441,1.194710,
0.00398820,0.000000,1.178462,
0.00398840,-0.002441,1.178462,
0.00398860,-0.002441,1.178462,
0.00398880,-0.002441,1.178462,
0.00398900,-0.002441,1.178462,
0.00398920,-0.002441,1.178462,
0.00398940,0.000000,1.178462,
0.00398960,0.000000,1.178462,
0.00398980,-0.002441,1.162215,
0.00399000,0.002441,1.194710,
0.00399020,-0.002441,1.178462,
0.00399040,-0.002441,1.162215,
0.00399060,-0.002441,1.178462,
0.00399080,-0.002441,1.162215,
0.00399100,-0.002441,1.178462,
0.00399120,0.000000,1.178462,
0.00399140,-0.002441,1.162215,
0.00399160,-0.002441,1.178462,
0.00399180,-0.002441,1.178462,
0.00399200,-0.002441,1.178462,
0.00399220,-0.002441,1.178462,
0.00399240,-0.002441,1.162215,
0.00399260,-0.002441,1.178462,
0.00399280,-0.002441,1.178462,
0.00399300,-0.002441,1.162215,
0.00399320,-0.002441,1.178462,
0.00399340,0.000000,1.178462,
0.00399360,-0.002441,1.178462,
0.00399380,0.000000,1.178462,
0.00399400,-0.002441,1.178462,
0.00399420,-0.002441,1.178462,
0.00399440,0.000000,1.178462,
0.00399460,0.000000,1.178462,
0.00399480,-0.002441,1.178462,
0.00399500,0.000000,1.178462,
0.00399520,-0.002441,1.162215,
0.00399540,0.000000,1.178462,
0.00399560,-0.002441,1.162215,
0.00399580,-0.002441,1.178462,
0.00399600,0.000000,1.194710,
0.00399620,-0.002441,1.178462,
0.00399640,-0.002441,1.178462,
0.00399660,0.000000,1.178462,
0.00399680,-0.002441,1.162215,
0.00399700,-0.002441,1.178462,
0.00399720,-0.002441,1.178462,
0.00399740,0.000000,1.178462,
0.00399760,-0.002441,1.178462,
0.00399780,-0.002441,1.194710,
0.00399800,-0.002441,1.194710,
0.00399820,0.000000,1.178462,
0.00399840,-0.002441,1.145967,
0.00399860,0.000000,1.162215,
0.00399880,-0.002441,1.162215,
0.00399900,0.000000,1.194710,
0.00399920,0.000000,1.194710,
0.00399940,0.000000,1.194710,
0.00399960,-0.002441,1.194710,
0.00399980,0.000000,1.194710,
0.00400000,0.000000,1.194710,
0.00400020,-0.002441,1.162215,
0.00400040,-0.002441,1.178462,
0.00400060,0.000000,1.178462,
0.00400080,-0.002441,1.178462,
0.00400100,-0.002441,1.194710,
0.00400120,-0.002441,1.194710,
0.00400140,0.000000,1.194710,
0.00400160,0.000000,1.194710,
0.00400180,-0.002441,1.178462,
0.00400200,-0.002441,1.178462,
0.00400220,0.000000,1.178462,
0.00400240,0.000000,1.178462,
0.00400260,-0.002441,1.178462,
0.00400280,0.000000,1.178462,
0.00400300,0.000000,1.194710,
0.00400320,0.000000,1.194710,
0.00400340,0.000000,1.178462,
0.00400360,-0.002441,1.178462,
0.00400380,0.000000,1.178462,
0.00400400,0.000000,1.194710,
0.00400420,-0.002441,1.194710,
0.00400440,-0.002441,1.194710,
0.00400460,0.000000,1.194710,
0.00400480,0.000000,1.194710,
0.00400500,-0.002441,1.178462,
0.00400520,0.000000,1.178462,
0.00400540,0.000000,1.194710,
0.00400560,0.000000,1.194710,
0.00400580,-0.002441,1.194710,
0.00400600,-0.002441,1.194710,
0.00400620,0.000000,1.178462,
0.00400640,-0.002441,1.194710,
0.00400660,-0.002441,1.194710,
0.00400680,-0.002441,1.178462,
0.00400700,-0.002441,1.178462,
0.00400720,-0.002441,1.178462,
0.00400740,0.000000,1.194710,
0.00400760,0.000000,1.194710,
0.00400780,0.000000,1.194710,
0.00400800,0.000000,1.194710,
0.00400820,-0.002441,1.194710,
0.00400840,-0.002441,1.194710,
0.00400860,-0.002441,1.194710,
0.00400880,-0.002441,1.194710,
0.00400900,0.000000,1.178462,
0.00400920,0.000000,1.178462,
0.00400940,0.000000,1.194710,
0.00400960,0.000000,1.194710,
0.00400980,-0.002441,1.194710,
0.00401000,0.000000,1.194710,
0.00401020,0.000000,1.178462,
0.00401040,0.000000,1.194710,
0.00401060,-0.002441,1.194710,
0.00401080,-0.002441,1.194710,
0.00401100,-0.002441,1.194710,
0.00401120,0.000000,1.194710,
0.00401140,-0.002441,1.194710,
0.00401160,-0.002441,1.194710,
0.00401180,0.000000,1.210957,
0.00401200,-0.002441,1.194710,
0.00401220,0.000000,1.194710,
0.00401240,-0.002441,1.194710,
0.00401260,0.000000,1.194710,
0.00401280,-0.002441,1.194710,
0.00401300,-0.002441,1.194710,
0.00401320,-0.002441,1.194710,
0.00401340,0.000000,1.210957,
0.00401360,0.000000,1.194710,
0.00401380,-0.002441,1.194710,
0.00401400,0.000000,1.194710,
0.00401420,0.000000,1.194710,
0.00401440,-0.004883,1.194710,
0.00401460,-0.002441,1.194710,
0.00401480,-0.002441,1.194710,
0.00401500,0.000000,1.194710,
0.00401520,0.000000,1.194710,
0.00401540,-0.002441,1.194710,
0.00401560,-0.002441,1.194710,
0.00401580,0.000000,1.210957,
0.00401600,-0.002441,1.194710,
0.00401620,-0.002441,1.194710,
0.00401640,-0.002441,1.194710,
0.00401660,-0.002441,1.194710,
0.00401680,0.000000,1.194710,
0.00401700,0.000000,1.194710,
0.00401720,-0.002441,1.194710,
0.00401740,0.000000,1.210957,
0.00401760,-0.002441,1.227205,
0.00401780,-0.002441,1.210957,
0.00401800,-0.002441,1.194710,
0.00401820,0.000000,1.210957,
0.00401840,0.000000,1.194710,
0.00401860,0.000000,1.194710,
0.00401880,0.000000,1.194710,
0.00401900,0.000000,1.194710,
0.00401920,-0.002441,1.178462,
0.00401940,0.000000,1.210957,
0.00401960,-0.002441,1.194710,
0.00401980,-0.002441,1.227205,
0.00402000,0.000000,1.210957,
0.00402020,0.000000,1.194710,
0.00402040,0.000000,1.194710,
0.00402060,-0.002441,1.178462,
0.00402080,0.000000,1.178462,
0.00402100,0.000000,1.194710,
0.00402120,0.000000,1.194710,
0.00402140,-0.002441,1.210957,
0.00402160,0.000000,1.210957,
0.00402180,0.000000,1.194710,
0.00402200,-0.002441,1.210957,
0.00402220,-0.002441,1.210957,
0.00402240,0.000000,1.194710,
0.00402260,-0.002441,1.178462,
0.00402280,-0.002441,1.194710,
0.00402300,0.000000,1.194710,
0.00402320,0.000000,1.194710,
0.00402340,0.000000,1.194710,
0.00402360,-0.002441,1.178462,
0.00402380,0.000000,1.210957,
0.00402400,0.000000,1.210957,
0.00402420,0.000000,1.210957,
0.00402440,-0.004883,1.194710,
0.00402460,-0.002441,1.194710,
0.00402480,0.000000,1.194710,
0.00402500,0.000000,1.194710,
0.00402520,-0.002441,1.194710,
0.00402540,-0.002441,1.210957,
0.00402560,-0.002441,1.194710,
0.00402580,-0.002441,1.194710,
0.00402600,-0.002441,1.194710,
0.00402620,-0.002441,1.210957,
0.00402640,-0.002441,1.194710,
0.00402660,0.000000,1.194710,
0.00402680,-0.002441,1.194710,
0.00402700,-0.002441,1.194710,
0.00402720,-0.002441,1.194710,
0.00402740,-0.002441,1.194710,
0.00402760,-0.002441,1.194710,
0.00402780,0.000000,1.194710,
0.00402800,-0.002441,1.194710,
0.00402820,0.000000,1.194710,
0.00402840,-0.002441,1.194710,
0.00402860,-0.002441,1.194710,
0.00402880,-0.002441,1.194710,
0.00402900,0.000000,1.194710,
0.00402920,-0.002441,1.194710,
0.00402940,0.000000,1.194710,
0.00402960,-0.002441,1.194710,
0.00402980,0.000000,1.194710,
0.00403000,0.000000,1.210957,
0.00403020,0.000000,1.210957,
0.00403040,-0.002441,1.194710,
0.00403060,0.000000,1.194710,
0.00403080,-0.002441,1.194710,
0.00403100,0.000000,1.194710,
0.00403120,0.000000,1.210957,
0.00403140,0.000000,1.210957,
0.00403160,-0.002441,1.210957,
0.00403180,0.000000,1.210957,
0.00403200,-0.004883,1.194710,
0.00403220,-0.002441,1.194710,
0.00403240,-0.002441,1.194710,
0.00403260,-0.002441,1.194710,
0.00403280,0.000000,1.194710,
0.00403300,-0.002441,1.210957,
0.00403320,0.000000,1.194710,
0.00403340,0.002441,1.194710,
0.00403360,-0.002441,1.178462,
0.00403380,0.000000,1.178462,
0.00403400,-0.002441,1.178462,
0.00403420,-0.002441,1.210957,
0.00403440,-0.002441,1.227205,
0.00403460,0.000000,1.227205,
0.00403480,-0.002441,1.210957,
0.00403500,0.000000,1.194710,
0.00403520,0.000000,1.194710,
0.00403540,-0.002441,1.194710,
0.00403560,-0.002441,1.178462,
0.00403580,0.000000,1.194710,
0.00403600,-0.002441,1.210957,
0.00403620,-0.002441,1.210957,
0.00403640,-0.002441,1.210957,
0.00403660,-0.002441,1.210957,
0.00403680,-0.002441,1.194710,
0.00403700,-0.002441,1.194710,
0.00403720,-0.002441,1.194710,
0.00403740,-0.002441,1.194710,
0.00403760,-0.002441,1.194710,
0.00403780,0.000000,1.227205,
0.00403800,-0.002441,1.210957,
0.00403820,-0.002441,1.194710,
0.00403840,-0.002441,1.194710,
0.00403860,0.000000,1.194710,
0.00403880,-0.002441,1.194710,
0.00403900,-0.002441,1.194710,
0.00403920,0.000000,1.210957,
0.00403940,-0.002441,1.194710,
0.00403960,-0.002441,1.210957,
0.00403980,-0.002441,1.210957,
0.00404000,-0.002441,1.194710,
0.00404020,-0.002441,1.194710,
0.00404040,-0.002441,1.194710,
0.00404060,0.000000,1.194710,
0.00404080,-0.002441,1.210957,
0.00404100,-0.002441,1.194710,
0.00404120,-0.002441,1.194710,
0.00404140,0.004883,1.210957,
0.00404160,-0.002441,1.194710,
0.00404180,0.000000,1.210957,
0.00404200,-0.002441,1.194710,
0.00404220,-0.002441,1.194710,
0.00404240,0.000000,1.210957,
0.00404260,0.000000,1.210957,
0.00404280,-0.002441,1.194710,
0.00404300,0.002441,1.210957,
0.00404320,-0.002441,1.210957,
0.00404340,-0.002441,1.194710,
0.00404360,-0.002441,1.194710,
0.00404380,-0.002441,1.194710,
0.00404400,0.000000,1.210957,
0.00404420,0.000000,1.210957,
0.00404440,-0.002441,1.210957,
0.00404460,0.000000,1.227205,
0.00404480,0.000000,1.210957,
0.00404500,-0.002441,1.210957,
0.00404520,-0.002441,1.194710,
0.00404540,-0.002441,1.194710,
0.00404560,0.000000,1.210957,
0.00404580,0.000000,1.210957,
0.00404600,-0.002441,1.210957,
0.00404620,-0.002441,1.194710,
0.00404640,0.000000,1.194710,
0.00404660,-0.002441,1.210957,
0.00404680,-0.002441,1.210957,
0.00404700,-0.002441,1.227205,
0.00404720,0.000000,1.227205,
0.00404740,0.000000,1.210957,
0.00404760,-0.002441,1.194710,
0.00404780,-0.002441,1.194710,
0.00404800,0.000000,1.227205,
0.00404820,0.000000,1.210957,
0.00404840,-0.002441,1.210957,
0.00404860,-0.002441,1.210957,
0.00404880,0.000000,1.194710,
0.00404900,0.000000,1.194710,
0.00404920,0.000000,1.210957,
0.00404940,-0.002441,1.210957,
0.00404960,0.000000,1.227205,
0.00404980,-0.002441,1.210957,
0.00405000,-0.002441,1.210957,
0.00405020,-0.002441,1.210957,
0.00405040,-0.002441,1.227205,
0.00405060,0.000000,1.227205,
0.00405080,0.000000,1.210957,
0.00405100,0.000000,1.194710,
0.00405120,-0.002441,1.210957,
0.00405140,-0.002441,1.210957,
0.00405160,-0.002441,1.210957,
0.00405180,-0.002441,1.194710,
0.00405200,-0.002441,1.194710,
0.00405220,0.000000,1.210957,
0.00405240,0.000000,1.210957,
0.00405260,0.000000,1.243452,
0.00405280,-0.002441,1.243452,
0.00405300,-0.004883,1.227205,
0.00405320,-0.002441,1.227205,
0.00405340,0.000000,1.210957,
0.00405360,-0.002441,1.210957,
0.00405380,-0.002441,1.210957,
0.00405400,0.000000,1.194710,
0.00405420,-0.002441,1.194710,
0.00405440,-0.002441,1.210957,
0.00405460,-0.002441,1.227205,
0.00405480,-0.002441,1.227205,
0.00405500,-0.002441,1.227205,
0.00405520,-0.002441,1.227205,
0.00405540,-0.002441,1.210957,
0.00405560,0.000000,1.227205,
0.00405580,-0.004883,1.210957,
0.00405600,-0.002441,1.210957,
0.00405620,-0.002441,1.210957,
0.00405640,0.000000,1.227205,
0.00405660,0.000000,1.227205,
0.00405680,-0.002441,1.227205,
0.00405700,-0.002441,1.227205,
0.00405720,0.000000,1.227205,
0.00405740,-0.002441,1.210957,
0.00405760,0.000000,1.210957,
0.00405780,-0.002441,1.210957,
0.00405800,-0.002441,1.210957,
0.00405820,-0.002441,1.210957,
0.00405840,0.000000,1.227205,
0.00405860,0.000000,1.243452,
0.00405880,-0.002441,1.210957,
0.00405900,-0.002441,1.210957,
0.00405920,0.000000,1.227205,
0.00405940,-0.002441,1.227205,
0.00405960,-0.002441,1.210957,
0.00405980,-0.002441,1.210957,
0.00406000,-0.002441,1.227205,
0.00406020,-0.002441,1.227205,
0.00406040,-0.002441,1.227205,
0.00406060,0.000000,1.227205,
0.00406080,-0.002441,1.227205,
0.00406100,-0.002441,1.227205,
0.00406120,-0.002441,1.227205,
0.00406140,0.000000,1.210957,
0.00406160,-0.002441,1.210957,
0.00406180,0.000000,1.210957,
0.00406200,0.000000,1.210957,
0.00406220,-0.002441,1.227205,
0.00406240,0.000000,1.227205,
0.00406260,0.000000,1.227205,
0.00406280,-0.002441,1.210957,
0.00406300,-0.002441,1.227205,
0.00406320,0.000000,1.227205,
0.00406340,0.000000,1.227205,
0.00406360,-0.002441,1.227205,
0.00406380,-0.002441,1.210957,
0.00406400,0.002441,1.227205,
0.00406420,0.000000,1.227205,
0.00406440,-0.002441,1.227205,
0.00406460,0.000000,1.227205,
0.00406480,-0.002441,1.210957,
0.00406500,0.000000,1.227205,
0.00406520,-0.002441,1.210957,
0.00406540,-0.002441,1.210957,
0.00406560,0.000000,1.227205,
0.00406580,-0.002441,1.210957,
0.00406600,-0.002441,1.227205,
0.00406620,-0.002441,1.227205,
0.00406640,0.000000,1.227205,
0.00406660,0.000000,1.227205,
0.00406680,-0.002441,1.227205,
0.00406700,0.000000,1.227205,
0.00406720,0.000000,1.227205,
0.00406740,-0.002441,1.210957,
0.00406760,-0.002441,1.210957,
0.00406780,-0.002441,1.210957,
0.00406800,0.000000,1.210957,
0.00406820,0.000000,1.210957,
0.00406840,0.000000,1.210957,
0.00406860,-0.002441,1.210957,
0.00406880,0.002441,1.227205,
0.00406900,-0.002441,1.210957,
0.00406920,-0.002441,1.210957,
0.00406940,-0.002441,1.243452,
0.00406960,0.000000,1.243452,
0.00406980,0.000000,1.243452,
0.00407000,0.000000,1.227205,
0.00407020,-0.002441,1.227205,
0.00407040,0.000000,1.210957,
0.00407060,0.000000,1.194710,
0.00407080,-0.002441,1.210957,
0.00407100,-0.002441,1.210957,
0.00407120,-0.002441,1.210957,
0.00407140,0.000000,1.243452,
0.00407160,0.000000,1.227205,
0.00407180,-0.002441,1.227205,
0.00407200,-0.002441,1.227205,
0.00407220,-0.002441,1.227205,
0.00407240,-0.002441,1.210957,
0.00407260,0.000000,1.210957,
0.00407280,-0.002441,1.210957,
0.00407300,0.000000,1.210957,
0.00407320,-0.002441,1.210957,
0.00407340,-0.002441,1.210957,
0.00407360,0.000000,1.227205,
0.00407380,-0.002441,1.227205,
0.00407400,0.000000,1.227205,
0.00407420,-0.002441,1.210957,
0.00407440,-0.002441,1.210957,
0.00407460,0.000000,1.227205,
0.00407480,-0.002441,1.227205,
0.00407500,-0.002441,1.210957,
0.00407520,0.000000,1.210957,
0.00407540,-0.002441,1.210957,
0.00407560,-0.002441,1.210957,
0.00407580,-0.002441,1.210957,
0.00407600,0.000000,1.210957,
0.00407620,0.000000,1.210957,
0.00407640,-0.002441,1.227205,
0.00407660,-0.002441,1.227205,
0.00407680,0.000000,1.227205,
0.00407700,0.000000,1.227205,
0.00407720,-0.002441,1.210957,
0.00407740,0.000000,1.227205,
0.00407760,0.000000,1.227205,
0.00407780,-0.002441,1.227205,
0.00407800,-0.002441,1.227205,
0.00407820,0.000000,1.227205,
0.00407840,0.000000,1.210957,
0.00407860,0.000000,1.227205,
0.00407880,-0.002441,1.227205,
0.00407900,-0.002441,1.227205,
0.00407920,-0.002441,1.227205,
0.00407940,-0.002441,1.210957,
0.00407960,-0.002441,1.210957,
0.00407980,0.000000,1.227205,
0.00408000,-0.002441,1.227205,
0.00408020,-0.002441,1.227205,
0.00408040,-0.002441,1.227205,
0.00408060,0.000000,1.227205,
0.00408080,-0.002441,1.210957,
0.00408100,-0.002441,1.227205,
0.00408120,-0.002441,1.227205,
0.00408140,-0.002441,1.210957,
0.00408160,-0.002441,1.227205,
0.00408180,0.000000,1.227205,
0.00408200,-0.002441,1.227205,
0.00408220,0.000000,1.210957,
0.00408240,0.000000,1.227205,
0.00408260,-0.002441,1.227205,
0.00408280,0.000000,1.227205,
0.00408300,0.000000,1.210957,
0.00408320,-0.002441,1.227205,
0.00408340,-0.002441,1.227205,
0.00408360,-0.002441,1.227205,
0.00408380,-0.002441,1.210957,
0.00408400,0.000000,1.243452,
0.00408420,0.000000,1.227205,
0.00408440,0.000000,1.227205,
0.00408460,-0.002441,1.227205,
0.00408480,0.000000,1.227205,
0.00408500,0.000000,1.227205,
0.00408520,-0.002441,1.227205,
0.00408540,-0.002441,1.227205,
0.00408560,-0.002441,1.227205,
0.00408580,-0.002441,1.243452,
0.00408600,-0.002441,1.243452,
0.00408620,0.000000,1.243452,
0.00408640,-0.002441,1.227205,
0.00408660,-0.002441,1.210957,
0.00408680,0.000000,1.210957,
0.00408700,-0.002441,1.210957,
0.00408720,0.000000,1.210957,
0.00408740,0.000000,1.227205,
0.00408760,-0.002441,1.227205,
0.00408780,-0.002441,1.243452,
0.00408800,0.000000,1.259700,
0.00408820,0.000000,1.243452,
0.00408840,-0.002441,1.243452,
0.00408860,-0.002441,1.227205,
0.00408880,0.000000,1.210957,
0.00408900,-0.002441,1.210957,
0.00408920,0.000000,1.227205,
0.00408940,0.000000,1.243452,
0.00408960,-0.002441,1.259700,
0.00408980,-0.002441,1.243452,
0.00409000,-0.002441,1.243452,
0.00409020,-0.004883,1.210957,
0.00409040,0.000000,1.227205,
0.00409060,-0.002441,1.227205,
0.00409080,0.000000,1.227205,
0.00409100,-0.002441,1.210957,
0.00409120,-0.002441,1.227205,
0.00409140,-0.002441,1.227205,
0.00409160,-0.002441,1.227205,
0.00409180,-0.002441,1.227205,
0.00409200,0.000000,1.227205,
0.00409220,0.000000,1.243452,
0.00409240,0.000000,1.243452,
0.00409260,-0.002441,1.243452,
0.00409280,0.000000,1.243452,
0.00409300,0.000000,1.243452,
0.00409320,-0.004883,1.227205,
0.00409340,-0.002441,1.243452,
0.00409360,0.000000,1.243452,
0.00409380,0.000000,1.243452,
0.00409400,0.000000,1.243452,
0.00409420,0.000000,1.243452,
0.00409440,0.000000,1.243452,
0.00409460,-0.002441,1.227205,
0.00409480,-0.002441,1.243452,
0.00409500,-0.002441,1.227205,
0.00409520,-0.002441,1.227205,
0.00409540,-0.002441,1.243452,
0.00409560,-0.002441,1.243452,
0.00409580,-0.002441,1.243452,
0.00409600,-0.002441,1.259700,
0.00409620,-0.002441,1.243452,
0.00409640,0.000000,1.227205,
0.00409660,-0.004883,1.227205,
0.00409680,-0.002441,1.227205,
0.00409700,0.000000,1.227205,
0.00409720,0.000000,1.259700,
0.00409740,0.000000,1.259700,
0.00409760,-0.002441,1.259700,
0.00409780,-0.002441,1.243452,
0.00409800,-0.002441,1.227205,
0.00409820,-0.004883,1.243452,
0.00409840,-0.002441,1.227205,
0.00409860,0.000000,1.243452,
0.00409880,0.000000,1.243452,
0.00409900,-0.002441,1.243452,
0.00409920,-0.002441,1.243452,
0.00409940,0.000000,1.227205,
0.00409960,-0.002441,1.243452,
0.00409980,-0.002441,1.243452,
0.00410000,-0.002441,1.243452,
0.00410020,0.000000,1.243452,
0.00410040,-0.002441,1.243452,
0.00410060,-0.002441,1.227205,
0.00410080,-0.002441,1.227205,
0.00410100,0.000000,1.227205,
0.00410120,0.000000,1.227205,
0.00410140,-0.002441,1.227205,
0.00410160,-0.002441,1.243452,
0.00410180,0.000000,1.243452,
0.00410200,-0.002441,1.227205,
0.00410220,-0.002441,1.227205,
0.00410240,0.000000,1.243452,
0.00410260,0.000000,1.243452,
0.00410280,-0.002441,1.243452,
0.00410300,-0.002441,1.243452,
0.00410320,-0.002441,1.227205,
0.00410340,0.000000,1.227205,
0.00410360,0.000000,1.227205,
0.00410380,0.000000,1.227205,
0.00410400,0.002441,1.227205,
0.00410420,-0.002441,1.227205,
0.00410440,0.000000,1.243452,
0.00410460,-0.002441,1.243452,
0.00410480,-0.002441,1.259700,
0.00410500,0.000000,1.259700,
0.00410520,0.000000,1.243452,
0.00410540,-0.002441,1.227205,
0.00410560,0.000000,1.227205,
0.00410580,-0.002441,1.227205,
0.00410600,0.000000,1.227205,
0.00410620,0.000000,1.243452,
0.00410640,0.000000,1.243452,
0.00410660,-0.002441,1.243452,
0.00410680,0.000000,1.243452,
0.00410700,0.000000,1.227205,
0.00410720,0.002441,1.243452,
0.00410740,0.000000,1.243452,
0.00410760,-0.002441,1.227205,
0.00410780,0.000000,1.227205,
0.00410800,0.000000,1.243452,
0.00410820,0.000000,1.243452,
0.00410840,0.000000,1.243452,
0.00410860,0.000000,1.227205,
0.00410880,0.000000,1.227205,
0.00410900,0.000000,1.243452,
0.00410920,-0.002441,1.227205,
0.00410940,-0.002441,1.227205,
0.00410960,-0.002441,1.227205,
0.00410980,0.000000,1.243452,
0.00411000,-0.002441,1.243452,
0.00411020,-0.002441,1.243452,
0.00411040,-0.002441,1.227205,
0.00411060,0.000000,1.227205,
0.00411080,0.000000,1.227205,
0.00411100,0.000000,1.227205,
0.00411120,-0.002441,1.227205,
0.00411140,-0.002441,1.243452,
0.00411160,-0.002441,1.243452,
0.00411180,-0.002441,1.227205,
0.00411200,0.000000,1.227205,
0.00411220,-0.002441,1.227205,
0.00411240,-0.002441,1.227205,
0.00411260,-0.002441,1.227205,
0.00411280,0.000000,1.243452,
0.00411300,0.000000,1.243452,
0.00411320,0.000000,1.227205,
0.00411340,0.000000,1.227205,
0.00411360,-0.002441,1.227205,
0.00411380,-0.002441,1.227205,
0.00411400,-0.002441,1.227205,
0.00411420,0.000000,1.227205,
0.00411440,-0.002441,1.227205,
0.00411460,0.000000,1.227205,
0.00411480,0.000000,1.227205,
0.00411500,0.000000,1.227205,
0.00411520,0.000000,1.243452,
0.00411540,-0.002441,1.243452,
0.00411560,-0.002441,1.227205,
0.00411580,-0.002441,1.227205,
0.00411600,-0.002441,1.227205,
0.00411620,0.000000,1.243452,
0.00411640,0.000000,1.243452,
0.00411660,0.000000,1.243452,
0.00411680,0.000000,1.243452,
0.00411700,0.000000,1.243452,
0.00411720,-0.002441,1.227205,
0.00411740,-0.002441,1.227205,
0.00411760,-0.002441,1.227205,
0.00411780,0.000000,1.227205,
0.00411800,0.000000,1.243452,
0.00411820,0.000000,1.227205,
0.00411840,-0.002441,1.243452,
0.00411860,-0.002441,1.227205,
0.00411880,-0.002441,1.243452,
0.00411900,-0.002441,1.227205,
0.00411920,-0.002441,1.243452,
0.00411940,0.000000,1.243452,
0.00411960,0.000000,1.243452,
0.00411980,0.000000,1.227205,
0.00412000,-0.004883,1.227205,
0.00412020,0.000000,1.227205,
0.00412040,0.000000,1.227205,
0.00412060,-0.002441,1.227205,
0.00412080,-0.002441,1.227205,
0.00412100,0.000000,1.243452,
0.00412120,0.000000,1.243452,
0.00412140,0.000000,1.227205,
0.00412160,0.000000,1.243452,
0.00412180,-0.002441,1.243452,
0.00412200,0.000000,1.227205,
0.00412220,-0.002441,1.194710,
0.00412240,0.000000,1.227205,
0.00412260,-0.002441,1.243452,
0.00412280,-0.002441,1.243452,
0.00412300,0.000000,1.259700,
0.00412320,0.000000,1.243452,
0.00412340,0.000000,1.243452,
0.00412360,-0.002441,1.243452,
0.00412380,-0.002441,1.227205,
0.00412400,-0.002441,1.210957,
0.00412420,0.000000,1.227205,
0.00412440,-0.002441,1.227205,
0.00412460,0.000000,1.243452,
0.00412480,-0.002441,1.243452,
0.00412500,0.000000,1.243452,
0.00412520,0.000000,1.243452,
0.00412540,-0.002441,1.227205,
0.00412560,0.000000,1.227205,
0.00412580,0.000000,1.227205,
0.00412600,0.000000,1.243452,
0.00412620,0.000000,1.227205,
0.00412640,0.000000,1.227205,
0.00412660,0.002441,1.243452,
0.00412680,-0.002441,1.227205,
0.00412700,-0.002441,1.243452,
0.00412720,0.000000,1.243452,
0.00412740,0.000000,1.227205,
0.00412760,-0.002441,1.243452,
0.00412780,-0.002441,1.243452,
0.00412800,0.000000,1.227205,
0.00412820,0.000000,1.243452,
0.00412840,0.000000,1.243452,
0.00412860,-0.002441,1.243452,
0.00412880,-0.002441,1.243452,
0.00412900,0.000000,1.227205,
0.00412920,0.000000,1.243452,
0.00412940,-0.002441,1.243452,
0.00412960,-0.002441,1.243452,
0.00412980,0.000000,1.243452,
0.00413000,-0.002441,1.243452,
0.00413020,-0.002441,1.243452,
0.00413040,-0.002441,1.227205,
0.00413060,0.000000,1.243452,
0.00413080,0.000000,1.243452,
0.00413100,-0.002441,1.243452,
0.00413120,0.000000,1.243452,
0.00413140,0.000000,1.243452,
0.00413160,0.000000,1.243452,
0.00413180,-0.004883,1.227205,
0.00413200,-0.002441,1.227205,
0.00413220,0.000000,1.243452,
0.00413240,0.000000,1.227205,
0.00413260,-0.002441,1.243452,
0.00413280,-0.002441,1.243452,
0.00413300,0.000000,1.259700,
0.00413320,-0.002441,1.243452,
0.00413340,-0.002441,1.227205,
0.00413360,-0.002441,1.243452,
0.00413380,-0.002441,1.243452,
0.00413400,0.000000,1.243452,
0.00413420,0.000000,1.243452,
0.00413440,0.000000,1.227205,
0.00413460,0.000000,1.243452,
0.00413480,-0.002441,1.259700,
0.00413500,-0.004883,1.243452,
0.00413520,-0.004883,1.243452,
0.00413540,0.000000,1.243452,
0.00413560,0.000000,1.227205,
0.00413580,-0.002441,1.227205,
0.00413600,-0.002441,1.243452,
0.00413620,0.000000,1.227205,
0.00413640,-0.002441,1.227205,
0.00413660,-0.002441,1.227205,
0.00413680,-0.002441,1.243452,
0.00413700,-0.002441,1.243452,
0.00413720,0.000000,1.243452,
0.00413740,0.000000,1.243452,
0.00413760,0.000000,1.243452,
0.00413780,0.000000,1.243452,
0.00413800,-0.002441,1.227205,
0.00413820,-0.002441,1.227205,
0.00413840,-0.002441,1.227205,
0.00413860,-0.002441,1.210957,
0.00413880,0.000000,1.227205,
0.00413900,-0.002441,1.227205,
0.00413920,-0.002441,1.243452,
0.00413940,-0.002441,1.243452,
0.00413960,-0.002441,1.243452,
0.00413980,0.000000,1.243452,
0.00414000,0.000000,1.243452,
0.00414020,0.000000,1.243452,
0.00414040,-0.002441,1.227205,
0.00414060,0.000000,1.210957,
0.00414080,0.000000,1.210957,
0.00414100,-0.002441,1.210957,
0.00414120,-0.002441,1.227205,
0.00414140,-0.002441,1.243452,
0.00414160,-0.002441,1.243452,
0.00414180,0.000000,1.243452,
0.00414200,0.000000,1.227205,
0.00414220,-0.002441,1.227205,
0.00414240,-0.002441,1.227205,
0.00414260,-0.002441,1.227205,
0.00414280,-0.002441,1.227205,
0.00414300,-0.002441,1.227205,
0.00414320,0.000000,1.227205,
0.00414340,0.000000,1.227205,
0.00414360,0.000000,1.227205,
0.00414380,0.002441,1.227205,
0.00414400,0.000000,1.227205,
0.00414420,-0.002441,1.227205,
0.00414440,-0.002441,1.227205,
0.00414460,-0.002441,1.243452,
0.00414480,-0.002441,1.227205,
0.00414500,0.000000,1.227205,
0.00414520,0.000000,1.227205,
0.00414540,-0.002441,1.227205,
0.00414560,-0.002441,1.227205,
0.00414580,0.000000,1.227205,
0.00414600,0.000000,1.210957,
0.00414620,-0.002441,1.210957,
0.00414640,-0.002441,1.227205,
0.00414660,0.000000,1.227205,
0.00414680,0.000000,1.227205,
0.00414700,-0.002441,1.227205,
0.00414720,-0.002441,1.227205,
0.00414740,0.000000,1.227205,
0.00414760,0.000000,1.227205,
0.00414780,-0.002441,1.210957,
0.00414800,-0.002441,1.210957,
0.00414820,0.000000,1.227205,
0.00414840,0.000000,1.243452,
0.00414860,-0.004883,1.210957,
0.00414880,0.000000,1.227205,
0.00414900,0.000000,1.227205,
0.00414920,-0.002441,1.210957,
0.00414940,-0.002441,1.227205,
0.00414960,-0.002441,1.210957,
0.00414980,0.000000,1.210957,
0.00415000,0.000000,1.227205,
0.00415020,-0.002441,1.227205,
0.00415040,-0.002441,1.227205,
0.00415060,-0.002441,1.227205,
0.00415080,0.000000,1.227205,
0.00415100,-0.004883,1.227205,
0.00415120,-0.002441,1.227205,
0.00415140,-0.002441,1.227205,
0.00415160,-0.002441,1.227205,
0.00415180,0.000000,1.210957,
0.00415200,-0.002441,1.227205,
0.00415220,-0.002441,1.227205,
0.00415240,-0.002441,1.210957,
0.00415260,-0.002441,1.227205,
0.00415280,-0.002441,1.227205,
0.00415300,0.000000,1.210957,
0.00415320,0.000000,1.227205,
0.00415340,0.000000,1.227205,
0.00415360,0.000000,1.227205,
0.00415380,-0.002441,1.227205,
0.00415400,-0.002441,1.227205,
0.00415420,-0.002441,1.227205,
0.00415440,-0.002441,1.227205,
0.00415460,0.000000,1.210957,
0.00415480,0.000000,1.210957,
0.00415500,0.000000,1.227205,
0.00415520,-0.002441,1.227205,
0.00415540,0.000000,1.227205,
0.00415560,-0.002441,1.210957,
0.00415580,-0.002441,1.210957,
0.00415600,-0.002441,1.227205,
0.00415620,-0.002441,1.227205,
0.00415640,0.000000,1.227205,
0.00415660,0.000000,1.227205,
0.00415680,0.000000,1.210957,
0.00415700,0.000000,1.210957,
0.00415720,-0.002441,1.194710,
0.00415740,-0.002441,1.210957,
0.00415760,-0.002441,1.210957,
0.00415780,-0.002441,1.227205,
0.00415800,0.000000,1.243452,
0.00415820,-0.002441,1.243452,
0.00415840,-0.002441,1.210957,
0.00415860,-0.002441,1.227205,
0.00415880,-0.002441,1.210957,
0.00415900,-0.002441,1.194710,
0.00415920,-0.002441,1.194710,
0.00415940,-0.002441,1.210957,
0.00415960,0.000000,1.227205,
0.00415980,-0.002441,1.227205,
0.00416000,0.000000,1.227205,
0.00416020,-0.002441,1.227205,
0.00416040,0.000000,1.227205,
0.00416060,-0.002441,1.227205,
0.00416080,-0.002441,1.210957,
0.00416100,-0.002441,1.227205,
0.00416120,0.000000,1.227205,
0.00416140,-0.002441,1.227205,
0.00416160,-0.002441,1.210957,
0.00416180,-0.002441,1.210957,
0.00416200,-0.002441,1.210957,
0.00416220,-0.002441,1.227205,
0.00416240,-0.002441,1.210957,
0.00416260,-0.002441,1.227205,
0.00416280,0.000000,1.227205,
0.00416300,-0.002441,1.227205,
0.00416320,-0.002441,1.227205,
0.00416340,0.004883,1.227205,
0.00416360,-0.002441,1.210957,
0.00416380,0.000000,1.210957,
0.00416400,-0.002441,1.227205,
0.00416420,-0.002441,1.227205,
0.00416440,0.000000,1.227205,
0.00416460,0.000000,1.210957,
0.00416480,0.000000,1.227205,
0.00416500,0.002441,1.227205,
0.00416520,0.002441,1.227205,
0.00416540,-0.002441,1.227205,
0.00416560,-0.002441,1.210957,
0.00416580,0.000000,1.227205,
0.00416600,0.000000,1.210957,
0.00416620,-0.002441,1.227205,
0.00416640,0.000000,1.227205,
0.00416660,0.000000,1.227205,
0.00416680,0.000000,1.210957,
0.00416700,-0.002441,1.210957,
0.00416720,-0.002441,1.194710,
0.00416740,-0.002441,1.227205,
0.00416760,-0.002441,1.227205,
0.00416780,0.000000,1.227205,
0.00416800,0.000000,1.210957,
0.00416820,-0.004883,1.210957,
0.00416840,0.000000,1.227205,
0.00416860,0.000000,1.227205,
0.00416880,-0.002441,1.210957,
0.00416900,-0.002441,1.210957,
0.00416920,0.000000,1.227205,
0.00416940,-0.002441,1.227205,
0.00416960,-0.004883,1.227205,
0.00416980,-0.002441,1.210957,
0.00417000,0.000000,1.210957,
0.00417020,0.000000,1.210957,
0.00417040,-0.002441,1.227205,
0.00417060,-0.002441,1.227205,
0.00417080,0.000000,1.210957,
0.00417100,0.000000,1.210957,
0.00417120,0.000000,1.227205,
0.00417140,0.000000,1.227205,
0.00417160,-0.002441,1.227205,
0.00417180,-0.002441,1.210957,
0.00417200,-0.002441,1.210957,
0.00417220,-0.002441,1.210957,
0.00417240,0.000000,1.227205,
0.00417260,0.000000,1.227205,
0.00417280,-0.002441,1.227205,
0.00417300,-0.002441,1.227205,
0.00417320,-0.002441,1.227205,
0.00417340,-0.002441,1.210957,
0.00417360,-0.002441,1.210957,
0.00417380,-0.002441,1.210957,
0.00417400,-0.002441,1.210957,
0.00417420,0.000000,1.227205,
0.00417440,-0.002441,1.210957,
0.00417460,0.002441,1.227205,
0.00417480,-0.002441,1.243452,
0.00417500,-0.002441,1.243452,
0.00417520,-0.002441,1.227205,
0.00417540,0.000000,1.227205,
0.00417560,-0.002441,1.210957,
0.00417580,0.000000,1.194710,
0.00417600,0.000000,1.194710,
0.00417620,-0.002441,1.210957,
0.00417640,-0.002441,1.210957,
0.00417660,-0.002441,1.227205,
0.00417680,-0.002441,1.227205,
0.00417700,0.000000,1.227205,
0.00417720,0.000000,1.227205,
0.00417740,0.000000,1.227205,
0.00417760,0.000000,1.210957,
0.00417780,-0.002441,1.210957,
0.00417800,0.000000,1.210957,
0.00417820,-0.002441,1.210957,
0.00417840,-0.002441,1.227205,
0.00417860,-0.002441,1.227205,
0.00417880,-0.002441,1.210957,
0.00417900,0.000000,1.227205,
0.00417920,-0.002441,1.194710,
0.00417940,0.000000,1.227205,
0.00417960,-0.002441,1.227205,
0.00417980,0.000000,1.210957,
0.00418000,-0.002441,1.210957,
0.00418020,0.000000,1.210957,
0.00418040,0.000000,1.210957,
0.00418060,0.000000,1.210957,
0.00418080,-0.002441,1.210957,
0.00418100,-0.002441,1.210957,
0.00418120,-0.002441,1.227205,
0.00418140,-0.002441,1.210957,
0.00418160,-0.002441,1.210957,
0.00418180,-0.002441,1.210957,
0.00418200,-0.002441,1.210957,
0.00418220,0.000000,1.210957,
0.00418240,-0.002441,1.210957,
0.00418260,0.000000,1.227205,
0.00418280,0.000000,1.210957,
0.00418300,0.000000,1.210957,
0.00418320,-0.002441,1.194710,
0.00418340,-0.002441,1.210957,
0.00418360,0.000000,1.227205,
0.00418380,-0.002441,1.227205,
0.00418400,0.000000,1.210957,
0.00418420,-0.002441,1.210957,
0.00418440,0.000000,1.210957,
0.00418460,-0.002441,1.210957,
0.00418480,-0.004883,1.210957,
0.00418500,-0.002441,1.210957,
0.00418520,0.000000,1.227205,
0.00418540,-0.002441,1.210957,
0.00418560,-0.002441,1.210957,
0.00418580,-0.002441,1.227205,
0.00418600,0.000000,1.227205,
0.00418620,0.000000,1.210957,
0.00418640,-0.002441,1.210957,
0.00418660,-0.002441,1.210957,
0.00418680,-0.002441,1.194710,
0.00418700,-0.002441,1.210957,
0.00418720,-0.002441,1.210957,
0.00418740,-0.002441,1.210957,
0.00418760,0.000000,1.210957,
0.00418780,0.000000,1.194710,
0.00418800,-0.002441,1.194710,
0.00418820,0.000000,1.210957,
0.00418840,-0.002441,1.210957,
0.00418860,0.000000,1.210957,
0.00418880,0.000000,1.210957,
0.00418900,-0.002441,1.210957,
0.00418920,0.000000,1.210957,
0.00418940,-0.002441,1.210957,
0.00418960,-0.002441,1.210957,
0.00418980,-0.002441,1.210957,
0.00419000,0.000000,1.210957,
0.00419020,0.000000,1.194710,
0.00419040,0.000000,1.194710,
0.00419060,-0.002441,1.210957,
0.00419080,0.000000,1.210957,
0.00419100,-0.002441,1.210957,
0.00419120,-0.002441,1.210957,
0.00419140,0.000000,1.210957,
0.00419160,-0.002441,1.210957,
0.00419180,0.000000,1.210957,
0.00419200,0.000000,1.194710,
0.00419220,0.000000,1.194710,
0.00419240,0.000000,1.194710,
0.00419260,0.000000,1.210957,
0.00419280,0.000000,1.210957,
0.00419300,-0.002441,1.210957,
0.00419320,0.000000,1.227205,
0.00419340,-0.002441,1.210957,
0.00419360,-0.002441,1.227205,
0.00419380,-0.002441,1.227205,
0.00419400,0.000000,1.210957,
0.00419420,0.000000,1.194710,
0.00419440,0.000000,1.194710,
0.00419460,-0.002441,1.194710,
0.00419480,0.000000,1.210957,
0.00419500,-0.002441,1.210957,
0.00419520,-0.002441,1.210957,
0.00419540,-0.004883,1.210957,
0.00419560,0.000000,1.227205,
0.00419580,-0.002441,1.210957,
0.00419600,-0.002441,1.210957,
0.00419620,-0.002441,1.210957,
0.00419640,-0.002441,1.210957,
0.00419660,0.000000,1.210957,
0.00419680,-0.002441,1.210957,
0.00419700,0.000000,1.210957,
0.00419720,-0.002441,1.210957,
0.00419740,0.000000,1.210957,
0.00419760,-0.002441,1.194710,
0.00419780,-0.002441,1.227205,
0.00419800,-0.002441,1.210957,
0.00419820,0.000000,1.210957,
0.00419840,0.000000,1.194710,
0.00419860,-0.002441,1.194710,
0.00419880,0.000000,1.210957,
0.00419900,-0.002441,1.210957,
0.00419920,0.000000,1.210957,
0.00419940,0.000000,1.210957,
0.00419960,0.000000,1.210957,
0.00419980,0.000000,1.210957,
0.00420000,0.000000,1.210957,
0.00420020,-0.002441,1.210957,
0.00420040,-0.002441,1.210957,
0.00420060,-0.002441,1.210957,
0.00420080,-0.002441,1.194710,
0.00420100,-0.002441,1.194710,
0.00420120,-0.002441,1.210957,
0.00420140,0.000000,1.227205,
0.00420160,-0.002441,1.210957,
0.00420180,0.000000,1.210957,
0.00420200,0.000000,1.194710,
0.00420220,-0.002441,1.194710,
0.00420240,-0.002441,1.210957,
0.00420260,-0.002441,1.210957,
0.00420280,0.000000,1.227205,
0.00420300,0.000000,1.210957,
0.00420320,-0.002441,1.210957,
0.00420340,0.000000,1.210957,
0.00420360,0.000000,1.210957,
0.00420380,0.000000,1.194710,
0.00420400,0.000000,1.194710,
0.00420420,-0.002441,1.194710,
0.00420440,0.000000,1.210957,
0.00420460,0.000000,1.210957,
0.00420480,0.000000,1.210957,
0.00420500,-0.002441,1.210957,
0.00420520,0.000000,1.210957,
0.00420540,0.000000,1.210957,
0.00420560,-0.002441,1.210957,
0.00420580,-0.002441,1.194710,
0.00420600,0.000000,1.194710,
0.00420620,0.000000,1.210957,
0.00420640,0.000000,1.210957,
0.00420660,-0.002441,1.210957,
0.00420680,-0.002441,1.210957,
0.00420700,-0.002441,1.210957,
0.00420720,0.000000,1.210957,
0.00420740,-0.004883,1.194710,
0.00420760,-0.002441,1.210957,
0.00420780,0.000000,1.210957,
0.00420800,0.000000,1.227205,
0.00420820,0.000000,1.210957,
0.00420840,0.000000,1.210957,
0.00420860,-0.002441,1.194710,
0.00420880,-0.002441,1.194710,
0.00420900,-0.002441,1.194710,
0.00420920,-0.002441,1.194710,
0.00420940,0.000000,1.210957,
0.00420960,0.000000,1.227205,
0.00420980,-0.002441,1.227205,
0.00421000,0.000000,1.259700,
0.00421020,-0.002441,1.227205,
0.00421040,-0.002441,1.210957,
0.00421060,0.000000,1.194710,
0.00421080,0.000000,1.194710,
0.00421100,0.000000,1.194710,
0.00421120,0.000000,1.194710,
0.00421140,-0.002441,1.210957,
0.00421160,-0.002441,1.227205,
0.00421180,0.000000,1.227205,
0.00421200,-0.002441,1.227205,
0.00421220,-0.002441,1.210957,
0.00421240,0.000000,1.210957,
0.00421260,-0.002441,1.210957,
0.00421280,0.000000,1.210957,
0.00421300,-0.002441,1.210957,
0.00421320,-0.002441,1.210957,
0.00421340,0.000000,1.227205,
0.00421360,-0.002441,1.210957,
0.00421380,-0.002441,1.194710,
0.00421400,0.000000,1.210957,
0.00421420,-0.002441,1.210957,
0.00421440,0.000000,1.210957,
0.00421460,0.000000,1.227205,
0.00421480,-0.002441,1.210957,
0.00421500,-0.002441,1.210957,
0.00421520,0.000000,1.210957,
0.00421540,-0.002441,1.210957,
0.00421560,-0.002441,1.227205,
0.00421580,0.000000,1.227205,
0.00421600,-0.002441,1.227205,
0.00421620,-0.002441,1.210957,
0.00421640,0.000000,1.210957,
0.00421660,-0.002441,1.210957,
0.00421680,-0.002441,1.210957,
0.00421700,-0.002441,1.210957,
0.00421720,-0.002441,1.210957,
0.00421740,0.000000,1.227205,
0.00421760,0.000000,1.210957,
0.00421780,-0.002441,1.210957,
0.00421800,0.002441,1.227205,
0.00421820,0.000000,1.210957,
0.00421840,-0.002441,1.210957,
0.00421860,-0.002441,1.210957,
0.00421880,-0.002441,1.194710,
0.00421900,0.000000,1.227205,
0.00421920,-0.002441,1.210957,
0.00421940,0.000000,1.210957,
0.00421960,0.002441,1.227205,
0.00421980,0.000000,1.227205,
0.00422000,-0.002441,1.210957,
0.00422020,-0.002441,1.210957,
0.00422040,-0.002441,1.194710,
0.00422060,0.000000,1.210957,
0.00422080,0.000000,1.227205,
0.00422100,-0.002441,1.227205,
0.00422120,-0.002441,1.210957,
0.00422140,0.000000,1.227205,
0.00422160,0.000000,1.210957,
0.00422180,-0.002441,1.210957,
0.00422200,-0.002441,1.210957,
0.00422220,0.000000,1.227205,
0.00422240,-0.002441,1.210957,
0.00422260,-0.002441,1.210957,
0.00422280,-0.002441,1.210957,
0.00422300,0.000000,1.210957,
0.00422320,-0.002441,1.194710,
0.00422340,-0.002441,1.210957,
0.00422360,0.000000,1.227205,
0.00422380,-0.002441,1.227205,
0.00422400,0.000000,1.227205,
0.00422420,-0.002441,1.227205,
0.00422440,-0.002441,1.210957,
0.00422460,-0.002441,1.227205,
0.00422480,0.000000,1.227205,
0.00422500,-0.002441,1.210957,
0.00422520,0.000000,1.210957,
0.00422540,0.000000,1.210957,
0.00422560,0.000000,1.210957,
0.00422580,0.000000,1.227205,
0.00422600,0.000000,1.227205,
0.00422620,-0.002441,1.210957,
0.00422640,-0.002441,1.210957,
0.00422660,0.000000,1.210957,
0.00422680,-0.002441,1.227205,
0.00422700,0.000000,1.210957,
0.00422720,0.000000,1.210957,
0.00422740,0.000000,1.210957,
0.00422760,0.000000,1.210957,
0.00422780,-0.002441,1.227205,
0.00422800,-0.002441,1.210957,
0.00422820,-0.002441,1.210957,
0.00422840,0.000000,1.227205,
0.00422860,0.000000,1.227205,
0.00422880,0.000000,1.227205,
0.00422900,0.000000,1.227205,
0.00422920,-0.002441,1.210957,
0.00422940,0.000000,1.210957,
0.00422960,-0.002441,1.210957,
0.00422980,-0.002441,1.227205,
0.00423000,-0.002441,1.210957,
0.00423020,0.000000,1.210957,
0.00423040,0.000000,1.227205,
0.00423060,0.000000,1.227205,
0.00423080,-0.004883,1.194710,
0.00423100,0.002441,1.210957,
0.00423120,-0.002441,1.210957,
0.00423140,0.000000,1.210957,
0.00423160,-0.002441,1.210957,
0.00423180,0.000000,1.210957,
0.00423200,0.000000,1.210957,
0.00423220,-0.002441,1.210957,
0.00423240,0.000000,1.227205,
0.00423260,0.000000,1.227205,
0.00423280,0.000000,1.210957,
0.00423300,-0.002441,1.210957,
0.00423320,0.002441,1.227205,
0.00423340,0.000000,1.227205,
0.00423360,0.000000,1.227205,
0.00423380,0.000000,1.227205,
0.00423400,-0.002441,1.210957,
0.00423420,0.000000,1.210957,
0.00423440,0.000000,1.227205,
0.00423460,-0.002441,1.210957,
0.00423480,0.000000,1.210957,
0.00423500,0.000000,1.210957,
0.00423520,0.000000,1.210957,
0.00423540,0.000000,1.227205,
0.00423560,-0.002441,1.227205,
0.00423580,0.000000,1.227205,
0.00423600,0.000000,1.227205,
0.00423620,-0.002441,1.210957,
0.00423640,0.000000,1.210957,
0.00423660,0.000000,1.210957,
0.00423680,0.000000,1.210957,
0.00423700,0.000000,1.210957,
0.00423720,-0.002441,1.210957,
0.00423740,0.000000,1.227205,
0.00423760,-0.002441,1.210957,
0.00423780,-0.002441,1.210957,
0.00423800,-0.002441,1.210957,
0.00423820,0.000000,1.210957,
0.00423840,-0.002441,1.227205,
0.00423860,0.000000,1.227205,
0.00423880,-0.002441,1.227205,
0.00423900,0.000000,1.210957,
0.00423920,-0.002441,1.210957,
0.00423940,0.000000,1.227205,
0.00423960,-0.002441,1.210957,
0.00423980,-0.002441,1.210957,
0.00424000,0.000000,1.210957,
0.00424020,0.000000,1.210957,
0.00424040,-0.002441,1.210957,
0.00424060,0.000000,1.210957,
0.00424080,-0.002441,1.210957,
0.00424100,0.000000,1.227205,
0.00424120,-0.002441,1.227205,
0.00424140,0.000000,1.210957,
0.00424160,0.000000,1.210957,
0.00424180,0.000000,1.210957,
0.00424200,0.000000,1.210957,
0.00424220,0.002441,1.227205,
0.00424240,-0.002441,1.210957,
0.00424260,-0.002441,1.194710,
0.00424280,0.000000,1.210957,
0.00424300,0.000000,1.210957,
0.00424320,-0.002441,1.227205,
0.00424340,0.000000,1.210957,
0.00424360,0.000000,1.210957,
0.00424380,0.000000,1.194710,
0.00424400,-0.002441,1.210957,
0.00424420,-0.002441,1.194710,
0.00424440,-0.002441,1.194710,
0.00424460,0.000000,1.227205,
0.00424480,-0.002441,1.227205,
0.00424500,0.000000,1.243452,
0.00424520,-0.002441,1.243452,
0.00424540,0.002441,1.243452,
0.00424560,-0.002441,1.210957,
0.00424580,-0.002441,1.194710,
0.00424600,-0.002441,1.194710,
0.00424620,0.000000,1.194710,
0.00424640,-0.002441,1.210957,
0.00424660,0.000000,1.227205,
0.00424680,-0.002441,1.243452,
0.00424700,0.002441,1.243452,
0.00424720,-0.002441,1.227205,
0.00424740,-0.002441,1.227205,
0.00424760,-0.002441,1.227205,
0.00424780,0.000000,1.227205,
0.00424800,0.000000,1.227205,
0.00424820,-0.002441,1.227205,
0.00424840,-0.002441,1.227205,
0.00424860,0.000000,1.227205,
0.00424880,0.000000,1.210957,
0.00424900,-0.002441,1.210957,
0.00424920,-0.002441,1.210957,
0.00424940,-0.002441,1.243452,
0.00424960,0.000000,1.227205,
0.00424980,0.000000,1.227205,
0.00425000,-0.002441,1.210957,
0.00425020,-0.002441,1.210957,
0.00425040,0.000000,1.227205,
0.00425060,-0.002441,1.227205,
0.00425080,0.000000,1.227205,
0.00425100,-0.002441,1.227205,
0.00425120,0.000000,1.210957,
0.00425140,0.000000,1.227205,
0.00425160,0.000000,1.227205,
0.00425180,0.000000,1.227205,
0.00425200,0.000000,1.227205,
0.00425220,-0.002441,1.227205,
0.00425240,0.000000,1.227205,
0.00425260,-0.002441,1.227205,
0.00425280,0.000000,1.227205,
0.00425300,0.000000,1.227205,
0.00425320,0.000000,1.227205,
0.00425340,0.000000,1.227205,
0.00425360,-0.002441,1.210957,
0.00425380,0.000000,1.210957,
0.00425400,-0.002441,1.227205,
0.00425420,-0.002441,1.210957,
0.00425440,0.000000,1.227205,
0.00425460,0.000000,1.243452,
0.00425480,-0.002441,1.243452,
0.00425500,0.000000,1.243452,
0.00425520,-0.002441,1.227205,
0.00425540,-0.002441,1.227205,
0.00425560,-0.002441,1.210957,
0.00425580,0.000000,1.227205,
0.00425600,0.000000,1.227205,
0.00425620,0.000000,1.243452,
0.00425640,-0.002441,1.227205,
0.00425660,0.000000,1.227205,
0.00425680,-0.002441,1.227205,
0.00425700,-0.004883,1.210957,
0.00425720,-0.002441,1.227205,
0.00425740,0.000000,1.243452,
0.00425760,0.000000,1.243452,
0.00425780,0.000000,1.227205,
0.00425800,0.000000,1.210957,
0.00425820,-0.002441,1.227205,
0.00425840,0.000000,1.227205,
0.00425860,-0.002441,1.227205,
0.00425880,-0.004883,1.227205,
0.00425900,0.000000,1.227205,
0.00425920,-0.002441,1.227205,
0.00425940,-0.002441,1.210957,
0.00425960,0.000000,1.227205,
0.00425980,-0.002441,1.227205,
0.00426000,-0.002441,1.243452,
0.00426020,-0.002441,1.227205,
0.00426040,0.000000,1.227205,
0.00426060,-0.002441,1.227205,
0.00426080,0.000000,1.227205,
0.00426100,0.000000,1.243452,
0.00426120,0.000000,1.227205,
0.00426140,0.000000,1.243452,
0.00426160,-0.002441,1.243452,
0.00426180,0.000000,1.243452,
0.00426200,-0.002441,1.227205,
0.00426220,-0.002441,1.210957,
0.00426240,0.000000,1.210957,
0.00426260,0.000000,1.227205,
0.00426280,0.000000,1.227205,
0.00426300,-0.002441,1.243452,
0.00426320,-0.002441,1.243452,
0.00426340,-0.002441,1.243452,
0.00426360,-0.002441,1.227205,
0.00426380,-0.002441,1.243452,
0.00426400,0.000000,1.227205,
0.00426420,0.000000,1.227205,
0.00426440,0.000000,1.210957,
0.00426460,-0.002441,1.227205,
0.00426480,0.000000,1.227205,
0.00426500,-0.002441,1.243452,
0.00426520,-0.004883,1.227205,
0.00426540,0.000000,1.243452,
0.00426560,0.000000,1.227205,
0.00426580,0.000000,1.227205,
0.00426600,0.000000,1.243452,
0.00426620,-0.002441,1.243452,
0.00426640,0.000000,1.243452,
0.00426660,0.000000,1.243452,
0.00426680,-0.002441,1.210957,
0.00426700,-0.002441,1.227205,
0.00426720,-0.002441,1.227205,
0.00426740,0.000000,1.227205,
0.00426760,0.000000,1.227205,
0.00426780,0.000000,1.243452,
0.00426800,0.000000,1.243452,
0.00426820,0.000000,1.227205,
0.00426840,0.000000,1.227205,
0.00426860,0.000000,1.227205,
0.00426880,0.000000,1.243452,
0.00426900,-0.002441,1.227205,
0.00426920,-0.002441,1.243452,
0.00426940,0.002441,1.227205,
0.00426960,-0.002441,1.243452,
0.00426980,-0.002441,1.243452,
0.00427000,-0.002441,1.243452,
0.00427020,0.000000,1.243452,
0.00427040,0.000000,1.243452,
0.00427060,0.000000,1.243452,
0.00427080,0.000000,1.227205,
0.00427100,0.004883,1.243452,
0.00427120,0.000000,1.243452,
0.00427140,-0.004883,1.227205,
0.00427160,0.000000,1.243452,
0.00427180,-0.002441,1.227205,
0.00427200,0.000000,1.243452,
0.00427220,-0.002441,1.243452,
0.00427240,0.000000,1.227205,
0.00427260,0.002441,1.227205,
0.00427280,0.002441,1.227205,
0.00427300,-0.002441,1.243452,
0.00427320,-0.002441,1.243452,
0.00427340,0.000000,1.243452,
0.00427360,0.000000,1.243452,
0.00427380,-0.002441,1.243452,
0.00427400,0.000000,1.243452,
0.00427420,-0.002441,1.243452,
0.00427440,0.000000,1.243452,
0.00427460,0.000000,1.227205,
0.00427480,0.000000,1.227205,
0.00427500,-0.002441,1.227205,
0.00427520,0.000000,1.243452,
0.00427540,0.000000,1.243452,
0.00427560,-0.002441,1.243452,
0.00427580,-0.002441,1.227205,
0.00427600,-0.002441,1.243452,
0.00427620,0.000000,1.243452,
0.00427640,0.000000,1.227205,
0.00427660,-0.002441,1.243452,
0.00427680,-0.002441,1.243452,
0.00427700,0.000000,1.243452,
0.00427720,-0.002441,1.227205,
0.00427740,-0.002441,1.243452,
0.00427760,0.000000,1.243452,
0.00427780,-0.002441,1.243452,
0.00427800,-0.002441,1.227205,
0.00427820,0.000000,1.243452,
0.00427840,0.000000,1.243452,
0.00427860,0.000000,1.243452,
0.00427880,-0.002441,1.243452,
0.00427900,0.000000,1.227205,
0.00427920,0.000000,1.227205,
0.00427940,-0.002441,1.227205,
0.00427960,-0.002441,1.227205,
0.00427980,0.000000,1.243452,
0.00428000,0.000000,1.259700,
0.00428020,0.000000,1.259700,
0.00428040,0.000000,1.259700,
0.00428060,0.000000,1.243452,
0.00428080,0.000000,1.227205,
0.00428100,-0.002441,1.210957,
0.00428120,-0.002441,1.210957,
0.00428140,0.000000,1.210957,
0.00428160,0.000000,1.243452,
0.00428180,-0.002441,1.259700,
0.00428200,0.000000,1.259700,
0.00428220,-0.004883,1.259700,
0.00428240,0.000000,1.243452,
0.00428260,-0.002441,1.243452,
0.00428280,-0.002441,1.227205,
0.00428300,-0.002441,1.227205,
0.00428320,0.000000,1.243452,
0.00428340,0.000000,1.259700,
0.00428360,-0.002441,1.243452,
0.00428380,-0.002441,1.243452,
0.00428400,0.000000,1.243452,
0.00428420,0.000000,1.243452,
0.00428440,-0.002441,1.243452,
0.00428460,0.000000,1.243452,
0.00428480,0.000000,1.243452,
0.00428500,-0.002441,1.227205,
0.00428520,0.000000,1.243452,
0.00428540,0.000000,1.243452,
0.00428560,-0.002441,1.243452,
0.00428580,-0.002441,1.259700,
0.00428600,-0.002441,1.243452,
0.00428620,0.000000,1.243452,
0.00428640,0.000000,1.243452,
0.00428660,0.000000,1.243452,
0.00428680,-0.002441,1.243452,
0.00428700,-0.002441,1.243452,
0.00428720,0.000000,1.243452,
0.00428740,0.000000,1.243452,
0.00428760,-0.002441,1.243452,
0.00428780,0.000000,1.243452,
0.00428800,0.000000,1.259700,
0.00428820,-0.002441,1.243452,
0.00428840,0.000000,1.259700,
0.00428860,-0.002441,1.243452,
0.00428880,0.000000,1.259700,
0.00428900,-0.002441,1.243452,
0.00428920,-0.002441,1.243452,
0.00428940,-0.002441,1.243452,
0.00428960,0.000000,1.243452,
0.00428980,0.000000,1.243452,
0.00429000,0.000000,1.243452,
0.00429020,0.000000,1.243452,
0.00429040,0.000000,1.243452,
0.00429060,0.000000,1.243452,
0.00429080,0.000000,1.243452,
0.00429100,-0.002441,1.243452,
0.00429120,0.000000,1.259700,
0.00429140,0.000000,1.243452,
0.00429160,0.000000,1.243452,
0.00429180,0.000000,1.243452,
0.00429200,0.000000,1.259700,
0.00429220,0.000000,1.259700,
0.00429240,0.000000,1.243452,
0.00429260,0.000000,1.243452,
0.00429280,-0.002441,1.243452,
0.00429300,0.000000,1.243452,
0.00429320,0.000000,1.259700,
0.00429340,0.000000,1.243452,
0.00429360,0.000000,1.243452,
0.00429380,0.000000,1.259700,
0.00429400,-0.002441,1.259700,
0.00429420,0.000000,1.259700,
0.00429440,-0.002441,1.259700,
0.00429460,0.000000,1.243452,
0.00429480,0.000000,1.243452,
0.00429500,0.000000,1.259700,
0.00429520,-0.002441,1.275947,
0.00429540,-0.002441,1.259700,
0.00429560,-0.002441,1.243452,
0.00429580,0.000000,1.259700,
0.00429600,0.000000,1.259700,
0.00429620,-0.002441,1.259700,
0.00429640,0.000000,1.259700,
0.00429660,0.000000,1.259700,
0.00429680,0.000000,1.259700,
0.00429700,0.000000,1.243452,
0.00429720,-0.002441,1.259700,
0.00429740,-0.002441,1.243452,
0.00429760,0.000000,1.259700,
0.00429780,0.000000,1.259700,
0.00429800,0.000000,1.243452,
0.00429820,0.000000,1.259700,
0.00429840,0.000000,1.259700,
0.00429860,-0.002441,1.259700,
0.00429880,-0.002441,1.259700,
0.00429900,-0.002441,1.259700,
0.00429920,0.000000,1.275947,
0.00429940,0.000000,1.259700,
0.00429960,-0.002441,1.243452,
0.00429980,0.000000,1.243452,
0.00430000,0.000000,1.259700,
0.00430020,-0.002441,1.259700,
0.00430040,-0.002441,1.259700,
0.00430060,-0.002441,1.259700,
0.00430080,0.000000,1.259700,
0.00430100,0.000000,1.259700,
0.00430120,0.000000,1.259700,
0.00430140,0.000000,1.259700,
0.00430160,0.000000,1.259700,
0.00430180,0.000000,1.259700,
0.00430200,-0.004883,1.259700,
0.00430220,-0.002441,1.259700,
0.00430240,0.000000,1.259700,
0.00430260,0.000000,1.275947,
0.00430280,0.000000,1.259700,
0.00430300,0.000000,1.259700,
0.00430320,0.000000,1.275947,
0.00430340,-0.002441,1.259700,
0.00430360,-0.002441,1.243452,
0.00430380,-0.002441,1.259700,
0.00430400,0.000000,1.259700,
0.00430420,-0.002441,1.259700,
0.00430440,0.000000,1.259700,
0.00430460,-0.002441,1.259700,
0.00430480,-0.002441,1.259700,
0.00430500,0.000000,1.259700,
0.00430520,0.000000,1.259700,
0.00430540,-0.002441,1.259700,
0.00430560,0.000000,1.275947,
0.00430580,0.000000,1.275947,
0.00430600,0.000000,1.259700,
0.00430620,-0.002441,1.259700,
0.00430640,0.000000,1.259700,
0.00430660,-0.002441,1.259700,
0.00430680,-0.002441,1.259700,
0.00430700,-0.002441,1.259700,
0.00430720,0.000000,1.259700,
0.00430740,-0.002441,1.259700,
0.00430760,0.000000,1.275947,
0.00430780,-0.002441,1.259700,
0.00430800,0.000000,1.275947,
0.00430820,-0.002441,1.259700,
0.00430840,-0.002441,1.259700,
0.00430860,-0.002441,1.259700,
0.00430880,0.000000,1.275947,
0.00430900,0.000000,1.275947,
0.00430920,-0.002441,1.259700,
0.00430940,-0.002441,1.259700,
0.00430960,0.000000,1.275947,
0.00430980,0.000000,1.259700,
0.00431000,0.000000,1.259700,
0.00431020,-0.002441,1.259700,
0.00431040,0.000000,1.259700,
0.00431060,0.000000,1.259700,
0.00431080,0.000000,1.259700,
0.00431100,0.000000,1.259700,
0.00431120,0.000000,1.259700,
0.00431140,0.000000,1.259700,
0.00431160,-0.002441,1.259700,
0.00431180,-0.002441,1.259700,
0.00431200,0.000000,1.275947,
0.00431220,0.000000,1.259700,
0.00431240,0.000000,1.259700,
0.00431260,0.000000,1.259700,
0.00431280,-0.002441,1.275947,
0.00431300,-0.002441,1.259700,
0.00431320,-0.002441,1.275947,
0.00431340,-0.002441,1.259700,
0.00431360,-0.002441,1.259700,
0.00431380,-0.002441,1.259700,
0.00431400,0.000000,1.243452,
0.00431420,-0.002441,1.243452,
0.00431440,0.000000,1.259700,
0.00431460,-0.002441,1.259700,
0.00431480,0.000000,1.275947,
0.00431500,-0.002441,1.275947,
0.00431520,-0.002441,1.275947,
0.00431540,0.000000,1.292195,
0.00431560,0.000000,1.292195,
0.00431580,-0.002441,1.243452,
0.00431600,0.000000,1.259700,
0.00431620,0.000000,1.243452,
0.00431640,0.000000,1.243452,
0.00431660,-0.002441,1.243452,
0.00431680,0.000000,1.259700,
0.00431700,0.000000,1.292195,
0.00431720,-0.002441,1.292195,
0.00431740,0.000000,1.292195,
0.00431760,0.000000,1.275947,
0.00431780,0.000000,1.259700,
0.00431800,-0.002441,1.259700,
0.00431820,-0.002441,1.259700,
0.00431840,0.000000,1.259700,
0.00431860,0.000000,1.259700,
0.00431880,-0.002441,1.275947,
0.00431900,-0.002441,1.275947,
0.00431920,0.000000,1.275947,
0.00431940,0.000000,1.259700,
0.00431960,-0.002441,1.275947,
0.00431980,-0.002441,1.259700,
0.00432000,-0.002441,1.259700,
0.00432020,0.000000,1.275947,
0.00432040,0.000000,1.259700,
0.00432060,0.000000,1.259700,
0.00432080,-0.002441,1.275947,
0.00432100,0.000000,1.275947,
0.00432120,-0.002441,1.275947,
0.00432140,0.000000,1.259700,
0.00432160,0.000000,1.259700,
0.00432180,0.000000,1.259700,
0.00432200,0.000000,1.259700,
0.00432220,-0.002441,1.259700,
0.00432240,-0.002441,1.259700,
0.00432260,0.000000,1.275947,
0.00432280,0.000000,1.275947,
0.00432300,-0.002441,1.259700,
0.00432320,0.000000,1.275947,
0.00432340,0.000000,1.275947,
0.00432360,0.000000,1.275947,
0.00432380,0.000000,1.259700,
0.00432400,0.002441,1.259700,
0.00432420,-0.002441,1.275947,
0.00432440,0.000000,1.259700,
0.00432460,-0.002441,1.259700,
0.00432480,0.000000,1.259700,
0.00432500,0.000000,1.275947,
0.00432520,0.000000,1.275947,
0.00432540,-0.002441,1.275947,
0.00432560,0.002441,1.275947,
0.00432580,0.000000,1.259700,
0.00432600,0.000000,1.259700,
0.00432620,-0.002441,1.275947,
0.00432640,0.000000,1.275947,
0.00432660,0.000000,1.275947,
0.00432680,0.000000,1.275947,
0.00432700,0.000000,1.275947,
0.00432720,0.000000,1.275947,
0.00432740,0.000000,1.275947,
0.00432760,0.000000,1.275947,
0.00432780,-0.002441,1.259700,
0.00432800,-0.002441,1.259700,
0.00432820,0.000000,1.259700,
0.00432840,0.000000,1.275947,
0.00432860,-0.002441,1.292195,
0.00432880,-0.002441,1.292195,
0.00432900,0.000000,1.292195,
0.00432920,-0.002441,1.259700,
0.00432940,-0.002441,1.275947,
0.00432960,-0.002441,1.275947,
0.00432980,-0.002441,1.259700,
0.00433000,-0.002441,1.275947,
0.00433020,0.000000,1.275947,
0.00433040,0.000000,1.275947,
0.00433060,0.000000,1.292195,
0.00433080,-0.002441,1.275947,
0.00433100,0.000000,1.275947,
0.00433120,0.000000,1.275947,
0.00433140,0.000000,1.292195,
0.00433160,0.000000,1.275947,
0.00433180,0.000000,1.292195,
0.00433200,-0.002441,1.275947,
0.00433220,0.000000,1.292195,
0.00433240,-0.002441,1.275947,
0.00433260,-0.002441,1.275947,
0.00433280,-0.002441,1.275947,
0.00433300,-0.002441,1.292195,
0.00433320,0.000000,1.292195,
0.00433340,0.000000,1.292195,
0.00433360,0.000000,1.308443,
0.00433380,0.000000,1.292195,
0.00433400,0.000000,1.292195,
0.00433420,-0.002441,1.275947,
0.00433440,-0.002441,1.259700,
0.00433460,0.000000,1.275947,
0.00433480,0.000000,1.292195,
0.00433500,-0.002441,1.275947,
0.00433520,0.000000,1.292195,
0.00433540,-0.002441,1.292195,
0.00433560,-0.002441,1.292195,
0.00433580,-0.002441,1.292195,
0.00433600,0.000000,1.275947,
0.00433620,0.000000,1.275947,
0.00433640,0.000000,1.292195,
0.00433660,0.000000,1.292195,
0.00433680,0.000000,1.292195,
0.00433700,-0.002441,1.292195,
0.00433720,-0.002441,1.275947,
0.00433740,-0.002441,1.275947,
0.00433760,-0.002441,1.275947,
0.00433780,-0.002441,1.292195,
0.00433800,0.000000,1.275947,
0.00433820,0.000000,1.292195,
0.00433840,-0.002441,1.275947,
0.00433860,0.000000,1.292195,
0.00433880,-0.002441,1.292195,
0.00433900,0.000000,1.292195,
0.00433920,-0.002441,1.292195,
0.00433940,0.000000,1.292195,
0.00433960,0.002441,1.292195,
0.00433980,-0.002441,1.292195,
0.00434000,0.000000,1.308443,
0.00434020,0.000000,1.308443,
0.00434040,-0.002441,1.292195,
0.00434060,-0.002441,1.275947,
0.00434080,0.000000,1.292195,
0.00434100,0.000000,1.292195,
0.00434120,0.000000,1.292195,
0.00434140,-0.002441,1.292195,
0.00434160,-0.002441,1.275947,
0.00434180,0.000000,1.292195,
0.00434200,-0.002441,1.292195,
0.00434220,-0.002441,1.292195,
0.00434240,-0.002441,1.292195,
0.00434260,0.000000,1.275947,
0.00434280,0.000000,1.275947,
0.00434300,0.000000,1.308443,
0.00434320,-0.002441,1.308443,
0.00434340,0.000000,1.308443,
0.00434360,-0.002441,1.292195,
0.00434380,-0.002441,1.292195,
0.00434400,0.000000,1.292195,
0.00434420,0.000000,1.292195,
0.00434440,0.000000,1.275947,
0.00434460,0.000000,1.275947,
0.00434480,0.000000,1.292195,
0.00434500,0.000000,1.308443,
0.00434520,-0.002441,1.292195,
0.00434540,-0.002441,1.275947,
0.00434560,0.000000,1.292195,
0.00434580,-0.002441,1.292195,
0.00434600,0.000000,1.292195,
0.00434620,0.000000,1.275947,
0.00434640,0.000000,1.292195,
0.00434660,-0.002441,1.292195,
0.00434680,-0.002441,1.275947,
0.00434700,-0.002441,1.275947,
0.00434720,0.000000,1.292195,
0.00434740,-0.002441,1.292195,
0.00434760,0.000000,1.292195,
0.00434780,-0.002441,1.275947,
0.00434800,-0.002441,1.275947,
0.00434820,-0.002441,1.292195,
0.00434840,0.000000,1.292195,
0.00434860,0.000000,1.275947,
0.00434880,-0.002441,1.275947,
0.00434900,-0.002441,1.292195,
0.00434920,0.000000,1.292195,
0.00434940,0.000000,1.275947,
0.00434960,-0.002441,1.275947,
0.00434980,0.000000,1.275947,
0.00435000,-0.002441,1.292195,
0.00435020,0.000000,1.292195,
0.00435040,0.000000,1.292195,
0.00435060,0.000000,1.292195,
0.00435080,0.000000,1.292195,
0.00435100,0.000000,1.292195,
0.00435120,0.000000,1.259700,
0.00435140,-0.002441,1.259700,
0.00435160,-0.004883,1.259700,
0.00435180,-0.002441,1.275947,
0.00435200,-0.002441,1.292195,
0.00435220,-0.002441,1.292195,
0.00435240,-0.002441,1.292195,
0.00435260,0.000000,1.292195,
0.00435280,0.000000,1.275947,
0.00435300,0.000000,1.275947,
0.00435320,-0.002441,1.275947,
0.00435340,-0.002441,1.275947,
0.00435360,-0.002441,1.292195,
0.00435380,0.000000,1.292195,
0.00435400,-0.002441,1.275947,
0.00435420,0.000000,1.275947,
0.00435440,-0.002441,1.292195,
0.00435460,0.000000,1.292195,
0.00435480,-0.002441,1.292195,
0.00435500,-0.002441,1.275947,
0.00435520,0.000000,1.275947,
0.00435540,0.000000,1.275947,
0.00435560,-0.002441,1.275947,
0.00435580,0.000000,1.292195,
0.00435600,-0.002441,1.292195,
0.00435620,0.000000,1.275947,
0.00435640,-0.002441,1.275947,
0.00435660,0.000000,1.275947,
0.00435680,-0.002441,1.292195,
0.00435700,0.000000,1.292195,
0.00435720,0.000000,1.275947,
0.00435740,0.000000,1.292195,
0.00435760,0.000000,1.275947,
0.00435780,-0.002441,1.292195,
0.00435800,-0.002441,1.275947,
0.00435820,-0.002441,1.292195,
0.00435840,-0.002441,1.292195,
0.00435860,0.000000,1.275947,
0.00435880,-0.002441,1.275947,
0.00435900,-0.002441,1.275947,
0.00435920,-0.002441,1.275947,
0.00435940,0.000000,1.275947,
0.00435960,0.000000,1.275947,
0.00435980,0.000000,1.292195,
0.00436000,0.000000,1.292195,
0.00436020,-0.002441,1.275947,
0.00436040,0.000000,1.275947,
0.00436060,0.000000,1.292195,
0.00436080,0.000000,1.275947,
0.00436100,-0.002441,1.275947,
0.00436120,0.000000,1.275947,
0.00436140,0.000000,1.292195,
0.00436160,-0.002441,1.275947,
0.00436180,0.000000,1.275947,
0.00436200,-0.002441,1.275947,
0.00436220,0.000000,1.292195,
0.00436240,0.000000,1.292195,
0.00436260,0.000000,1.292195,
0.00436280,-0.002441,1.275947,
0.00436300,-0.002441,1.275947,
0.00436320,-0.002441,1.275947,
0.00436340,0.000000,1.275947,
0.00436360,0.000000,1.292195,
0.00436380,-0.002441,1.292195,
0.00436400,-0.002441,1.292195,
0.00436420,0.000000,1.292195,
0.00436440,0.000000,1.292195,
0.00436460,-0.002441,1.292195,
0.00436480,0.000000,1.292195,
0.00436500,-0.002441,1.292195,
0.00436520,0.000000,1.292195,
0.00436540,0.000000,1.275947,
0.00436560,0.000000,1.292195,
0.00436580,0.000000,1.308443,
0.00436600,-0.002441,1.292195,
0.00436620,0.000000,1.292195,
0.00436640,0.000000,1.275947,
0.00436660,0.000000,1.292195,
0.00436680,0.000000,1.292195,
0.00436700,-0.002441,1.292195,
0.00436720,0.000000,1.292195,
0.00436740,0.000000,1.292195,
0.00436760,0.000000,1.275947,
0.00436780,-0.002441,1.275947,
0.00436800,0.000000,1.259700,
0.00436820,0.000000,1.292195,
0.00436840,0.000000,1.292195,
0.00436860,0.000000,1.308443,
0.00436880,0.000000,1.292195,
0.00436900,-0.002441,1.308443,
0.00436920,0.000000,1.292195,
0.00436940,-0.002441,1.275947,
0.00436960,-0.002441,1.275947,
0.00436980,0.000000,1.275947,
0.00437000,0.000000,1.292195,
0.00437020,-0.002441,1.292195,
0.00437040,-0.002441,1.292195,
0.00437060,-0.002441,1.308443,
0.00437080,-0.002441,1.292195,
0.00437100,0.000000,1.292195,
0.00437120,-0.002441,1.275947,
0.00437140,-0.002441,1.275947,
0.00437160,-0.002441,1.292195,
0.00437180,0.000000,1.292195,
0.00437200,0.000000,1.292195,
0.00437220,-0.002441,1.292195,
0.00437240,-0.002441,1.292195,
0.00437260,-0.002441,1.292195,
0.00437280,-0.002441,1.292195,
0.00437300,0.000000,1.275947,
0.00437320,0.000000,1.275947,
0.00437340,0.000000,1.292195,
0.00437360,-0.002441,1.292195,
0.00437380,-0.002441,1.292195,
0.00437400,0.000000,1.292195,
0.00437420,0.000000,1.292195,
0.00437440,-0.002441,1.275947,
0.00437460,-0.002441,1.275947,
0.00437480,0.000000,1.275947,
0.00437500,0.000000,1.292195,
0.00437520,0.000000,1.292195,
0.00437540,-0.002441,1.292195,
0.00437560,0.000000,1.275947,
0.00437580,-0.002441,1.275947,
0.00437600,-0.002441,1.292195,
0.00437620,0.000000,1.292195,
0.00437640,0.000000,1.292195,
0.00437660,0.000000,1.292195,
0.00437680,0.000000,1.292195,
0.00437700,-0.002441,1.292195,
0.00437720,0.000000,1.292195,
0.00437740,0.000000,1.292195,
0.00437760,-0.002441,1.275947,
0.00437780,-0.002441,1.292195,
0.00437800,0.000000,1.308443,
0.00437820,0.000000,1.292195,
0.00437840,0.000000,1.292195,
0.00437860,0.002441,1.292195,
0.00437880,0.000000,1.275947,
0.00437900,0.000000,1.292195,
0.00437920,-0.002441,1.292195,
0.00437940,0.000000,1.292195,
0.00437960,-0.002441,1.292195,
0.00437980,0.000000,1.275947,
0.00438000,0.000000,1.292195,
0.00438020,0.004883,1.308443,
0.00438040,0.000000,1.292195,
0.00438060,-0.002441,1.275947,
0.00438080,0.000000,1.292195,
0.00438100,0.000000,1.292195,
0.00438120,0.000000,1.275947,
0.00438140,0.000000,1.308443,
0.00438160,0.000000,1.308443,
0.00438180,0.000000,1.292195,
0.00438200,0.000000,1.292195,
0.00438220,0.000000,1.275947,
0.00438240,-0.004883,1.259700,
0.00438260,-0.002441,1.275947,
0.00438280,0.000000,1.292195,
0.00438300,0.000000,1.292195,
0.00438320,-0.002441,1.292195,
0.00438340,0.000000,1.275947,
0.00438360,0.002441,1.292195,
0.00438380,0.000000,1.292195,
0.00438400,0.000000,1.275947,
0.00438420,0.000000,1.275947,
0.00438440,0.000000,1.275947,
0.00438460,-0.002441,1.259700,
0.00438480,-0.002441,1.259700,
0.00438500,-0.002441,1.275947,
0.00438520,0.000000,1.292195,
0.00438540,-0.002441,1.292195,
0.00438560,-0.002441,1.292195,
0.00438580,-0.002441,1.292195,
0.00438600,0.002441,1.292195,
0.00438620,0.000000,1.275947,
0.00438640,-0.002441,1.259700,
0.00438660,-0.002441,1.259700,
0.00438680,0.000000,1.275947,
0.00438700,0.000000,1.292195,
0.00438720,-0.002441,1.292195,
0.00438740,-0.002441,1.308443,
0.00438760,0.000000,1.292195,
0.00438780,0.000000,1.292195,
0.00438800,-0.002441,1.275947,
0.00438820,0.002441,1.275947,
0.00438840,0.002441,1.292195,
0.00438860,-0.002441,1.259700,
0.00438880,-0.002441,1.259700,
0.00438900,-0.002441,1.275947,
0.00438920,-0.002441,1.292195,
0.00438940,0.000000,1.292195,
0.00438960,0.000000,1.275947,
0.00438980,-0.002441,1.275947,
0.00439000,-0.002441,1.259700,
0.00439020,-0.002441,1.259700,
0.00439040,-0.002441,1.275947,
0.00439060,0.000000,1.275947,
0.00439080,-0.002441,1.275947,
0.00439100,0.000000,1.275947,
0.00439120,-0.002441,1.275947,
0.00439140,-0.002441,1.275947,
0.00439160,-0.002441,1.275947,
0.00439180,0.000000,1.275947,
0.00439200,-0.002441,1.259700,
0.00439220,0.000000,1.259700,
0.00439240,-0.002441,1.259700,
0.00439260,0.000000,1.275947,
0.00439280,-0.002441,1.275947,
0.00439300,-0.002441,1.275947,
0.00439320,0.000000,1.275947,
0.00439340,-0.002441,1.259700,
0.00439360,-0.002441,1.259700,
0.00439380,-0.002441,1.275947,
0.00439400,0.000000,1.275947,
0.00439420,0.000000,1.259700,
0.00439440,0.000000,1.259700,
0.00439460,-0.002441,1.259700,
0.00439480,0.000000,1.275947,
0.00439500,-0.002441,1.259700,
0.00439520,-0.002441,1.275947,
0.00439540,0.000000,1.259700,
0.00439560,0.000000,1.275947,
0.00439580,0.002441,1.292195,
0.00439600,0.000000,1.275947,
0.00439620,-0.002441,1.259700,
0.00439640,-0.002441,1.275947,
0.00439660,-0.002441,1.259700,
0.00439680,-0.002441,1.275947,
0.00439700,0.000000,1.292195,
0.00439720,-0.002441,1.275947,
0.00439740,0.000000,1.259700,
0.00439760,-0.002441,1.275947,
0.00439780,0.000000,1.275947,
0.00439800,-0.002441,1.259700,
0.00439820,0.000000,1.259700,
0.00439840,0.000000,1.259700,
0.00439860,0.000000,1.275947,
0.00439880,-0.002441,1.275947,
0.00439900,0.000000,1.275947,
0.00439920,0.000000,1.259700,
0.00439940,0.000000,1.275947,
0.00439960,-0.002441,1.275947,
0.00439980,0.000000,1.275947,
0.00440000,-0.002441,1.259700,
0.00440020,0.000000,1.259700,
0.00440040,0.000000,1.259700,
0.00440060,0.000000,1.259700,
0.00440080,0.000000,1.275947,
0.00440100,-0.002441,1.275947,
0.00440120,-0.002441,1.275947,
0.00440140,0.000000,1.275947,
0.00440160,-0.002441,1.275947,
0.00440180,-0.002441,1.259700,
0.00440200,-0.002441,1.259700,
0.00440220,0.000000,1.275947,
0.00440240,0.000000,1.259700,
0.00440260,0.000000,1.259700,
0.00440280,0.000000,1.259700,
0.00440300,0.000000,1.275947,
0.00440320,-0.002441,1.259700,
0.00440340,0.000000,1.259700,
0.00440360,0.000000,1.275947,
0.00440380,0.000000,1.292195,
0.00440400,0.000000,1.275947,
0.00440420,-0.002441,1.259700,
0.00440440,0.000000,1.259700,
0.00440460,0.000000,1.243452,
0.00440480,0.000000,1.243452,
0.00440500,-0.002441,1.259700,
0.00440520,0.000000,1.259700,
0.00440540,0.000000,1.275947,
0.00440560,0.000000,1.275947,
0.00440580,0.000000,1.275947,
0.00440600,0.000000,1.259700,
0.00440620,0.000000,1.259700,
0.00440640,-0.002441,1.259700,
0.00440660,-0.002441,1.275947,
0.00440680,-0.002441,1.259700,
0.00440700,0.000000,1.275947,
0.00440720,0.000000,1.259700,
0.00440740,0.000000,1.275947,
0.00440760,0.000000,1.259700,
0.00440780,0.000000,1.259700,
0.00440800,-0.002441,1.259700,
0.00440820,0.000000,1.259700,
0.00440840,-0.002441,1.259700,
0.00440860,0.000000,1.259700,
0.00440880,-0.002441,1.259700,
0.00440900,0.000000,1.259700,
0.00440920,0.000000,1.275947,
0.00440940,-0.002441,1.275947,
0.00440960,0.000000,1.275947,
0.00440980,-0.002441,1.243452,
0.00441000,-0.002441,1.259700,
0.00441020,0.000000,1.259700,
0.00441040,0.000000,1.275947,
0.00441060,-0.002441,1.275947,
0.00441080,0.000000,1.259700,
0.00441100,-0.002441,1.259700,
0.00441120,0.000000,1.275947,
0.00441140,-0.002441,1.259700,
0.00441160,0.000000,1.259700,
0.00441180,0.000000,1.259700,
0.00441200,0.000000,1.259700,
0.00441220,0.000000,1.259700,
0.00441240,0.000000,1.259700,
0.00441260,0.000000,1.259700,
0.00441280,-0.002441,1.259700,
0.00441300,0.000000,1.275947,
0.00441320,0.000000,1.259700,
0.00441340,0.000000,1.275947,
0.00441360,0.000000,1.259700,
0.00441380,0.000000,1.259700,
0.00441400,0.000000,1.259700,
0.00441420,0.000000,1.275947,
0.00441440,0.000000,1.275947,
0.00441460,-0.002441,1.259700,
0.00441480,0.000000,1.259700,
0.00441500,-0.002441,1.259700,
0.00441520,0.000000,1.275947,
0.00441540,0.000000,1.259700,
0.00441560,0.000000,1.259700,
0.00441580,0.000000,1.243452,
0.00441600,0.000000,1.259700,
0.00441620,0.000000,1.259700,
0.00441640,-0.002441,1.259700,
0.00441660,0.000000,1.259700,
0.00441680,0.000000,1.275947,
0.00441700,0.000000,1.259700,
0.00441720,-0.002441,1.259700,
0.00441740,0.000000,1.259700,
0.00441760,-0.002441,1.259700,
0.00441780,-0.002441,1.243452,
0.00441800,-0.002441,1.243452,
0.00441820,0.000000,1.259700,
0.00441840,-0.002441,1.259700,
0.00441860,-0.002441,1.275947,
0.00441880,0.000000,1.259700,
0.00441900,-0.002441,1.259700,
0.00441920,0.000000,1.259700,
0.00441940,-0.002441,1.243452,
0.00441960,0.000000,1.243452,
0.00441980,-0.002441,1.243452,
0.00442000,0.000000,1.259700,
0.00442020,0.000000,1.259700,
0.00442040,-0.002441,1.292195,
0.00442060,0.000000,1.275947,
0.00442080,0.000000,1.275947,
0.00442100,-0.002441,1.259700,
0.00442120,-0.002441,1.243452,
0.00442140,0.002441,1.227205,
0.00442160,-0.002441,1.227205,
0.00442180,-0.002441,1.243452,
0.00442200,-0.002441,1.259700,
0.00442220,0.000000,1.259700,
0.00442240,-0.002441,1.259700,
0.00442260,-0.002441,1.259700,
0.00442280,0.000000,1.275947,
0.00442300,0.000000,1.259700,
0.00442320,0.000000,1.259700,
0.00442340,-0.002441,1.243452,
0.00442360,-0.002441,1.243452,
0.00442380,0.000000,1.243452,
0.00442400,-0.002441,1.259700,
0.00442420,-0.002441,1.243452,
0.00442440,-0.002441,1.259700,
0.00442460,-0.002441,1.259700,
0.00442480,0.000000,1.259700,
0.00442500,-0.002441,1.259700,
0.00442520,-0.002441,1.259700,
0.00442540,-0.002441,1.243452,
0.00442560,-0.002441,1.227205,
0.00442580,0.000000,1.243452,
0.00442600,0.000000,1.243452,
0.00442620,0.000000,1.259700,
0.00442640,0.000000,1.259700,
0.00442660,0.000000,1.243452,
0.00442680,0.000000,1.259700,
0.00442700,-0.002441,1.243452,
0.00442720,0.000000,1.259700,
0.00442740,0.000000,1.243452,
0.00442760,0.000000,1.243452,
0.00442780,0.000000,1.243452,
0.00442800,0.000000,1.259700,
0.00442820,-0.002441,1.243452,
0.00442840,0.000000,1.259700,
0.00442860,-0.004883,1.243452,
0.00442880,-0.002441,1.243452,
0.00442900,-0.002441,1.227205,
0.00442920,0.000000,1.243452,
0.00442940,-0.002441,1.243452,
0.00442960,0.000000,1.243452,
0.00442980,0.000000,1.243452,
0.00443000,-0.002441,1.243452,
0.00443020,-0.002441,1.243452,
0.00443040,-0.002441,1.243452,
0.00443060,0.000000,1.243452,
0.00443080,-0.002441,1.243452,
0.00443100,0.000000,1.243452,
0.00443120,0.000000,1.243452,
0.00443140,0.002441,1.259700,
0.00443160,-0.002441,1.243452,
0.00443180,0.000000,1.227205,
0.00443200,0.000000,1.243452,
0.00443220,-0.002441,1.243452,
0.00443240,0.000000,1.243452,
0.00443260,0.000000,1.243452,
0.00443280,0.000000,1.243452,
0.00443300,-0.002441,1.243452,
0.00443320,0.000000,1.227205,
0.00443340,0.000000,1.227205,
0.00443360,0.000000,1.227205,
0.00443380,-0.002441,1.227205,
0.00443400,0.000000,1.243452,
0.00443420,0.000000,1.243452,
0.00443440,0.000000,1.243452,
0.00443460,-0.002441,1.227205,
0.00443480,0.002441,1.227205,
0.00443500,0.000000,1.243452,
0.00443520,0.000000,1.243452,
0.00443540,-0.002441,1.227205,
0.00443560,0.000000,1.227205,
0.00443580,0.000000,1.227205,
0.00443600,0.000000,1.259700,
0.00443620,-0.004883,1.243452,
0.00443640,0.004883,1.259700,
0.00443660,0.000000,1.243452,
0.00443680,-0.002441,1.227205,
0.00443700,-0.002441,1.227205,
0.00443720,-0.002441,1.227205,
0.00443740,0.000000,1.227205,
0.00443760,0.000000,1.243452,
0.00443780,0.000000,1.227205,
0.00443800,0.000000,1.227205,
0.00443820,0.000000,1.227205,
0.00443840,0.000000,1.227205,
0.00443860,-0.004883,1.243452,
0.00443880,-0.002441,1.243452,
0.00443900,0.000000,1.243452,
0.00443920,0.000000,1.243452,
0.00443940,0.000000,1.243452,
0.00443960,-0.002441,1.227205,
0.00443980,0.000000,1.227205,
0.00444000,-0.002441,1.210957,
0.00444020,-0.002441,1.210957,
0.00444040,-0.002441,1.227205,
0.00444060,0.000000,1.243452,
0.00444080,0.000000,1.243452,
0.00444100,-0.002441,1.227205,
0.00444120,-0.002441,1.210957,
0.00444140,0.002441,1.227205,
0.00444160,-0.002441,1.227205,
0.00444180,-0.002441,1.227205,
0.00444200,0.000000,1.210957,
0.00444220,-0.002441,1.227205,
0.00444240,-0.002441,1.227205,
0.00444260,0.000000,1.227205,
0.00444280,0.000000,1.227205,
0.00444300,0.000000,1.227205,
0.00444320,0.000000,1.227205,
0.00444340,-0.002441,1.227205,
0.00444360,-0.002441,1.227205,
0.00444380,-0.002441,1.210957,
0.00444400,0.000000,1.227205,
0.00444420,0.000000,1.227205,
0.00444440,0.000000,1.227205,
0.00444460,-0.002441,1.243452,
0.00444480,-0.002441,1.243452,
0.00444500,-0.002441,1.227205,
0.00444520,-0.002441,1.227205,
0.00444540,-0.002441,1.227205,
0.00444560,0.000000,1.227205,
0.00444580,-0.002441,1.227205,
0.00444600,-0.002441,1.227205,
0.00444620,0.000000,1.227205,
0.00444640,-0.002441,1.227205,
0.00444660,-0.002441,1.227205,
0.00444680,0.000000,1.227205,
0.00444700,-0.002441,1.227205,
0.00444720,0.000000,1.243452,
0.00444740,0.000000,1.227205,
0.00444760,-0.002441,1.227205,
0.00444780,0.000000,1.243452,
0.00444800,-0.002441,1.227205,
0.00444820,-0.002441,1.210957,
0.00444840,0.000000,1.210957,
0.00444860,0.000000,1.243452,
0.00444880,-0.002441,1.243452,
0.00444900,-0.002441,1.243452,
0.00444920,-0.004883,1.227205,
0.00444940,0.000000,1.227205,
0.00444960,-0.002441,1.227205,
0.00444980,-0.002441,1.210957,
0.00445000,-0.002441,1.210957,
0.00445020,0.000000,1.227205,
0.00445040,0.000000,1.243452,
0.00445060,0.000000,1.243452,
0.00445080,0.000000,1.227205,
0.00445100,0.000000,1.243452,
0.00445120,-0.002441,1.227205,
0.00445140,-0.004883,1.227205,
0.00445160,-0.002441,1.210957,
0.00445180,0.000000,1.227205,
0.00445200,0.000000,1.227205,
0.00445220,0.000000,1.227205,
0.00445240,-0.002441,1.210957,
0.00445260,0.000000,1.210957,
0.00445280,0.000000,1.227205,
0.00445300,0.000000,1.210957,
0.00445320,0.000000,1.227205,
0.00445340,0.000000,1.243452,
0.00445360,0.000000,1.227205,
0.00445380,-0.002441,1.210957,
0.00445400,-0.002441,1.210957,
0.00445420,0.000000,1.227205,
0.00445440,0.000000,1.227205,
0.00445460,-0.002441,1.210957,
0.00445480,0.000000,1.194710,
0.00445500,0.000000,1.210957,
0.00445520,0.000000,1.227205,
0.00445540,-0.002441,1.243452,
0.00445560,0.000000,1.243452,
0.00445580,0.000000,1.243452,
0.00445600,-0.002441,1.227205,
0.00445620,-0.002441,1.210957,
0.00445640,-0.002441,1.194710,
0.00445660,0.000000,1.210957,
0.00445680,0.000000,1.210957,
0.00445700,0.000000,1.194710,
0.00445720,0.000000,1.227205,
0.00445740,0.000000,1.243452,
0.00445760,0.000000,1.243452,
0.00445780,-0.002441,1.243452,
0.00445800,-0.002441,1.227205,
0.00445820,-0.002441,1.210957,
0.00445840,-0.002441,1.210957,
0.00445860,0.000000,1.210957,
0.00445880,0.000000,1.210957,
0.00445900,-0.002441,1.227205,
0.00445920,-0.002441,1.227205,
0.00445940,0.000000,1.227205,
0.00445960,-0.002441,1.210957,
0.00445980,0.000000,1.227205,
0.00446000,0.000000,1.227205,
0.00446020,0.000000,1.227205,
0.00446040,-0.002441,1.210957,
0.00446060,0.002441,1.227205,
0.00446080,-0.002441,1.210957,
0.00446100,-0.002441,1.210957,
0.00446120,-0.002441,1.210957,
0.00446140,0.000000,1.210957,
0.00446160,0.000000,1.210957,
0.00446180,0.000000,1.227205,
0.00446200,0.000000,1.227205,
0.00446220,0.000000,1.227205,
0.00446240,-0.002441,1.210957,
0.00446260,-0.002441,1.194710,
0.00446280,-0.002441,1.194710,
0.00446300,-0.002441,1.210957,
0.00446320,-0.002441,1.227205,
0.00446340,0.000000,1.210957,
0.00446360,-0.002441,1.210957,
0.00446380,0.000000,1.210957,
0.00446400,-0.002441,1.210957,
0.00446420,0.000000,1.210957,
0.00446440,-0.004883,1.194710,
0.00446460,-0.002441,1.210957,
0.00446480,-0.002441,1.210957,
0.00446500,0.000000,1.210957,
0.00446520,-0.002441,1.210957,
0.00446540,0.000000,1.227205,
0.00446560,-0.002441,1.210957,
0.00446580,0.000000,1.227205,
0.00446600,-0.002441,1.194710,
0.00446620,-0.002441,1.210957,
0.00446640,0.000000,1.210957,
0.00446660,0.000000,1.210957,
0.00446680,-0.002441,1.210957,
0.00446700,0.000000,1.227205,
0.00446720,-0.002441,1.210957,
0.00446740,-0.002441,1.210957,
0.00446760,-0.002441,1.210957,
0.00446780,-0.002441,1.210957,
0.00446800,-0.002441,1.210957,
0.00446820,0.000000,1.210957,
0.00446840,-0.002441,1.194710,
0.00446860,0.000000,1.210957,
0.00446880,0.000000,1.194710,
0.00446900,-0.002441,1.194710,
0.00446920,-0.002441,1.210957,
0.00446940,0.000000,1.227205,
0.00446960,-0.002441,1.210957,
0.00446980,0.000000,1.210957,
0.00447000,-0.002441,1.210957,
0.00447020,-0.002441,1.210957,
0.00447040,-0.002441,1.194710,
0.00447060,0.002441,1.210957,
0.00447080,-0.002441,1.210957,
0.00447100,0.000000,1.210957,
0.00447120,-0.002441,1.227205,
0.00447140,0.000000,1.210957,
0.00447160,0.000000,1.210957,
0.00447180,0.002441,1.210957,
0.00447200,-0.002441,1.210957,
0.00447220,0.000000,1.210957,
0.00447240,0.000000,1.210957,
0.00447260,-0.002441,1.194710,
0.00447280,0.000000,1.194710,
0.00447300,0.000000,1.194710,
0.00447320,0.000000,1.194710,
0.00447340,0.000000,1.210957,
0.00447360,-0.002441,1.227205,
0.00447380,-0.002441,1.210957,
0.00447400,-0.002441,1.210957,
0.00447420,-0.002441,1.210957,
0.00447440,0.000000,1.210957,
0.00447460,0.000000,1.194710,
0.00447480,-0.002441,1.194710,
0.00447500,0.000000,1.210957,
0.00447520,-0.002441,1.194710,
0.00447540,-0.002441,1.194710,
0.00447560,-0.002441,1.210957,
0.00447580,0.000000,1.227205,
0.00447600,0.000000,1.210957,
0.00447620,-0.002441,1.210957,
0.00447640,0.000000,1.194710,
0.00447660,-0.002441,1.210957,
0.00447680,-0.002441,1.194710,
0.00447700,-0.002441,1.194710,
0.00447720,-0.002441,1.194710,
0.00447740,-0.002441,1.194710,
0.00447760,0.000000,1.210957,
0.00447780,-0.002441,1.227205,
0.00447800,-0.002441,1.210957,
0.00447820,-0.004883,1.194710,
0.00447840,0.000000,1.194710,
0.00447860,-0.002441,1.194710,
0.00447880,-0.002441,1.194710,
0.00447900,-0.002441,1.210957,
0.00447920,0.000000,1.210957,
0.00447940,0.000000,1.194710,
0.00447960,0.000000,1.210957,
0.00447980,-0.002441,1.210957,
0.00448000,-0.002441,1.210957,
0.00448020,0.000000,1.194710,
0.00448040,-0.002441,1.194710,
0.00448060,-0.002441,1.194710,
0.00448080,-0.002441,1.210957,
0.00448100,-0.002441,1.210957,
0.00448120,0.000000,1.210957,
0.00448140,-0.002441,1.210957,
0.00448160,0.000000,1.210957,
0.00448180,0.000000,1.210957,
0.00448200,-0.002441,1.194710,
0.00448220,-0.002441,1.194710,
0.00448240,0.000000,1.210957,
0.00448260,-0.002441,1.210957,
0.00448280,0.000000,1.210957,
0.00448300,0.000000,1.227205,
0.00448320,-0.002441,1.194710,
0.00448340,-0.002441,1.210957,
0.00448360,-0.002441,1.194710,
0.00448380,0.000000,1.210957,
0.00448400,0.000000,1.194710,
0.00448420,0.000000,1.194710,
0.00448440,0.000000,1.194710,
0.00448460,0.000000,1.210957,
0.00448480,0.000000,1.210957,
0.00448500,-0.002441,1.210957,
0.00448520,-0.002441,1.210957,
0.00448540,0.000000,1.210957,
0.00448560,0.000000,1.210957,
0.00448580,-0.002441,1.194710,
0.00448600,-0.002441,1.194710,
0.00448620,-0.002441,1.194710,
0.00448640,0.000000,1.210957,
0.00448660,0.000000,1.210957,
0.00448680,-0.002441,1.194710,
0.00448700,-0.002441,1.210957,
0.00448720,0.000000,1.210957,
0.00448740,0.000000,1.210957,
0.00448760,0.000000,1.210957,
0.00448780,-0.002441,1.194710,
0.00448800,0.000000,1.210957,
0.00448820,0.000000,1.194710,
0.00448840,-0.002441,1.194710,
0.00448860,0.000000,1.194710,
0.00448880,0.000000,1.210957,
0.00448900,0.000000,1.227205,
0.00448920,-0.002441,1.210957,
0.00448940,0.002441,1.210957,
0.00448960,-0.002441,1.194710,
0.00448980,-0.002441,1.178462,
0.00449000,-0.002441,1.178462,
0.00449020,-0.002441,1.194710,
0.00449040,-0.002441,1.227205,
0.00449060,0.000000,1.227205,
0.00449080,0.000000,1.227205,
0.00449100,0.002441,1.227205,
0.00449120,-0.002441,1.210957,
0.00449140,0.000000,1.194710,
0.00449160,0.000000,1.194710,
0.00449180,-0.002441,1.178462,
0.00449200,0.000000,1.194710,
0.00449220,0.000000,1.210957,
0.00449240,0.000000,1.210957,
0.00449260,0.000000,1.227205,
0.00449280,0.000000,1.227205,
0.00449300,0.000000,1.227205,
0.00449320,-0.002441,1.210957,
0.00449340,-0.002441,1.210957,
0.00449360,0.000000,1.194710,
0.00449380,-0.002441,1.194710,
0.00449400,0.000000,1.194710,
0.00449420,0.000000,1.210957,
0.00449440,0.000000,1.210957,
0.00449460,0.000000,1.210957,
0.00449480,0.000000,1.210957,
0.00449500,-0.004883,1.194710,
0.00449520,0.000000,1.210957,
0.00449540,0.000000,1.210957,
0.00449560,0.000000,1.227205,
0.00449580,-0.002441,1.210957,
0.00449600,0.000000,1.210957,
0.00449620,0.000000,1.194710,
0.00449640,0.000000,1.210957,
0.00449660,-0.002441,1.210957,
0.00449680,0.000000,1.210957,
0.00449700,0.000000,1.210957,
0.00449720,-0.002441,1.194710,
0.00449740,0.000000,1.194710,
0.00449760,0.000000,1.194710,
0.00449780,-0.002441,1.194710,
0.00449800,-0.002441,1.194710,
0.00449820,-0.002441,1.210957,
0.00449840,0.000000,1.227205,
0.00449860,-0.002441,1.210957,
0.00449880,0.000000,1.210957,
0.00449900,0.000000,1.194710,
0.00449920,-0.002441,1.210957,
0.00449940,0.000000,1.194710,
0.00449960,-0.002441,1.194710,
0.00449980,-0.002441,1.194710,
0.00450000,0.000000,1.210957,
0.00450020,0.000000,1.210957,
0.00450040,0.000000,1.210957,
0.00450060,0.000000,1.227205,
0.00450080,-0.002441,1.210957,
0.00450100,0.000000,1.210957,
0.00450120,-0.002441,1.194710,
0.00450140,-0.002441,1.210957,
0.00450160,0.002441,1.227205,
0.00450180,0.000000,1.210957,
0.00450200,0.000000,1.210957,
0.00450220,0.000000,1.210957,
0.00450240,0.000000,1.210957,
0.00450260,-0.002441,1.210957,
0.00450280,0.000000,1.210957,
0.00450300,-0.002441,1.210957,
0.00450320,-0.002441,1.210957,
0.00450340,0.000000,1.210957,
0.00450360,0.000000,1.210957,
0.00450380,-0.002441,1.210957,
0.00450400,0.000000,1.210957,
0.00450420,-0.002441,1.194710,
0.00450440,-0.002441,1.194710,
0.00450460,-0.002441,1.210957,
0.00450480,-0.002441,1.210957,
0.00450500,-0.002441,1.210957,
0.00450520,0.000000,1.210957,
0.00450540,-0.002441,1.194710,
0.00450560,0.000000,1.210957,
0.00450580,0.000000,1.194710,
0.00450600,-0.002441,1.194710,
0.00450620,0.000000,1.210957,
0.00450640,0.000000,1.210957,
0.00450660,0.000000,1.227205,
0.00450680,-0.002441,1.210957,
0.00450700,0.000000,1.227205,
0.00450720,-0.002441,1.227205,
0.00450740,-0.002441,1.194710,
0.00450760,-0.002441,1.194710,
0.00450780,-0.002441,1.194710,
0.00450800,-0.002441,1.210957,
0.00450820,0.000000,1.210957,
0.00450840,-0.002441,1.210957,
0.00450860,-0.002441,1.227205,
0.00450880,0.000000,1.227205,
0.00450900,-0.002441,1.227205,
0.00450920,-0.002441,1.227205,
0.00450940,-0.002441,1.210957,
0.00450960,0.000000,1.210957,
0.00450980,0.000000,1.210957,
0.00451000,-0.002441,1.210957,
0.00451020,0.000000,1.210957,
0.00451040,0.000000,1.210957,
0.00451060,0.000000,1.210957,
0.00451080,0.000000,1.210957,
0.00451100,-0.002441,1.227205,
0.00451120,0.000000,1.227205,
0.00451140,-0.002441,1.210957,
0.00451160,0.000000,1.210957,
0.00451180,0.000000,1.210957,
0.00451200,0.000000,1.210957,
0.00451220,0.000000,1.210957,
0.00451240,-0.002441,1.210957,
0.00451260,0.000000,1.227205,
0.00451280,0.000000,1.227205,
0.00451300,-0.002441,1.227205,
0.00451320,0.000000,1.210957,
0.00451340,-0.002441,1.210957,
0.00451360,0.000000,1.210957,
0.00451380,-0.002441,1.210957,
0.00451400,-0.002441,1.210957,
0.00451420,-0.002441,1.210957,
0.00451440,-0.002441,1.227205,
0.00451460,-0.002441,1.227205,
0.00451480,-0.002441,1.210957,
0.00451500,0.000000,1.210957,
0.00451520,0.000000,1.210957,
0.00451540,-0.002441,1.210957,
0.00451560,-0.002441,1.227205,
0.00451580,0.000000,1.210957,
0.00451600,-0.002441,1.210957,
0.00451620,0.000000,1.210957,
0.00451640,0.000000,1.227205,
0.00451660,-0.002441,1.210957,
0.00451680,-0.002441,1.210957,
0.00451700,0.000000,1.210957,
0.00451720,-0.002441,1.227205,
0.00451740,-0.002441,1.210957,
0.00451760,0.000000,1.227205,
0.00451780,-0.002441,1.227205,
0.00451800,0.000000,1.210957,
0.00451820,0.000000,1.210957,
0.00451840,-0.002441,1.210957,
0.00451860,-0.002441,1.210957,
0.00451880,0.000000,1.210957,
0.00451900,-0.002441,1.210957,
0.00451920,0.000000,1.227205,
0.00451940,0.000000,1.210957,
0.00451960,-0.002441,1.210957,
0.00451980,0.000000,1.210957,
0.00452000,-0.002441,1.210957,
0.00452020,-0.002441,1.210957,
0.00452040,-0.002441,1.210957,
0.00452060,-0.002441,1.210957,
0.00452080,-0.002441,1.210957,
0.00452100,-0.002441,1.210957,
0.00452120,0.000000,1.227205,
0.00452140,0.000000,1.227205,
0.00452160,0.000000,1.227205,
0.00452180,-0.002441,1.210957,
0.00452200,0.000000,1.194710,
0.00452220,-0.002441,1.210957,
0.00452240,0.000000,1.210957,
0.00452260,0.000000,1.227205,
0.00452280,0.000000,1.210957,
0.00452300,-0.002441,1.210957,
0.00452320,0.000000,1.227205,
0.00452340,-0.002441,1.227205,
0.00452360,-0.004883,1.210957,
0.00452380,-0.002441,1.210957,
0.00452400,0.000000,1.227205,
0.00452420,-0.002441,1.227205,
0.00452440,0.000000,1.227205,
0.00452460,0.000000,1.210957,
0.00452480,0.000000,1.194710,
0.00452500,-0.002441,1.194710,
0.00452520,-0.002441,1.210957,
0.00452540,-0.002441,1.210957,
0.00452560,-0.002441,1.243452,
0.00452580,0.000000,1.243452,
0.00452600,-0.002441,1.243452,
0.00452620,-0.002441,1.227205,
0.00452640,-0.002441,1.210957,
0.00452660,0.000000,1.194710,
0.00452680,-0.002441,1.194710,
0.00452700,0.000000,1.210957,
0.00452720,-0.002441,1.210957,
0.00452740,-0.002441,1.210957,
0.00452760,0.000000,1.243452,
0.00452780,-0.002441,1.243452,
0.00452800,-0.002441,1.227205,
0.00452820,0.000000,1.227205,
0.00452840,-0.002441,1.210957,
0.00452860,0.000000,1.210957,
0.00452880,0.000000,1.227205,
0.00452900,0.000000,1.210957,
0.00452920,0.000000,1.210957,
0.00452940,0.000000,1.227205,
0.00452960,-0.002441,1.243452,
0.00452980,0.002441,1.243452,
0.00453000,-0.002441,1.227205,
0.00453020,-0.002441,1.210957,
0.00453040,-0.002441,1.210957,
0.00453060,0.000000,1.227205,
0.00453080,-0.002441,1.243452,
0.00453100,0.000000,1.243452,
0.00453120,0.000000,1.227205,
0.00453140,-0.002441,1.227205,
0.00453160,-0.002441,1.227205,
0.00453180,-0.002441,1.210957,
0.00453200,-0.002441,1.210957,
0.00453220,0.000000,1.227205,
0.00453240,0.000000,1.227205,
0.00453260,0.000000,1.227205,
0.00453280,0.000000,1.227205,
0.00453300,-0.002441,1.227205,
0.00453320,-0.002441,1.243452,
0.00453340,-0.002441,1.227205,
0.00453360,-0.002441,1.227205,
0.00453380,0.000000,1.227205,
0.00453400,-0.002441,1.227205,
0.00453420,0.000000,1.227205,
0.00453440,0.000000,1.227205,
0.00453460,0.000000,1.227205,
0.00453480,-0.002441,1.227205,
0.00453500,-0.002441,1.227205,
0.00453520,0.000000,1.227205,
0.00453540,-0.002441,1.210957,
0.00453560,0.000000,1.227205,
0.00453580,0.000000,1.227205,
0.00453600,-0.002441,1.243452,
0.00453620,-0.002441,1.243452,
0.00453640,-0.002441,1.227205,
0.00453660,-0.002441,1.227205,
0.00453680,-0.002441,1.227205,
0.00453700,0.000000,1.243452,
0.00453720,0.000000,1.243452,
0.00453740,0.000000,1.227205,
0.00453760,-0.002441,1.243452,
0.00453780,0.000000,1.227205,
0.00453800,0.000000,1.210957,
0.00453820,-0.002441,1.227205,
0.00453840,0.000000,1.243452,
0.00453860,0.000000,1.243452,
0.00453880,0.000000,1.243452,
0.00453900,0.000000,1.243452,
0.00453920,0.000000,1.243452,
0.00453940,-0.002441,1.243452,
0.00453960,-0.002441,1.227205,
0.00453980,-0.002441,1.227205,
0.00454000,-0.002441,1.227205,
0.00454020,-0.002441,1.243452,
0.00454040,0.000000,1.227205,
0.00454060,0.000000,1.243452,
0.00454080,-0.002441,1.243452,
0.00454100,0.000000,1.243452,
0.00454120,0.000000,1.243452,
0.00454140,-0.002441,1.227205,
0.00454160,-0.002441,1.243452,
0.00454180,-0.002441,1.243452,
0.00454200,-0.002441,1.243452,
0.00454220,-0.002441,1.243452,
0.00454240,-0.002441,1.243452,
0.00454260,-0.002441,1.243452,
0.00454280,-0.002441,1.227205,
0.00454300,-0.002441,1.210957,
0.00454320,0.000000,1.227205,
0.00454340,-0.002441,1.227205,
0.00454360,0.000000,1.243452,
0.00454380,0.000000,1.243452,
0.00454400,-0.002441,1.259700,
0.00454420,-0.002441,1.259700,
0.00454440,-0.002441,1.243452,
0.00454460,0.000000,1.227205,
0.00454480,-0.002441,1.227205,
0.00454500,0.000000,1.227205,
0.00454520,-0.002441,1.227205,
0.00454540,0.000000,1.227205,
0.00454560,0.000000,1.227205,
0.00454580,-0.002441,1.243452,
0.00454600,0.000000,1.243452,
0.00454620,-0.002441,1.243452,
0.00454640,0.000000,1.243452,
0.00454660,0.000000,1.243452,
0.00454680,0.000000,1.243452,
0.00454700,0.000000,1.243452,
0.00454720,0.002441,1.227205,
0.00454740,0.000000,1.227205,
0.00454760,-0.002441,1.227205,
0.00454780,-0.002441,1.243452,
0.00454800,0.000000,1.243452,
0.00454820,0.000000,1.259700,
0.00454840,-0.002441,1.243452,
0.00454860,0.000000,1.243452,
0.00454880,0.002441,1.243452,
0.00454900,0.000000,1.243452,
0.00454920,-0.002441,1.259700,
0.00454940,0.000000,1.243452,
0.00454960,-0.002441,1.243452,
0.00454980,-0.002441,1.243452,
0.00455000,0.000000,1.243452,
0.00455020,0.000000,1.243452,
0.00455040,0.000000,1.243452,
0.00455060,0.000000,1.227205,
0.00455080,0.000000,1.227205,
0.00455100,-0.002441,1.243452,
0.00455120,-0.002441,1.243452,
0.00455140,0.000000,1.227205,
0.00455160,0.000000,1.243452,
0.00455180,-0.002441,1.243452,
0.00455200,-0.002441,1.227205,
0.00455220,0.000000,1.243452,
0.00455240,-0.002441,1.243452,
0.00455260,-0.002441,1.259700,
0.00455280,-0.002441,1.243452,
0.00455300,0.000000,1.243452,
0.00455320,0.000000,1.227205,
0.00455340,-0.002441,1.243452,
0.00455360,-0.002441,1.243452,
0.00455380,-0.002441,1.243452,
0.00455400,-0.002441,1.227205,
0.00455420,-0.002441,1.243452,
0.00455440,-0.002441,1.243452,
0.00455460,-0.002441,1.243452,
0.00455480,0.000000,1.243452,
0.00455500,0.000000,1.259700,
0.00455520,-0.002441,1.243452,
0.00455540,-0.002441,1.243452,
0.00455560,-0.002441,1.227205,
0.00455580,-0.002441,1.243452,
0.00455600,-0.002441,1.227205,
0.00455620,-0.002441,1.243452,
0.00455640,-0.002441,1.243452,
0.00455660,-0.002441,1.243452,
0.00455680,0.002441,1.243452,
0.00455700,-0.002441,1.259700,
0.00455720,-0.002441,1.243452,
0.00455740,-0.002441,1.243452,
0.00455760,0.000000,1.243452,
0.00455780,0.000000,1.243452,
0.00455800,0.000000,1.243452,
0.00455820,0.000000,1.243452,
0.00455840,-0.002441,1.243452,
0.00455860,0.000000,1.243452,
0.00455880,0.000000,1.243452,
0.00455900,-0.004883,1.227205,
0.00455920,-0.002441,1.243452,
0.00455940,0.000000,1.243452,
0.00455960,0.000000,1.259700,
0.00455980,-0.002441,1.243452,
0.00456000,-0.002441,1.227205,
0.00456020,0.000000,1.227205,
0.00456040,0.000000,1.243452,
0.00456060,-0.002441,1.243452,
0.00456080,-0.002441,1.259700,
0.00456100,0.000000,1.275947,
0.00456120,0.000000,1.259700,
0.00456140,-0.002441,1.243452,
0.00456160,-0.002441,1.243452,
0.00456180,0.000000,1.243452,
0.00456200,-0.002441,1.227205,
0.00456220,-0.002441,1.227205,
0.00456240,-0.002441,1.243452,
0.00456260,-0.002441,1.275947,
0.00456280,0.000000,1.275947,
0.00456300,0.000000,1.259700,
0.00456320,-0.004883,1.243452,
0.00456340,0.000000,1.243452,
0.00456360,0.000000,1.243452,
0.00456380,-0.002441,1.227205,
0.00456400,-0.002441,1.243452,
0.00456420,0.000000,1.259700,
0.00456440,-0.002441,1.259700,
0.00456460,0.002441,1.259700,
0.00456480,0.000000,1.259700,
0.00456500,-0.002441,1.243452,
0.00456520,0.000000,1.243452,
0.00456540,-0.002441,1.227205,
0.00456560,-0.002441,1.243452,
0.00456580,0.000000,1.259700,
0.00456600,0.000000,1.259700,
0.00456620,-0.002441,1.243452,
0.00456640,-0.002441,1.243452,
0.00456660,0.000000,1.243452,
0.00456680,-0.002441,1.259700,
0.00456700,-0.002441,1.259700,
0.00456720,-0.002441,1.243452,
0.00456740,0.000000,1.259700,
0.00456760,0.000000,1.243452,
0.00456780,0.000000,1.243452,
0.00456800,0.000000,1.259700,
0.00456820,0.000000,1.259700,
0.00456840,-0.002441,1.259700,
0.00456860,-0.002441,1.243452,
0.00456880,-0.002441,1.243452,
0.00456900,0.002441,1.259700,
0.00456920,0.000000,1.259700,
0.00456940,-0.002441,1.259700,
0.00456960,-0.002441,1.259700,
0.00456980,0.000000,1.259700,
0.00457000,0.000000,1.243452,
0.00457020,-0.002441,1.259700,
0.00457040,-0.002441,1.259700,
0.00457060,0.000000,1.259700,
0.00457080,0.000000,1.259700,
0.00457100,0.000000,1.259700,
0.00457120,0.000000,1.259700,
0.00457140,-0.002441,1.259700,
0.00457160,-0.002441,1.259700,
0.00457180,-0.002441,1.243452,
0.00457200,-0.002441,1.259700,
0.00457220,-0.002441,1.259700,
0.00457240,0.000000,1.259700,
0.00457260,-0.002441,1.259700,
0.00457280,0.000000,1.259700,
0.00457300,-0.002441,1.259700,
0.00457320,-0.002441,1.243452,
0.00457340,-0.002441,1.243452,
0.00457360,-0.002441,1.243452,
0.00457380,0.000000,1.259700,
0.00457400,0.000000,1.275947,
0.00457420,0.000000,1.259700,
0.00457440,0.000000,1.259700,
0.00457460,0.000000,1.259700,
0.00457480,-0.002441,1.259700,
0.00457500,0.000000,1.259700,
0.00457520,-0.002441,1.243452,
0.00457540,0.000000,1.259700,
0.00457560,0.000000,1.275947,
0.00457580,0.000000,1.275947,
0.00457600,-0.002441,1.259700,
0.00457620,0.000000,1.259700,
0.00457640,0.000000,1.259700,
0.00457660,-0.002441,1.259700,
0.00457680,-0.002441,1.259700,
0.00457700,0.000000,1.275947,
0.00457720,0.000000,1.275947,
0.00457740,0.000000,1.275947,
0.00457760,-0.002441,1.259700,
0.00457780,0.000000,1.275947,
0.00457800,-0.002441,1.275947,
0.00457820,-0.002441,1.243452,
0.00457840,-0.002441,1.243452,
0.00457860,-0.002441,1.259700,
0.00457880,0.000000,1.275947,
0.00457900,-0.004883,1.292195,
0.00457920,0.000000,1.292195,
0.00457940,0.000000,1.292195,
0.00457960,-0.002441,1.275947,
0.00457980,-0.002441,1.275947,
0.00458000,-0.002441,1.259700,
0.00458020,0.000000,1.259700,
0.00458040,-0.002441,1.259700,
0.00458060,-0.002441,1.259700,
0.00458080,-0.002441,1.275947,
0.00458100,0.000000,1.275947,
0.00458120,-0.002441,1.275947,
0.00458140,-0.002441,1.275947,
0.00458160,-0.002441,1.275947,
0.00458180,0.000000,1.259700,
0.00458200,-0.002441,1.259700,
0.00458220,0.000000,1.275947,
0.00458240,-0.002441,1.275947,
0.00458260,-0.002441,1.275947,
0.00458280,-0.002441,1.275947,
0.00458300,-0.002441,1.275947,
0.00458320,0.000000,1.275947,
0.00458340,-0.002441,1.275947,
0.00458360,-0.002441,1.275947,
0.00458380,0.000000,1.275947,
0.00458400,0.000000,1.275947,
0.00458420,-0.002441,1.275947,
0.00458440,0.000000,1.275947,
0.00458460,-0.002441,1.259700,
0.00458480,-0.002441,1.275947,
0.00458500,0.000000,1.292195,
0.00458520,0.000000,1.275947,
0.00458540,-0.002441,1.275947,
0.00458560,0.000000,1.275947,
0.00458580,0.000000,1.275947,
0.00458600,-0.002441,1.275947,
0.00458620,-0.002441,1.275947,
0.00458640,-0.002441,1.275947,
0.00458660,0.000000,1.275947,
0.00458680,-0.002441,1.275947,
0.00458700,0.000000,1.292195,
0.00458720,-0.004883,1.275947,
0.00458740,-0.002441,1.275947,
0.00458760,0.000000,1.259700,
0.00458780,-0.002441,1.275947,
0.00458800,0.000000,1.259700,
0.00458820,0.000000,1.275947,
0.00458840,0.000000,1.275947,
0.00458860,0.000000,1.275947,
0.00458880,0.000000,1.275947,
0.00458900,0.002441,1.292195,
0.00458920,-0.002441,1.275947,
0.00458940,-0.002441,1.259700,
0.00458960,-0.002441,1.259700,
0.00458980,0.000000,1.259700,
0.00459000,-0.002441,1.275947,
0.00459020,0.000000,1.275947,
0.00459040,0.000000,1.275947,
0.00459060,-0.002441,1.259700,
0.00459080,0.000000,1.275947,
0.00459100,-0.002441,1.259700,
0.00459120,-0.002441,1.275947,
0.00459140,0.000000,1.292195,
0.00459160,0.000000,1.292195,
0.00459180,-0.002441,1.275947,
0.00459200,-0.002441,1.275947,
0.00459220,-0.002441,1.259700,
0.00459240,-0.002441,1.275947,
0.00459260,-0.002441,1.275947,
0.00459280,-0.002441,1.275947,
0.00459300,0.000000,1.275947,
0.00459320,0.000000,1.275947,
0.00459340,0.000000,1.275947,
0.00459360,-0.002441,1.275947,
0.00459380,-0.002441,1.275947,
0.00459400,-0.002441,1.275947,
0.00459420,0.000000,1.259700,
0.00459440,-0.002441,1.259700,
0.00459460,0.000000,1.259700,
0.00459480,-0.002441,1.259700,
0.00459500,0.000000,1.275947,
0.00459520,0.000000,1.259700,
0.00459540,0.000000,1.275947,
0.00459560,-0.002441,1.275947,
0.00459580,-0.002441,1.275947,
0.00459600,-0.002441,1.292195,
0.00459620,-0.002441,1.292195,
0.00459640,-0.002441,1.275947,
0.00459660,0.000000,1.259700,
0.00459680,-0.002441,1.259700,
0.00459700,0.000000,1.259700,
0.00459720,-0.002441,1.275947,
0.00459740,0.000000,1.259700,
0.00459760,-0.002441,1.259700,
0.00459780,-0.002441,1.275947,
0.00459800,0.000000,1.292195,
0.00459820,-0.002441,1.292195,
0.00459840,0.000000,1.259700,
0.00459860,0.000000,1.275947,
0.00459880,0.000000,1.259700,
0.00459900,0.000000,1.275947,
0.00459920,-0.002441,1.275947,
0.00459940,0.000000,1.275947,
0.00459960,0.000000,1.275947,
0.00459980,0.000000,1.275947,
0.00460000,-0.002441,1.275947,
0.00460020,-0.002441,1.259700,
0.00460040,-0.002441,1.259700,
0.00460060,-0.002441,1.275947,
0.00460080,-0.002441,1.275947,
0.00460100,-0.002441,1.259700,
0.00460120,-0.002441,1.275947,
0.00460140,-0.002441,1.292195,
0.00460160,-0.002441,1.292195,
0.00460180,-0.002441,1.259700,
0.00460200,-0.002441,1.259700,
0.00460220,0.000000,1.259700,
0.00460240,-0.002441,1.259700,
0.00460260,-0.002441,1.259700,
0.00460280,0.000000,1.275947,
0.00460300,0.000000,1.275947,
0.00460320,-0.002441,1.275947,
0.00460340,0.002441,1.292195,
0.00460360,0.000000,1.292195,
0.00460380,-0.002441,1.292195,
0.00460400,-0.002441,1.275947,
0.00460420,-0.002441,1.259700,
0.00460440,0.000000,1.275947,
0.00460460,-0.002441,1.275947,
0.00460480,-0.002441,1.275947,
0.00460500,0.002441,1.292195,
0.00460520,-0.002441,1.275947,
0.00460540,-0.002441,1.259700,
0.00460560,-0.002441,1.275947,
0.00460580,-0.002441,1.292195,
0.00460600,0.000000,1.275947,
0.00460620,0.000000,1.275947,
0.00460640,-0.002441,1.275947,
0.00460660,0.000000,1.275947,
0.00460680,-0.002441,1.275947,
0.00460700,-0.002441,1.259700,
0.00460720,-0.002441,1.275947,
0.00460740,-0.002441,1.259700,
0.00460760,-0.002441,1.275947,
0.00460780,0.000000,1.275947,
0.00460800,-0.002441,1.275947,
0.00460820,-0.002441,1.259700,
0.00460840,0.000000,1.275947,
0.00460860,0.000000,1.275947,
0.00460880,-0.002441,1.275947,
0.00460900,-0.002441,1.275947,
0.00460920,0.000000,1.275947,
0.00460940,0.000000,1.292195,
0.00460960,-0.002441,1.275947,
0.00460980,-0.002441,1.275947,
0.00461000,-0.002441,1.275947,
0.00461020,0.000000,1.275947,
0.00461040,0.000000,1.275947,
0.00461060,0.000000,1.275947,
0.00461080,0.000000,1.292195,
0.00461100,0.000000,1.275947,
0.00461120,0.000000,1.275947,
0.00461140,0.000000,1.275947,
0.00461160,0.000000,1.275947,
0.00461180,-0.002441,1.275947,
0.00461200,-0.002441,1.275947,
0.00461220,-0.002441,1.275947,
0.00461240,-0.002441,1.275947,
0.00461260,0.000000,1.292195,
0.00461280,-0.002441,1.292195,
0.00461300,0.000000,1.275947,
0.00461320,-0.002441,1.259700,
0.00461340,-0.002441,1.243452,
0.00461360,0.000000,1.259700,
0.00461380,-0.002441,1.275947,
0.00461400,-0.002441,1.292195,
0.00461420,0.000000,1.292195,
0.00461440,-0.002441,1.275947,
0.00461460,-0.002441,1.292195,
0.00461480,-0.007324,1.292195,
0.00461500,-0.002441,1.275947,
0.00461520,-0.002441,1.275947,
0.00461540,-0.002441,1.259700,
0.00461560,0.000000,1.259700,
0.00461580,0.000000,1.275947,
0.00461600,-0.002441,1.275947,
0.00461620,-0.002441,1.292195,
0.00461640,0.000000,1.292195,
0.00461660,-0.002441,1.292195,
0.00461680,-0.002441,1.275947,
0.00461700,-0.002441,1.275947,
0.00461720,-0.002441,1.292195,
0.00461740,0.000000,1.275947,
0.00461760,0.000000,1.275947,
0.00461780,-0.002441,1.275947,
0.00461800,0.000000,1.275947,
0.00461820,0.000000,1.292195,
0.00461840,-0.002441,1.259700,
0.00461860,-0.002441,1.275947,
0.00461880,-0.002441,1.275947,
0.00461900,0.000000,1.292195,
0.00461920,0.000000,1.308443,
0.00461940,-0.002441,1.292195,
0.00461960,0.000000,1.275947,
0.00461980,-0.002441,1.275947,
0.00462000,-0.002441,1.275947,
0.00462020,0.000000,1.292195,
0.00462040,-0.002441,1.275947,
0.00462060,-0.002441,1.292195,
0.00462080,-0.002441,1.292195,
0.00462100,-0.002441,1.275947,
0.00462120,-0.002441,1.292195,
0.00462140,0.000000,1.292195,
0.00462160,-0.002441,1.292195,
0.00462180,0.000000,1.275947,
0.00462200,-0.002441,1.275947,
0.00462220,0.000000,1.292195,
0.00462240,0.000000,1.292195,
0.00462260,-0.002441,1.292195,
0.00462280,0.000000,1.292195,
0.00462300,-0.002441,1.275947,
0.00462320,-0.002441,1.275947,
0.00462340,-0.002441,1.275947,
0.00462360,0.000000,1.275947,
0.00462380,0.000000,1.275947,
0.00462400,0.000000,1.292195,
0.00462420,0.000000,1.308443,
0.00462440,0.000000,1.292195,
0.00462460,0.000000,1.292195,
0.00462480,-0.002441,1.275947,
0.00462500,-0.002441,1.275947,
0.00462520,0.000000,1.292195,
0.00462540,-0.002441,1.275947,
0.00462560,-0.002441,1.292195,
0.00462580,-0.002441,1.292195,
0.00462600,0.000000,1.275947,
0.00462620,0.000000,1.275947,
0.00462640,-0.002441,1.275947,
0.00462660,-0.002441,1.292195,
0.00462680,0.000000,1.292195,
0.00462700,0.000000,1.275947,
0.00462720,-0.004883,1.275947,
0.00462740,-0.002441,1.275947,
0.00462760,0.000000,1.275947,
0.00462780,0.000000,1.275947,
0.00462800,-0.002441,1.275947,
0.00462820,0.002441,1.275947,
0.00462840,0.000000,1.275947,
0.00462860,0.000000,1.275947,
0.00462880,0.000000,1.292195,
0.00462900,-0.002441,1.275947,
0.00462920,0.002441,1.292195,
0.00462940,-0.002441,1.292195,
0.00462960,-0.002441,1.275947,
0.00462980,-0.002441,1.259700,
0.00463000,0.000000,1.259700,
0.00463020,0.000000,1.275947,
0.00463040,0.000000,1.275947,
0.00463060,-0.002441,1.292195,
0.00463080,-0.002441,1.292195,
0.00463100,0.000000,1.292195,
0.00463120,-0.002441,1.275947,
0.00463140,-0.002441,1.292195,
0.00463160,-0.002441,1.259700,
0.00463180,0.000000,1.259700,
0.00463200,0.000000,1.259700,
0.00463220,0.000000,1.275947,
0.00463240,0.000000,1.275947,
0.00463260,0.000000,1.275947,
0.00463280,-0.002441,1.292195,
0.00463300,-0.002441,1.275947,
0.00463320,0.000000,1.275947,
0.00463340,-0.002441,1.275947,
0.00463360,0.000000,1.275947,
0.00463380,-0.002441,1.275947,
0.00463400,0.000000,1.275947,
0.00463420,-0.002441,1.259700,
0.00463440,-0.002441,1.259700,
0.00463460,-0.002441,1.259700,
0.00463480,0.000000,1.275947,
0.00463500,-0.002441,1.275947,
0.00463520,0.000000,1.275947,
0.00463540,0.000000,1.259700,
0.00463560,0.000000,1.259700,
0.00463580,-0.002441,1.275947,
0.00463600,-0.002441,1.275947,
0.00463620,-0.002441,1.275947,
0.00463640,-0.002441,1.259700,
0.00463660,0.000000,1.259700,
0.00463680,0.000000,1.275947,
0.00463700,0.000000,1.275947,
0.00463720,0.000000,1.259700,
0.00463740,-0.002441,1.259700,
0.00463760,-0.002441,1.259700,
0.00463780,-0.002441,1.259700,
0.00463800,0.000000,1.275947,
0.00463820,0.000000,1.275947,
0.00463840,0.000000,1.275947,
0.00463860,-0.002441,1.259700,
0.00463880,0.000000,1.275947,
0.00463900,0.000000,1.259700,
0.00463920,-0.002441,1.259700,
0.00463940,-0.002441,1.259700,
0.00463960,0.000000,1.259700,
0.00463980,0.000000,1.275947,
0.00464000,0.000000,1.275947,
0.00464020,-0.002441,1.259700,
0.00464040,0.000000,1.275947,
0.00464060,0.000000,1.259700,
0.00464080,-0.002441,1.259700,
0.00464100,0.000000,1.259700,
0.00464120,0.000000,1.259700,
0.00464140,0.000000,1.259700,
0.00464160,-0.002441,1.275947,
0.00464180,-0.002441,1.259700,
0.00464200,-0.002441,1.259700,
0.00464220,0.000000,1.259700,
0.00464240,0.000000,1.259700,
0.00464260,-0.002441,1.259700,
0.00464280,0.000000,1.259700,
0.00464300,0.000000,1.259700,
0.00464320,0.000000,1.259700,
0.00464340,0.000000,1.259700,
0.00464360,0.000000,1.259700,
0.00464380,-0.002441,1.259700,
0.00464400,-0.002441,1.259700,
0.00464420,-0.002441,1.259700,
0.00464440,0.000000,1.259700,
0.00464460,0.000000,1.259700,
0.00464480,0.000000,1.259700,
0.00464500,-0.002441,1.259700,
0.00464520,0.000000,1.275947,
0.00464540,-0.002441,1.259700,
0.00464560,-0.002441,1.243452,
0.00464580,-0.002441,1.259700,
0.00464600,0.000000,1.275947,
0.00464620,0.000000,1.275947,
0.00464640,0.000000,1.275947,
0.00464660,-0.002441,1.259700,
0.00464680,-0.002441,1.259700,
0.00464700,0.000000,1.259700,
0.00464720,0.000000,1.259700,
0.00464740,-0.002441,1.259700,
0.00464760,0.000000,1.275947,
0.00464780,0.000000,1.275947,
0.00464800,0.000000,1.259700,
0.00464820,-0.002441,1.259700,
0.00464840,0.000000,1.243452,
0.00464860,0.000000,1.243452,
0.00464880,0.000000,1.243452,
0.00464900,0.000000,1.243452,
0.00464920,0.000000,1.275947,
0.00464940,0.000000,1.292195,
0.00464960,0.000000,1.292195,
0.00464980,0.000000,1.275947,
0.00465000,-0.002441,1.259700,
0.00465020,-0.002441,1.243452,
0.00465040,-0.002441,1.243452,
0.00465060,-0.002441,1.243452,
0.00465080,-0.002441,1.259700,
0.00465100,0.000000,1.275947,
0.00465120,0.000000,1.275947,
0.00465140,-0.002441,1.275947,
0.00465160,0.000000,1.275947,
0.00465180,-0.002441,1.259700,
0.00465200,0.000000,1.243452,
0.00465220,-0.002441,1.243452,
0.00465240,0.000000,1.243452,
0.00465260,-0.002441,1.259700,
0.00465280,0.000000,1.275947,
0.00465300,-0.002441,1.275947,
0.00465320,0.000000,1.275947,
0.00465340,0.000000,1.275947,
0.00465360,-0.002441,1.275947,
0.00465380,0.000000,1.259700,
0.00465400,0.000000,1.259700,
0.00465420,-0.002441,1.259700,
0.00465440,0.000000,1.275947,
0.00465460,0.000000,1.259700,
0.00465480,-0.002441,1.259700,
0.00465500,0.000000,1.259700,
0.00465520,0.000000,1.259700,
0.00465540,0.000000,1.259700,
0.00465560,0.000000,1.259700,
0.00465580,0.000000,1.275947,
0.00465600,0.000000,1.259700,
0.00465620,-0.002441,1.259700,
0.00465640,-0.002441,1.259700,
0.00465660,0.000000,1.275947,
0.00465680,0.000000,1.259700,
0.00465700,-0.002441,1.243452,
0.00465720,-0.002441,1.259700,
0.00465740,0.000000,1.259700,
0.00465760,0.000000,1.275947,
0.00465780,0.000000,1.275947,
0.00465800,0.000000,1.259700,
0.00465820,0.000000,1.259700,
0.00465840,-0.002441,1.259700,
0.00465860,-0.002441,1.259700,
0.00465880,0.000000,1.275947,
0.00465900,-0.002441,1.259700,
0.00465920,-0.002441,1.259700,
0.00465940,0.000000,1.259700,
0.00465960,0.002441,1.259700,
0.00465980,0.000000,1.259700,
0.00466000,-0.002441,1.275947,
0.00466020,-0.002441,1.259700,
0.00466040,-0.002441,1.259700,
0.00466060,0.000000,1.259700,
0.00466080,-0.002441,1.259700,
0.00466100,0.000000,1.259700,
0.00466120,0.002441,1.259700,
0.00466140,-0.002441,1.259700,
0.00466160,-0.002441,1.259700,
0.00466180,0.000000,1.259700,
0.00466200,0.000000,1.259700,
0.00466220,-0.002441,1.259700,
0.00466240,0.000000,1.275947,
0.00466260,-0.002441,1.259700,
0.00466280,0.000000,1.259700,
0.00466300,0.000000,1.243452,
0.00466320,-0.002441,1.259700,
0.00466340,-0.002441,1.243452,
0.00466360,-0.002441,1.259700,
0.00466380,0.000000,1.259700,
0.00466400,0.000000,1.259700,
0.00466420,-0.002441,1.259700,
0.00466440,0.000000,1.259700,
0.00466460,0.000000,1.259700,
0.00466480,-0.002441,1.243452,
0.00466500,0.000000,1.243452,
0.00466520,-0.002441,1.243452,
0.00466540,0.000000,1.243452,
0.00466560,0.000000,1.259700,
0.00466580,-0.002441,1.243452,
0.00466600,0.000000,1.259700,
0.00466620,-0.002441,1.292195,
0.00466640,0.000000,1.275947,
0.00466660,-0.002441,1.259700,
0.00466680,-0.002441,1.227205,
0.00466700,-0.002441,1.227205,
0.00466720,-0.002441,1.243452,
0.00466740,-0.002441,1.243452,
0.00466760,0.000000,1.259700,
0.00466780,-0.002441,1.259700,
0.00466800,-0.002441,1.259700,
0.00466820,-0.002441,1.243452,
0.00466840,-0.002441,1.243452,
0.00466860,-0.002441,1.259700,
0.00466880,-0.002441,1.243452,
0.00466900,0.000000,1.259700,
0.00466920,0.000000,1.259700,
0.00466940,-0.002441,1.243452,
0.00466960,-0.002441,1.243452,
0.00466980,0.000000,1.243452,
0.00467000,-0.002441,1.243452,
0.00467020,0.000000,1.259700,
0.00467040,0.000000,1.243452,
0.00467060,0.000000,1.243452,
0.00467080,0.000000,1.243452,
0.00467100,-0.002441,1.243452,
0.00467120,0.000000,1.243452,
0.00467140,0.000000,1.243452,
0.00467160,-0.002441,1.259700,
0.00467180,0.000000,1.259700,
0.00467200,0.000000,1.243452,
0.00467220,-0.002441,1.227205,
0.00467240,-0.002441,1.243452,
0.00467260,-0.002441,1.243452,
0.00467280,-0.002441,1.227205,
0.00467300,-0.002441,1.227205,
0.00467320,-0.002441,1.243452,
0.00467340,0.000000,1.243452,
0.00467360,0.002441,1.259700,
0.00467380,0.000000,1.243452,
0.00467400,-0.002441,1.227205,
0.00467420,0.000000,1.243452,
0.00467440,-0.002441,1.243452,
0.00467460,-0.004883,1.227205,
0.00467480,-0.002441,1.227205,
0.00467500,0.000000,1.243452,
0.00467520,0.000000,1.243452,
0.00467540,-0.002441,1.243452,
0.00467560,0.000000,1.243452,
0.00467580,0.000000,1.243452,
0.00467600,0.002441,1.227205,
0.00467620,0.000000,1.227205,
0.00467640,-0.002441,1.227205,
0.00467660,0.000000,1.227205,
0.00467680,0.000000,1.243452,
0.00467700,-0.002441,1.227205,
0.00467720,-0.002441,1.243452,
0.00467740,0.000000,1.243452,
0.00467760,-0.002441,1.243452,
0.00467780,-0.002441,1.243452,
0.00467800,-0.002441,1.243452,
0.00467820,-0.002441,1.243452,
0.00467840,-0.002441,1.227205,
0.00467860,0.000000,1.227205,
0.00467880,-0.002441,1.243452,
0.00467900,-0.002441,1.243452,
0.00467920,-0.002441,1.227205,
0.00467940,-0.002441,1.227205,
0.00467960,0.000000,1.227205,
0.00467980,0.000000,1.243452,
0.00468000,0.000000,1.243452,
0.00468020,0.000000,1.227205,
0.00468040,0.000000,1.227205,
0.00468060,0.000000,1.227205,
0.00468080,0.000000,1.243452,
0.00468100,-0.002441,1.243452,
0.00468120,-0.002441,1.227205,
0.00468140,0.000000,1.227205,
0.00468160,0.000000,1.243452,
0.00468180,-0.002441,1.243452,
0.00468200,-0.002441,1.227205,
0.00468220,0.000000,1.259700,
0.00468240,0.000000,1.227205,
0.00468260,-0.002441,1.227205,
0.00468280,-0.002441,1.227205,
0.00468300,0.000000,1.243452,
0.00468320,-0.002441,1.243452,
0.00468340,0.000000,1.227205,
0.00468360,0.000000,1.227205,
0.00468380,0.000000,1.227205,
0.00468400,-0.002441,1.227205,
0.00468420,-0.002441,1.227205,
0.00468440,-0.002441,1.227205,
0.00468460,0.000000,1.243452,
0.00468480,0.000000,1.243452,
0.00468500,0.000000,1.243452,
0.00468520,0.000000,1.227205,
0.00468540,0.000000,1.227205,
0.00468560,-0.002441,1.210957,
0.00468580,-0.002441,1.227205,
0.00468600,0.000000,1.210957,
0.00468620,0.000000,1.227205,
0.00468640,-0.002441,1.243452,
0.00468660,0.000000,1.243452,
0.00468680,-0.002441,1.243452,
0.00468700,-0.002441,1.243452,
0.00468720,-0.002441,1.227205,
0.00468740,-0.002441,1.227205,
0.00468760,0.000000,1.227205,
0.00468780,0.000000,1.227205,
0.00468800,-0.002441,1.227205,
0.00468820,0.000000,1.243452,
0.00468840,0.000000,1.227205,
0.00468860,0.000000,1.243452,
0.00468880,0.000000,1.227205,
0.00468900,-0.002441,1.227205,
0.00468920,-0.002441,1.227205,
0.00468940,-0.002441,1.227205,
0.00468960,-0.002441,1.227205,
0.00468980,0.000000,1.227205,
0.00469000,0.000000,1.243452,
0.00469020,0.000000,1.227205,
0.00469040,-0.002441,1.227205,
0.00469060,-0.002441,1.227205,
0.00469080,-0.002441,1.227205,
0.00469100,0.000000,1.243452,
0.00469120,0.000000,1.243452,
0.00469140,-0.002441,1.243452,
0.00469160,-0.002441,1.227205,
0.00469180,0.000000,1.227205,
0.00469200,-0.002441,1.227205,
0.00469220,-0.002441,1.227205,
0.00469240,0.000000,1.227205,
0.00469260,0.000000,1.243452,
0.00469280,0.000000,1.243452,
0.00469300,0.000000,1.243452,
0.00469320,-0.002441,1.227205,
0.00469340,0.000000,1.243452,
0.00469360,0.000000,1.243452,
0.00469380,-0.002441,1.227205,
0.00469400,-0.002441,1.227205,
0.00469420,0.000000,1.227205,
0.00469440,0.000000,1.227205,
0.00469460,0.000000,1.227205,
0.00469480,-0.002441,1.243452,
0.00469500,0.000000,1.243452,
0.00469520,0.000000,1.243452,
0.00469540,-0.002441,1.227205,
0.00469560,-0.004883,1.227205,
0.00469580,-0.002441,1.243452,
0.00469600,0.000000,1.227205,
0.00469620,0.000000,1.227205,
0.00469640,0.000000,1.227205,
0.00469660,-0.002441,1.243452,
0.00469680,-0.002441,1.227205,
0.00469700,-0.002441,1.227205,
0.00469720,-0.002441,1.227205,
0.00469740,-0.002441,1.243452,
0.00469760,0.000000,1.243452,
0.00469780,-0.002441,1.227205,
0.00469800,-0.002441,1.227205,
0.00469820,-0.002441,1.227205,
0.00469840,0.000000,1.227205,
0.00469860,-0.002441,1.227205,
0.00469880,-0.002441,1.227205,
0.00469900,0.000000,1.243452,
0.00469920,0.000000,1.227205,
0.00469940,0.000000,1.227205,
0.00469960,0.000000,1.227205,
0.00469980,0.000000,1.227205,
0.00470000,-0.002441,1.227205,
0.00470020,0.000000,1.227205,
0.00470040,-0.002441,1.227205,
0.00470060,-0.002441,1.227205,
0.00470080,-0.002441,1.227205,
0.00470100,0.000000,1.243452,
0.00470120,-0.002441,1.259700,
0.00470140,0.000000,1.259700,
0.00470160,0.000000,1.243452,
0.00470180,-0.002441,1.210957,
0.00470200,-0.002441,1.210957,
0.00470220,0.000000,1.210957,
0.00470240,0.000000,1.227205,
0.00470260,0.000000,1.243452,
0.00470280,-0.002441,1.243452,
0.00470300,0.000000,1.243452,
0.00470320,-0.002441,1.227205,
0.00470340,-0.002441,1.227205,
0.00470360,-0.002441,1.227205,
0.00470380,0.000000,1.227205,
0.00470400,-0.002441,1.210957,
0.00470420,-0.002441,1.210957,
0.00470440,0.000000,1.227205,
0.00470460,-0.002441,1.243452,
0.00470480,-0.002441,1.227205,
0.00470500,-0.002441,1.210957,
0.00470520,-0.002441,1.227205,
0.00470540,-0.002441,1.227205,
0.00470560,-0.002441,1.227205,
0.00470580,-0.002441,1.227205,
0.00470600,0.000000,1.210957,
0.00470620,-0.002441,1.227205,
0.00470640,-0.002441,1.227205,
0.00470660,0.000000,1.243452,
0.00470680,-0.004883,1.227205,
0.00470700,0.000000,1.243452,
0.00470720,-0.002441,1.227205,
0.00470740,0.000000,1.227205,
0.00470760,0.000000,1.210957,
0.00470780,-0.002441,1.210957,
0.00470800,-0.002441,1.227205,
0.00470820,-0.002441,1.227205,
0.00470840,-0.002441,1.210957,
0.00470860,-0.002441,1.227205,
0.00470880,-0.002441,1.227205,
0.00470900,0.000000,1.227205,
0.00470920,-0.002441,1.227205,
0.00470940,0.000000,1.227205,
0.00470960,0.000000,1.210957,
0.00470980,0.000000,1.227205,
0.00471000,-0.002441,1.227205,
0.00471020,0.000000,1.227205,
0.00471040,0.002441,1.227205,
0.00471060,0.000000,1.210957,
0.00471080,-0.002441,1.227205,
0.00471100,0.000000,1.243452,
0.00471120,-0.002441,1.243452,
0.00471140,-0.002441,1.227205,
0.00471160,-0.002441,1.210957,
0.00471180,-0.002441,1.227205,
0.00471200,-0.002441,1.227205,
0.00471220,0.000000,1.227205,
0.00471240,0.000000,1.210957,
0.00471260,-0.002441,1.227205,
0.00471280,-0.002441,1.210957,
0.00471300,-0.002441,1.227205,
0.00471320,0.000000,1.227205,
0.00471340,-0.002441,1.227205,
0.00471360,0.000000,1.227205,
0.00471380,-0.002441,1.227205,
0.00471400,-0.002441,1.210957,
0.00471420,0.000000,1.227205,
0.00471440,-0.002441,1.227205,
0.00471460,0.000000,1.227205,
0.00471480,-0.002441,1.210957,
0.00471500,-0.002441,1.210957,
0.00471520,0.000000,1.227205,
0.00471540,0.000000,1.227205,
0.00471560,0.000000,1.210957,
0.00471580,-0.002441,1.227205,
0.00471600,0.000000,1.227205,
0.00471620,-0.002441,1.227205,
0.00471640,-0.002441,1.194710,
0.00471660,-0.002441,1.210957,
0.00471680,0.000000,1.227205,
0.00471700,0.000000,1.227205,
0.00471720,-0.002441,1.227205,
0.00471740,0.000000,1.227205,
0.00471760,0.000000,1.210957,
0.00471780,-0.002441,1.210957,
0.00471800,-0.002441,1.210957,
0.00471820,-0.002441,1.210957,
0.00471840,0.000000,1.210957,
0.00471860,0.000000,1.227205,
0.00471880,-0.002441,1.210957,
0.00471900,0.002441,1.210957,
0.00471920,0.000000,1.210957,
0.00471940,-0.002441,1.227205,
0.00471960,-0.002441,1.227205,
0.00471980,0.000000,1.243452,
0.00472000,0.000000,1.227205,
0.00472020,-0.002441,1.227205,
0.00472040,-0.002441,1.227205,
0.00472060,0.002441,1.210957,
0.00472080,-0.002441,1.194710,
0.00472100,-0.002441,1.210957,
0.00472120,0.000000,1.227205,
0.00472140,-0.002441,1.227205,
0.00472160,0.000000,1.227205,
0.00472180,-0.002441,1.227205,
0.00472200,-0.002441,1.227205,
0.00472220,0.000000,1.227205,
0.00472240,0.000000,1.227205,
0.00472260,0.000000,1.227205,
0.00472280,0.000000,1.210957,
0.00472300,-0.002441,1.210957,
0.00472320,0.000000,1.227205,
0.00472340,0.000000,1.227205,
0.00472360,0.000000,1.227205,
0.00472380,-0.002441,1.227205,
0.00472400,0.000000,1.227205,
0.00472420,0.000000,1.227205,
0.00472440,-0.002441,1.210957,
0.00472460,-0.002441,1.243452,
0.00472480,-0.002441,1.227205,
0.00472500,0.000000,1.227205,
0.00472520,0.000000,1.227205,
0.00472540,-0.002441,1.210957,
0.00472560,0.000000,1.227205,
0.00472580,0.000000,1.227205,
0.00472600,0.000000,1.227205,
0.00472620,-0.004883,1.210957,
0.00472640,0.000000,1.227205,
0.00472660,0.000000,1.227205,
0.00472680,-0.002441,1.227205,
0.00472700,-0.002441,1.210957,
0.00472720,0.000000,1.210957,
0.00472740,-0.002441,1.210957,
0.00472760,0.000000,1.227205,
0.00472780,-0.002441,1.227205,
0.00472800,0.000000,1.227205,
0.00472820,0.000000,1.227205,
0.00472840,0.000000,1.227205,
0.00472860,0.000000,1.227205,
0.00472880,0.000000,1.243452,
0.00472900,-0.002441,1.227205,
0.00472920,-0.002441,1.210957,
0.00472940,0.000000,1.210957,
0.00472960,0.000000,1.227205,
0.00472980,0.000000,1.243452,
0.00473000,-0.002441,1.243452,
0.00473020,0.000000,1.243452,
0.00473040,0.000000,1.227205,
0.00473060,-0.002441,1.210957,
0.00473080,-0.002441,1.227205,
0.00473100,-0.002441,1.227205,
0.00473120,0.000000,1.227205,
0.00473140,-0.002441,1.227205,
0.00473160,-0.002441,1.227205,
0.00473180,-0.002441,1.227205,
0.00473200,0.000000,1.227205,
0.00473220,-0.002441,1.210957,
0.00473240,0.000000,1.227205,
0.00473260,-0.002441,1.227205,
0.00473280,-0.002441,1.227205,
0.00473300,0.000000,1.227205,
0.00473320,-0.002441,1.227205,
0.00473340,-0.002441,1.227205,
0.00473360,0.000000,1.227205,
0.00473380,-0.002441,1.227205,
0.00473400,0.000000,1.227205,
0.00473420,-0.002441,1.227205,
0.00473440,0.000000,1.243452,
0.00473460,0.000000,1.259700,
0.00473480,-0.002441,1.227205,
0.00473500,-0.004883,1.210957,
0.00473520,0.000000,1.210957,
0.00473540,-0.002441,1.210957,
0.00473560,-0.002441,1.210957,
0.00473580,-0.002441,1.227205,
0.00473600,0.000000,1.243452,
0.00473620,0.000000,1.243452,
0.00473640,0.000000,1.259700,
0.00473660,0.000000,1.259700,
0.00473680,0.000000,1.243452,
0.00473700,0.000000,1.227205,
0.00473720,-0.004883,1.194710,
0.00473740,0.000000,1.210957,
0.00473760,-0.002441,1.210957,
0.00473780,0.000000,1.243452,
0.00473800,-0.002441,1.243452,
0.00473820,-0.002441,1.243452,
0.00473840,-0.002441,1.243452,
0.00473860,-0.002441,1.243452,
0.00473880,-0.002441,1.227205,
0.00473900,-0.004883,1.210957,
0.00473920,-0.002441,1.227205,
0.00473940,0.000000,1.227205,
0.00473960,-0.004883,1.227205,
0.00473980,-0.002441,1.227205,
0.00474000,0.000000,1.227205,
0.00474020,0.000000,1.243452,
0.00474040,-0.002441,1.243452,
0.00474060,0.000000,1.227205,
0.00474080,0.000000,1.227205,
0.00474100,0.000000,1.227205,
0.00474120,0.000000,1.243452,
0.00474140,0.000000,1.243452,
0.00474160,0.000000,1.227205,
0.00474180,-0.002441,1.227205,
0.00474200,-0.002441,1.227205,
0.00474220,-0.002441,1.243452,
0.00474240,-0.002441,1.243452,
0.00474260,-0.002441,1.243452,
0.00474280,0.000000,1.227205,
0.00474300,-0.002441,1.227205,
0.00474320,0.000000,1.227205,
0.00474340,0.000000,1.227205,
0.00474360,-0.002441,1.227205,
0.00474380,-0.002441,1.243452,
0.00474400,0.000000,1.243452,
0.00474420,0.000000,1.243452,
0.00474440,-0.002441,1.227205,
0.00474460,0.000000,1.227205,
0.00474480,0.000000,1.243452,
0.00474500,0.000000,1.243452,
0.00474520,-0.002441,1.243452,
0.00474540,-0.002441,1.243452,
0.00474560,0.000000,1.243452,
0.00474580,-0.002441,1.243452,
0.00474600,0.000000,1.227205,
0.00474620,0.000000,1.243452,
0.00474640,0.000000,1.243452,
0.00474660,0.000000,1.243452,
0.00474680,-0.002441,1.243452,
0.00474700,0.000000,1.227205,
0.00474720,-0.002441,1.227205,
0.00474740,-0.002441,1.243452,
0.00474760,0.000000,1.243452,
0.00474780,-0.002441,1.243452,
0.00474800,0.000000,1.243452,
0.00474820,-0.002441,1.243452,
0.00474840,-0.002441,1.227205,
0.00474860,-0.002441,1.227205,
0.00474880,0.000000,1.243452,
0.00474900,0.000000,1.243452,
0.00474920,-0.002441,1.227205,
0.00474940,0.000000,1.227205,
0.00474960,-0.002441,1.243452,
0.00474980,0.000000,1.243452,
0.00475000,-0.002441,1.243452,
0.00475020,-0.002441,1.243452,
0.00475040,-0.002441,1.243452,
0.00475060,0.000000,1.243452,
0.00475080,0.000000,1.243452,
0.00475100,-0.002441,1.243452,
0.00475120,0.000000,1.243452,
0.00475140,-0.002441,1.227205,
0.00475160,-0.002441,1.227205,
0.00475180,-0.002441,1.243452,
0.00475200,-0.004883,1.243452,
0.00475220,0.000000,1.259700,
0.00475240,0.000000,1.243452,
0.00475260,-0.002441,1.243452,
0.00475280,0.000000,1.243452,
0.00475300,-0.002441,1.243452,
0.00475320,-0.002441,1.243452,
0.00475340,-0.002441,1.243452,
0.00475360,-0.002441,1.227205,
0.00475380,0.000000,1.227205,
0.00475400,-0.002441,1.227205,
0.00475420,0.000000,1.243452,
0.00475440,0.000000,1.259700,
0.00475460,-0.002441,1.259700,
0.00475480,-0.002441,1.259700,
0.00475500,-0.002441,1.259700,
0.00475520,0.000000,1.243452,
0.00475540,0.000000,1.243452,
0.00475560,-0.002441,1.227205,
0.00475580,0.000000,1.227205,
0.00475600,0.000000,1.243452,
0.00475620,0.000000,1.259700,
0.00475640,0.000000,1.259700,
0.00475660,-0.002441,1.243452,
0.00475680,0.000000,1.259700,
0.00475700,0.000000,1.243452,
0.00475720,-0.002441,1.259700,
0.00475740,-0.002441,1.243452,
0.00475760,0.000000,1.243452,
0.00475780,0.000000,1.243452,
0.00475800,-0.002441,1.243452,
0.00475820,0.000000,1.259700,
0.00475840,0.000000,1.259700,
0.00475860,0.000000,1.259700,
0.00475880,0.000000,1.259700,
0.00475900,-0.002441,1.243452,
0.00475920,0.000000,1.243452,
0.00475940,0.000000,1.243452,
0.00475960,-0.002441,1.227205,
0.00475980,0.000000,1.259700,
0.00476000,0.000000,1.259700,
0.00476020,0.000000,1.259700,
0.00476040,0.000000,1.259700,
0.00476060,-0.002441,1.259700,
0.00476080,-0.002441,1.243452,
0.00476100,-0.002441,1.243452,
0.00476120,-0.002441,1.243452,
0.00476140,-0.002441,1.243452,
0.00476160,-0.002441,1.243452,
0.00476180,-0.002441,1.259700,
0.00476200,0.000000,1.243452,
0.00476220,-0.002441,1.243452,
0.00476240,0.000000,1.259700,
0.00476260,-0.002441,1.259700,
0.00476280,-0.002441,1.259700,
0.00476300,0.000000,1.259700,
0.00476320,0.000000,1.243452,
0.00476340,0.000000,1.243452,
0.00476360,0.000000,1.259700,
0.00476380,0.000000,1.259700,
0.00476400,0.000000,1.259700,
0.00476420,0.000000,1.243452,
0.00476440,-0.002441,1.243452,
0.00476460,-0.002441,1.243452,
0.00476480,-0.002441,1.259700,
0.00476500,0.000000,1.259700,
0.00476520,0.000000,1.259700,
0.00476540,0.000000,1.259700,
0.00476560,0.000000,1.259700,
0.00476580,-0.002441,1.259700,
0.00476600,-0.002441,1.259700,
0.00476620,0.000000,1.259700,
0.00476640,0.000000,1.259700,
0.00476660,0.000000,1.259700,
0.00476680,-0.002441,1.259700,
0.00476700,0.000000,1.243452,
0.00476720,-0.002441,1.243452,
0.00476740,-0.002441,1.259700,
0.00476760,-0.002441,1.259700,
0.00476780,-0.002441,1.259700,
0.00476800,0.000000,1.259700,
0.00476820,0.000000,1.259700,
0.00476840,-0.002441,1.259700,
0.00476860,0.000000,1.275947,
0.00476880,-0.002441,1.259700,
0.00476900,0.000000,1.243452,
0.00476920,0.000000,1.259700,
0.00476940,0.000000,1.259700,
0.00476960,0.000000,1.259700,
0.00476980,0.000000,1.259700,
0.00477000,0.000000,1.259700,
0.00477020,0.000000,1.243452,
0.00477040,0.000000,1.259700,
0.00477060,0.000000,1.243452,
0.00477080,0.000000,1.243452,
0.00477100,-0.002441,1.259700,
0.00477120,0.000000,1.275947,
0.00477140,0.000000,1.292195,
0.00477160,-0.002441,1.275947,
0.00477180,0.000000,1.275947,
0.00477200,0.000000,1.275947,
0.00477220,0.000000,1.243452,
0.00477240,-0.002441,1.243452,
0.00477260,-0.002441,1.243452,
0.00477280,-0.002441,1.259700,
0.00477300,0.000000,1.275947,
0.00477320,-0.002441,1.275947,
0.00477340,0.000000,1.259700,
0.00477360,-0.002441,1.275947,
0.00477380,0.000000,1.275947,
0.00477400,-0.004883,1.275947,
0.00477420,0.000000,1.259700,
0.00477440,-0.002441,1.275947,
0.00477460,0.000000,1.275947,
0.00477480,0.000000,1.275947,
0.00477500,-0.002441,1.275947,
0.00477520,-0.002441,1.259700,
0.00477540,0.000000,1.275947,
0.00477560,0.000000,1.275947,
0.00477580,-0.004883,1.275947,
0.00477600,-0.002441,1.275947,
0.00477620,0.000000,1.275947,
0.00477640,0.000000,1.275947,
0.00477660,-0.002441,1.275947,
0.00477680,0.000000,1.259700,
0.00477700,0.000000,1.259700,
0.00477720,-0.002441,1.259700,
0.00477740,-0.002441,1.259700,
0.00477760,0.000000,1.275947,
0.00477780,-0.002441,1.259700,
0.00477800,-0.002441,1.275947,
0.00477820,-0.002441,1.275947,
0.00477840,0.002441,1.275947,
0.00477860,-0.002441,1.275947,
0.00477880,0.000000,1.275947,
0.00477900,-0.002441,1.275947,
0.00477920,0.000000,1.292195,
0.00477940,0.000000,1.292195,
0.00477960,-0.002441,1.275947,
0.00477980,-0.002441,1.275947,
0.00478000,0.002441,1.292195,
0.00478020,0.000000,1.275947,
0.00478040,0.000000,1.275947,
0.00478060,-0.002441,1.275947,
0.00478080,-0.002441,1.275947,
0.00478100,0.000000,1.292195,
0.00478120,0.000000,1.275947,
0.00478140,-0.002441,1.275947,
0.00478160,0.002441,1.292195,
0.00478180,0.000000,1.292195,
0.00478200,-0.002441,1.292195,
0.00478220,-0.002441,1.275947,
0.00478240,-0.002441,1.275947,
0.00478260,0.000000,1.292195,
0.00478280,0.000000,1.292195,
0.00478300,0.000000,1.275947,
0.00478320,-0.002441,1.275947,
0.00478340,0.000000,1.308443,
0.00478360,0.000000,1.292195,
0.00478380,-0.002441,1.275947,
0.00478400,-0.002441,1.275947,
0.00478420,-0.002441,1.275947,
0.00478440,-0.002441,1.292195,
0.00478460,-0.002441,1.292195,
0.00478480,-0.002441,1.275947,
0.00478500,-0.002441,1.292195,
0.00478520,-0.002441,1.275947,
0.00478540,-0.002441,1.292195,
0.00478560,-0.002441,1.292195,
0.00478580,0.000000,1.292195,
0.00478600,0.000000,1.292195,
0.00478620,-0.002441,1.292195,
0.00478640,0.000000,1.292195,
0.00478660,-0.002441,1.292195,
0.00478680,0.000000,1.292195,
0.00478700,-0.002441,1.292195,
0.00478720,0.000000,1.292195,
0.00478740,0.000000,1.292195,
0.00478760,0.000000,1.308443,
0.00478780,0.000000,1.292195,
0.00478800,0.000000,1.292195,
0.00478820,-0.002441,1.308443,
0.00478840,-0.002441,1.292195,
0.00478860,0.000000,1.292195,
0.00478880,-0.002441,1.275947,
0.00478900,-0.002441,1.275947,
0.00478920,0.000000,1.292195,
0.00478940,0.000000,1.308443,
0.00478960,0.000000,1.308443,
0.00478980,-0.002441,1.324690,
0.00479000,-0.002441,1.308443,
0.00479020,-0.002441,1.308443,
0.00479040,-0.002441,1.292195,
0.00479060,0.000000,1.292195,
0.00479080,0.000000,1.292195,
0.00479100,0.000000,1.292195,
0.00479120,-0.002441,1.308443,
0.00479140,0.000000,1.308443,
0.00479160,-0.002441,1.308443,
0.00479180,-0.002441,1.292195,
0.00479200,-0.002441,1.308443,
0.00479220,0.000000,1.308443,
0.00479240,-0.002441,1.308443,
0.00479260,0.000000,1.292195,
0.00479280,-0.002441,1.292195,
0.00479300,0.000000,1.292195,
0.00479320,-0.002441,1.292195,
0.00479340,0.000000,1.275947,
0.00479360,-0.002441,1.292195,
0.00479380,0.000000,1.308443,
0.00479400,0.000000,1.308443,
0.00479420,0.000000,1.324690,
0.00479440,0.000000,1.308443,
0.00479460,0.000000,1.308443,
0.00479480,0.000000,1.292195,
0.00479500,-0.002441,1.292195,
0.00479520,-0.002441,1.308443,
0.00479540,0.002441,1.308443,
0.00479560,0.000000,1.308443,
0.00479580,-0.002441,1.308443,
0.00479600,-0.002441,1.308443,
0.00479620,-0.002441,1.308443,
0.00479640,0.000000,1.308443,
0.00479660,-0.002441,1.308443,
0.00479680,0.000000,1.292195,
0.00479700,-0.002441,1.308443,
0.00479720,0.000000,1.308443,
0.00479740,0.000000,1.308443,
0.00479760,0.000000,1.308443,
0.00479780,-0.002441,1.308443,
0.00479800,0.000000,1.308443,
0.00479820,-0.002441,1.308443,
0.00479840,-0.002441,1.292195,
0.00479860,0.000000,1.292195,
0.00479880,0.000000,1.324690,
0.00479900,0.000000,1.324690,
0.00479920,-0.002441,1.308443,
0.00479940,0.000000,1.308443,
0.00479960,0.000000,1.308443,
0.00479980,0.000000,1.308443,
0.00480000,-0.002441,1.308443,
0.00480020,-0.002441,1.308443,
0.00480040,0.000000,1.308443,
0.00480060,0.000000,1.308443,
0.00480080,-0.002441,1.308443,
0.00480100,-0.002441,1.308443,
0.00480120,0.000000,1.324690,
0.00480140,-0.002441,1.308443,
0.00480160,-0.002441,1.308443,
0.00480180,0.000000,1.324690,
0.00480200,-0.002441,1.308443,
0.00480220,0.000000,1.308443,
0.00480240,0.000000,1.308443,
0.00480260,0.000000,1.308443,
0.00480280,-0.002441,1.308443,
0.00480300,-0.002441,1.292195,
0.00480320,-0.002441,1.308443,
0.00480340,-0.002441,1.308443,
0.00480360,0.000000,1.308443,
0.00480380,0.000000,1.308443,
0.00480400,0.000000,1.308443,
0.00480420,-0.002441,1.308443,
0.00480440,0.000000,1.324690,
0.00480460,-0.002441,1.308443,
0.00480480,-0.002441,1.308443,
0.00480500,-0.002441,1.324690,
0.00480520,0.000000,1.324690,
0.00480540,-0.002441,1.308443,
0.00480560,-0.002441,1.292195,
0.00480580,-0.002441,1.308443,
0.00480600,-0.004883,1.308443,
0.00480620,-0.002441,1.308443,
0.00480640,-0.002441,1.324690,
0.00480660,-0.002441,1.340938,
0.00480680,0.000000,1.340938,
0.00480700,0.000000,1.324690,
0.00480720,-0.002441,1.308443,
0.00480740,0.000000,1.308443,
0.00480760,-0.002441,1.292195,
0.00480780,-0.002441,1.292195,
0.00480800,-0.002441,1.308443,
0.00480820,-0.002441,1.308443,
0.00480840,0.000000,1.324690,
0.00480860,0.000000,1.340938,
0.00480880,-0.002441,1.324690,
0.00480900,0.000000,1.308443,
0.00480920,0.000000,1.324690,
0.00480940,-0.002441,1.324690,
0.00480960,-0.002441,1.324690,
0.00480980,-0.002441,1.324690,
0.00481000,0.000000,1.324690,
0.00481020,-0.002441,1.324690,
0.00481040,0.000000,1.308443,
0.00481060,0.000000,1.324690,
0.00481080,0.000000,1.324690,
0.00481100,-0.002441,1.324690,
0.00481120,0.000000,1.324690,
0.00481140,0.000000,1.324690,
0.00481160,0.000000,1.324690,
0.00481180,0.000000,1.340938,
0.00481200,-0.002441,1.324690,
0.00481220,0.000000,1.324690,
0.00481240,0.000000,1.308443,
0.00481260,-0.002441,1.324690,
0.00481280,-0.002441,1.340938,
0.00481300,-0.002441,1.340938,
0.00481320,0.000000,1.340938,
0.00481340,-0.002441,1.324690,
0.00481360,-0.002441,1.324690,
0.00481380,-0.002441,1.324690,
0.00481400,-0.002441,1.324690,
0.00481420,-0.002441,1.324690,
0.00481440,-0.002441,1.340938,
0.00481460,0.000000,1.340938,
0.00481480,0.000000,1.340938,
0.00481500,0.000000,1.324690,
0.00481520,0.000000,1.324690,
0.00481540,0.000000,1.340938,
0.00481560,0.000000,1.340938,
0.00481580,-0.002441,1.340938,
0.00481600,0.000000,1.324690,
0.00481620,0.000000,1.324690,
0.00481640,0.000000,1.340938,
0.00481660,-0.002441,1.340938,
0.00481680,-0.002441,1.340938,
0.00481700,0.000000,1.340938,
0.00481720,0.000000,1.340938,
0.00481740,0.000000,1.340938,
0.00481760,-0.002441,1.340938,
0.00481780,0.000000,1.324690,
0.00481800,0.000000,1.324690,
0.00481820,-0.002441,1.340938,
0.00481840,-0.002441,1.340938,
0.00481860,0.000000,1.340938,
0.00481880,0.000000,1.340938,
0.00481900,-0.002441,1.340938,
0.00481920,-0.002441,1.340938,
0.00481940,-0.002441,1.324690,
0.00481960,0.000000,1.340938,
0.00481980,-0.002441,1.340938,
0.00482000,0.000000,1.340938,
0.00482020,0.000000,1.357185,
0.00482040,-0.002441,1.324690,
0.00482060,-0.002441,1.340938,
0.00482080,-0.002441,1.357185,
0.00482100,0.000000,1.357185,
0.00482120,-0.002441,1.357185,
0.00482140,0.000000,1.357185,
0.00482160,-0.002441,1.324690,
0.00482180,-0.002441,1.340938,
0.00482200,0.000000,1.357185,
0.00482220,-0.002441,1.340938,
0.00482240,-0.002441,1.357185,
0.00482260,0.000000,1.357185,
0.00482280,0.000000,1.357185,
0.00482300,0.000000,1.357185,
0.00482320,-0.002441,1.340938,
0.00482340,-0.002441,1.357185,
0.00482360,-0.002441,1.340938,
0.00482380,0.000000,1.340938,
0.00482400,-0.002441,1.324690,
0.00482420,0.000000,1.340938,
0.00482440,0.000000,1.357185,
0.00482460,-0.002441,1.357185,
0.00482480,-0.002441,1.357185,
0.00482500,0.000000,1.373433,
0.00482520,-0.002441,1.373433,
0.00482540,-0.002441,1.357185,
0.00482560,-0.002441,1.340938,
0.00482580,0.000000,1.340938,
0.00482600,0.000000,1.340938,
0.00482620,-0.002441,1.340938,
0.00482640,0.000000,1.357185,
0.00482660,-0.002441,1.357185,
0.00482680,-0.002441,1.357185,
0.00482700,-0.004883,1.357185,
0.00482720,-0.002441,1.357185,
0.00482740,-0.002441,1.357185,
0.00482760,0.000000,1.357185,
0.00482780,0.000000,1.357185,
0.00482800,-0.002441,1.340938,
0.00482820,-0.002441,1.357185,
0.00482840,0.000000,1.357185,
0.00482860,0.000000,1.357185,
0.00482880,-0.002441,1.357185,
0.00482900,-0.002441,1.357185,
0.00482920,-0.002441,1.357185,
0.00482940,-0.002441,1.357185,
0.00482960,-0.002441,1.340938,
0.00482980,0.000000,1.357185,
0.00483000,-0.002441,1.340938,
0.00483020,-0.002441,1.357185,
0.00483040,-0.002441,1.357185,
0.00483060,0.000000,1.357185,
0.00483080,-0.002441,1.357185,
0.00483100,-0.002441,1.357185,
0.00483120,-0.002441,1.357185,
0.00483140,-0.002441,1.357185,
0.00483160,0.000000,1.357185,
0.00483180,-0.002441,1.357185,
0.00483200,-0.002441,1.357185,
0.00483220,0.000000,1.357185,
0.00483240,0.000000,1.357185,
0.00483260,0.000000,1.373433,
0.00483280,0.000000,1.357185,
0.00483300,0.000000,1.357185,
0.00483320,0.000000,1.357185,
0.00483340,-0.002441,1.340938,
0.00483360,-0.002441,1.357185,
0.00483380,-0.002441,1.357185,
0.00483400,0.000000,1.357185,
0.00483420,-0.002441,1.357185,
0.00483440,0.000000,1.373433,
0.00483460,0.004883,1.373433,
0.00483480,0.000000,1.357185,
0.00483500,0.000000,1.357185,
0.00483520,-0.002441,1.357185,
0.00483540,-0.002441,1.340938,
0.00483560,0.000000,1.357185,
0.00483580,-0.002441,1.357185,
0.00483600,0.000000,1.357185,
0.00483620,0.004883,1.373433,
0.00483640,0.000000,1.357185,
0.00483660,-0.002441,1.357185,
0.00483680,0.000000,1.357185,
0.00483700,-0.002441,1.357185,
0.00483720,-0.002441,1.340938,
0.00483740,0.000000,1.357185,
0.00483760,-0.002441,1.340938,
0.00483780,0.000000,1.357185,
0.00483800,0.000000,1.373433,
0.00483820,0.000000,1.373433,
0.00483840,-0.002441,1.357185,
0.00483860,0.000000,1.357185,
0.00483880,-0.002441,1.357185,
0.00483900,-0.002441,1.357185,
0.00483920,0.000000,1.340938,
0.00483940,-0.002441,1.340938,
0.00483960,0.000000,1.357185,
0.00483980,0.000000,1.357185,
0.00484000,-0.002441,1.357185,
0.00484020,-0.002441,1.357185,
0.00484040,0.000000,1.357185,
0.00484060,0.000000,1.357185,
0.00484080,-0.002441,1.357185,
0.00484100,-0.002441,1.340938,
0.00484120,0.000000,1.357185,
0.00484140,-0.002441,1.373433,
0.00484160,-0.002441,1.373433,
0.00484180,-0.002441,1.373433,
0.00484200,-0.002441,1.373433,
0.00484220,0.000000,1.357185,
0.00484240,-0.002441,1.340938,
0.00484260,-0.002441,1.324690,
0.00484280,0.000000,1.357185,
0.00484300,0.000000,1.373433,
0.00484320,-0.002441,1.357185,
0.00484340,-0.002441,1.357185,
0.00484360,-0.002441,1.357185,
0.00484380,0.000000,1.373433,
0.00484400,-0.002441,1.373433,
0.00484420,0.000000,1.373433,
0.00484440,-0.002441,1.373433,
0.00484460,-0.002441,1.357185,
0.00484480,-0.002441,1.357185,
0.00484500,0.000000,1.340938,
0.00484520,0.000000,1.357185,
0.00484540,0.000000,1.357185,
0.00484560,-0.002441,1.373433,
0.00484580,-0.002441,1.373433,
0.00484600,-0.002441,1.373433,
0.00484620,-0.002441,1.357185,
0.00484640,-0.002441,1.357185,
0.00484660,-0.002441,1.357185,
0.00484680,0.000000,1.373433,
0.00484700,-0.002441,1.357185,
0.00484720,-0.002441,1.357185,
0.00484740,0.000000,1.373433,
0.00484760,-0.002441,1.357185,
0.00484780,-0.002441,1.357185,
0.00484800,-0.002441,1.357185,
0.00484820,0.000000,1.373433,
0.00484840,-0.002441,1.373433,
0.00484860,0.000000,1.373433,
0.00484880,0.000000,1.357185,
0.00484900,0.000000,1.357185,
0.00484920,0.000000,1.373433,
0.00484940,-0.002441,1.373433,
0.00484960,-0.002441,1.373433,
0.00484980,0.000000,1.373433,
0.00485000,0.000000,1.373433,
0.00485020,-0.002441,1.373433,
0.00485040,0.000000,1.357185,
0.00485060,-0.002441,1.357185,
0.00485080,0.000000,1.373433,
0.00485100,-0.002441,1.357185,
0.00485120,-0.002441,1.357185,
0.00485140,0.000000,1.373433,
0.00485160,0.000000,1.373433,
0.00485180,0.000000,1.373433,
0.00485200,-0.002441,1.357185,
0.00485220,0.000000,1.357185,
0.00485240,0.000000,1.373433,
0.00485260,0.000000,1.373433,
0.00485280,-0.002441,1.373433,
0.00485300,-0.002441,1.357185,
0.00485320,0.000000,1.373433,
0.00485340,0.000000,1.373433,
0.00485360,-0.002441,1.373433,
0.00485380,-0.002441,1.373433,
0.00485400,0.000000,1.373433,
0.00485420,0.000000,1.357185,
0.00485440,-0.002441,1.373433,
0.00485460,-0.002441,1.373433,
0.00485480,-0.002441,1.373433,
0.00485500,0.000000,1.373433,
0.00485520,-0.002441,1.357185,
0.00485540,-0.002441,1.357185,
0.00485560,0.000000,1.373433,
0.00485580,-0.002441,1.389680,
0.00485600,-0.002441,1.373433,
0.00485620,0.000000,1.373433,
0.00485640,-0.002441,1.373433,
0.00485660,0.000000,1.389680,
0.00485680,0.000000,1.373433,
0.00485700,0.000000,1.373433,
0.00485720,0.000000,1.373433,
0.00485740,0.000000,1.389680,
0.00485760,-0.002441,1.373433,
0.00485780,-0.002441,1.357185,
0.00485800,-0.002441,1.389680,
0.00485820,-0.002441,1.389680,
0.00485840,0.000000,1.389680,
0.00485860,-0.002441,1.357185,
0.00485880,0.000000,1.373433,
0.00485900,-0.002441,1.357185,
0.00485920,-0.002441,1.357185,
0.00485940,-0.002441,1.357185,
0.00485960,0.000000,1.373433,
0.00485980,0.000000,1.389680,
0.00486000,0.000000,1.405928,
0.00486020,0.000000,1.389680,
0.00486040,0.000000,1.389680,
0.00486060,-0.002441,1.357185,
0.00486080,-0.004883,1.357185,
0.00486100,-0.002441,1.357185,
0.00486120,-0.002441,1.357185,
0.00486140,0.000000,1.389680,
0.00486160,-0.002441,1.389680,
0.00486180,0.000000,1.373433,
0.00486200,-0.002441,1.373433,
0.00486220,-0.002441,1.389680,
0.00486240,-0.002441,1.389680,
0.00486260,-0.002441,1.373433,
0.00486280,0.000000,1.389680,
0.00486300,0.000000,1.373433,
0.00486320,0.000000,1.373433,
0.00486340,-0.002441,1.373433,
0.00486360,0.000000,1.389680,
0.00486380,-0.002441,1.389680,
0.00486400,-0.002441,1.357185,
0.00486420,-0.002441,1.373433,
0.00486440,-0.002441,1.389680,
0.00486460,-0.002441,1.373433,
0.00486480,0.000000,1.373433,
0.00486500,-0.002441,1.373433,
0.00486520,-0.002441,1.373433,
0.00486540,-0.002441,1.389680,
0.00486560,0.000000,1.389680,
0.00486580,-0.002441,1.373433,
0.00486600,-0.002441,1.373433,
0.00486620,0.000000,1.373433,
0.00486640,0.000000,1.389680,
0.00486660,-0.002441,1.389680,
0.00486680,0.000000,1.373433,
0.00486700,-0.002441,1.373433,
0.00486720,-0.002441,1.373433,
0.00486740,-0.002441,1.373433,
0.00486760,0.000000,1.389680,
0.00486780,0.000000,1.405928,
0.00486800,0.000000,1.389680,
0.00486820,0.000000,1.373433,
0.00486840,0.000000,1.373433,
0.00486860,-0.002441,1.373433,
0.00486880,0.000000,1.389680,
0.00486900,0.002441,1.373433,
0.00486920,-0.002441,1.373433,
0.00486940,0.000000,1.373433,
0.00486960,-0.002441,1.373433,
0.00486980,0.000000,1.389680,
0.00487000,0.000000,1.373433,
0.00487020,0.000000,1.373433,
0.00487040,-0.002441,1.373433,
0.00487060,0.000000,1.373433,
0.00487080,0.000000,1.373433,
0.00487100,0.000000,1.373433,
0.00487120,0.000000,1.373433,
0.00487140,0.000000,1.373433,
0.00487160,0.000000,1.389680,
0.00487180,-0.002441,1.373433,
0.00487200,-0.002441,1.373433,
0.00487220,-0.002441,1.373433,
0.00487240,0.000000,1.373433,
0.00487260,0.000000,1.373433,
0.00487280,0.000000,1.373433,
0.00487300,0.000000,1.373433,
0.00487320,-0.002441,1.373433,
0.00487340,0.000000,1.373433,
0.00487360,-0.002441,1.373433,
0.00487380,-0.004883,1.373433,
0.00487400,-0.002441,1.389680,
0.00487420,-0.002441,1.373433,
0.00487440,0.000000,1.373433,
0.00487460,0.000000,1.373433,
0.00487480,0.000000,1.389680,
0.00487500,0.000000,1.373433,
0.00487520,-0.002441,1.357185,
0.00487540,0.000000,1.373433,
0.00487560,-0.002441,1.373433,
0.00487580,0.000000,1.373433,
0.00487600,0.000000,1.357185,
0.00487620,0.000000,1.357185,
0.00487640,0.000000,1.373433,
0.00487660,-0.002441,1.389680,
0.00487680,-0.002441,1.389680,
0.00487700,-0.002441,1.389680,
0.00487720,0.000000,1.373433,
0.00487740,-0.002441,1.357185,
0.00487760,-0.002441,1.340938,
0.00487780,0.000000,1.357185,
0.00487800,0.000000,1.357185,
0.00487820,-0.002441,1.357185,
0.00487840,-0.002441,1.389680,
0.00487860,-0.002441,1.373433,
0.00487880,0.000000,1.389680,
0.00487900,0.000000,1.373433,
0.00487920,-0.002441,1.357185,
0.00487940,-0.002441,1.357185,
0.00487960,0.000000,1.373433,
0.00487980,-0.002441,1.357185,
0.00488000,-0.002441,1.373433,
0.00488020,-0.002441,1.373433,
0.00488040,-0.002441,1.373433,
0.00488060,0.000000,1.373433,
0.00488080,0.000000,1.373433,
0.00488100,0.000000,1.373433,
0.00488120,-0.002441,1.373433,
0.00488140,-0.002441,1.357185,
0.00488160,0.000000,1.357185,
0.00488180,-0.002441,1.357185,
0.00488200,0.000000,1.373433,
0.00488220,0.000000,1.373433,
0.00488240,0.000000,1.373433,
0.00488260,-0.002441,1.357185,
0.00488280,-0.002441,1.373433,
0.00488300,0.000000,1.357185,
0.00488320,0.000000,1.373433,
0.00488340,-0.002441,1.357185,
0.00488360,0.000000,1.357185,
0.00488380,-0.002441,1.357185,
0.00488400,0.000000,1.373433,
0.00488420,-0.002441,1.357185,
0.00488440,-0.002441,1.373433,
0.00488460,0.000000,1.373433,
0.00488480,-0.002441,1.373433,
0.00488500,-0.002441,1.357185,
0.00488520,0.000000,1.357185,
0.00488540,0.000000,1.357185,
0.00488560,0.000000,1.357185,
0.00488580,0.000000,1.357185,
0.00488600,0.000000,1.357185,
0.00488620,0.000000,1.357185,
0.00488640,-0.002441,1.357185,
0.00488660,-0.002441,1.373433,
0.00488680,-0.002441,1.373433,
0.00488700,0.000000,1.357185,
0.00488720,0.000000,1.357185,
0.00488740,0.000000,1.357185,
0.00488760,0.000000,1.373433,
0.00488780,-0.002441,1.357185,
0.00488800,-0.002441,1.357185,
0.00488820,-0.002441,1.357185,
0.00488840,0.000000,1.357185,
0.00488860,0.000000,1.340938,
0.00488880,-0.002441,1.357185,
0.00488900,-0.002441,1.357185,
0.00488920,0.000000,1.357185,
0.00488940,-0.002441,1.373433,
0.00488960,-0.002441,1.373433,
0.00488980,-0.002441,1.357185,
0.00489000,-0.004883,1.357185,
0.00489020,0.000000,1.357185,
0.00489040,0.000000,1.357185,
0.00489060,-0.002441,1.357185,
0.00489080,-0.002441,1.373433,
0.00489100,0.000000,1.373433,
0.00489120,-0.002441,1.373433,
0.00489140,-0.002441,1.357185,
0.00489160,-0.002441,1.357185,
0.00489180,0.000000,1.357185,
0.00489200,-0.002441,1.357185,
0.00489220,0.000000,1.373433,
0.00489240,-0.002441,1.373433,
0.00489260,-0.002441,1.357185,
0.00489280,0.000000,1.357185,
0.00489300,-0.002441,1.373433,
0.00489320,-0.002441,1.373433,
0.00489340,-0.002441,1.373433,
0.00489360,-0.002441,1.373433,
0.00489380,-0.002441,1.340938,
0.00489400,-0.002441,1.340938,
0.00489420,0.000000,1.357185,
0.00489440,-0.002441,1.357185,
0.00489460,0.000000,1.357185,
0.00489480,-0.002441,1.373433,
0.00489500,-0.002441,1.373433,
0.00489520,0.000000,1.373433,
0.00489540,-0.002441,1.373433,
0.00489560,0.000000,1.357185,
0.00489580,0.000000,1.357185,
0.00489600,-0.002441,1.357185,
0.00489620,0.000000,1.340938,
0.00489640,0.000000,1.357185,
0.00489660,-0.002441,1.373433,
0.00489680,0.000000,1.373433,
0.00489700,-0.002441,1.357185,
0.00489720,0.004883,1.373433,
0.00489740,0.000000,1.373433,
0.00489760,-0.002441,1.357185,
0.00489780,-0.002441,1.340938,
0.00489800,0.000000,1.357185,
0.00489820,-0.002441,1.357185,
0.00489840,0.000000,1.373433,
0.00489860,0.000000,1.357185,
0.00489880,0.002441,1.373433,
0.00489900,0.000000,1.357185,
0.00489920,-0.002441,1.357185,
0.00489940,-0.002441,1.357185,
0.00489960,-0.002441,1.373433,
0.00489980,0.000000,1.373433,
0.00490000,0.000000,1.373433,
0.00490020,0.000000,1.373433,
0.00490040,0.000000,1.357185,
0.00490060,0.000000,1.373433,
0.00490080,0.000000,1.357185,
0.00490100,-0.002441,1.357185,
0.00490120,-0.002441,1.357185,
0.00490140,0.000000,1.357185,
0.00490160,0.000000,1.357185,
0.00490180,-0.002441,1.357185,
0.00490200,-0.002441,1.357185,
0.00490220,0.000000,1.373433,
0.00490240,-0.002441,1.357185,
0.00490260,-0.002441,1.357185,
0.00490280,-0.002441,1.357185,
0.00490300,0.000000,1.373433,
0.00490320,-0.002441,1.373433,
0.00490340,-0.002441,1.357185,
0.00490360,-0.002441,1.357185,
0.00490380,0.000000,1.357185,
0.00490400,-0.002441,1.357185,
0.00490420,-0.002441,1.357185,
0.00490440,-0.002441,1.357185,
0.00490460,-0.002441,1.373433,
0.00490480,0.000000,1.357185,
0.00490500,-0.002441,1.357185,
0.00490520,0.000000,1.340938,
0.00490540,-0.002441,1.357185,
0.00490560,0.000000,1.357185,
0.00490580,-0.002441,1.357185,
0.00490600,0.000000,1.373433,
0.00490620,0.000000,1.373433,
0.00490640,0.000000,1.357185,
0.00490660,-0.002441,1.340938,
0.00490680,0.000000,1.357185,
0.00490700,-0.002441,1.357185,
0.00490720,-0.002441,1.357185,
0.00490740,-0.002441,1.357185,
0.00490760,0.000000,1.357185,
0.00490780,0.000000,1.357185,
0.00490800,-0.002441,1.357185,
0.00490820,0.000000,1.357185,
0.00490840,-0.002441,1.357185,
0.00490860,-0.002441,1.357185,
0.00490880,-0.002441,1.340938,
0.00490900,-0.002441,1.340938,
0.00490920,0.000000,1.357185,
0.00490940,0.000000,1.357185,
0.00490960,0.000000,1.373433,
0.00490980,-0.002441,1.357185,
0.00491000,-0.002441,1.357185,
0.00491020,0.000000,1.357185,
0.00491040,-0.002441,1.340938,
0.00491060,-0.002441,1.340938,
0.00491080,-0.004883,1.340938,
0.00491100,-0.002441,1.340938,
0.00491120,0.000000,1.340938,
0.00491140,0.000000,1.357185,
0.00491160,-0.004883,1.357185,
0.00491180,0.000000,1.389680,
0.00491200,-0.002441,1.373433,
0.00491220,-0.002441,1.357185,
0.00491240,-0.002441,1.324690,
0.00491260,0.000000,1.340938,
0.00491280,0.000000,1.324690,
0.00491300,-0.002441,1.324690,
0.00491320,0.000000,1.340938,
0.00491340,0.000000,1.340938,
0.00491360,-0.002441,1.340938,
0.00491380,-0.002441,1.357185,
0.00491400,0.000000,1.357185,
0.00491420,0.000000,1.357185,
0.00491440,0.000000,1.357185,
0.00491460,-0.002441,1.340938,
0.00491480,-0.002441,1.340938,
0.00491500,0.000000,1.340938,
0.00491520,-0.002441,1.340938,
0.00491540,-0.004883,1.324690,
0.00491560,-0.002441,1.340938,
0.00491580,0.000000,1.357185,
0.00491600,0.000000,1.357185,
0.00491620,-0.002441,1.340938,
0.00491640,-0.002441,1.340938,
0.00491660,0.000000,1.340938,
0.00491680,0.000000,1.340938,
0.00491700,0.000000,1.340938,
0.00491720,0.000000,1.324690,
0.00491740,-0.002441,1.340938,
0.00491760,-0.002441,1.340938,
0.00491780,0.000000,1.324690,
0.00491800,0.000000,1.340938,
0.00491820,0.000000,1.340938,
0.00491840,-0.002441,1.340938,
0.00491860,-0.002441,1.324690,
0.00491880,-0.002441,1.324690,
0.00491900,0.000000,1.340938,
0.00491920,-0.002441,1.340938,
0.00491940,0.000000,1.340938,
0.00491960,-0.002441,1.324690,
0.00491980,0.000000,1.340938,
0.00492000,0.000000,1.324690,
0.00492020,-0.002441,1.340938,
0.00492040,-0.002441,1.340938,
0.00492060,0.000000,1.324690,
0.00492080,-0.002441,1.324690,
0.00492100,0.000000,1.324690,
0.00492120,0.000000,1.324690,
0.00492140,0.000000,1.340938,
0.00492160,-0.002441,1.324690,
0.00492180,-0.002441,1.308443,
0.00492200,0.002441,1.340938,
0.00492220,-0.002441,1.340938,
0.00492240,-0.002441,1.340938,
0.00492260,0.000000,1.340938,
0.00492280,-0.002441,1.324690,
0.00492300,0.000000,1.324690,
0.00492320,0.000000,1.324690,
0.00492340,-0.002441,1.324690,
0.00492360,-0.002441,1.324690,
0.00492380,-0.002441,1.324690,
0.00492400,0.000000,1.324690,
0.00492420,-0.002441,1.324690,
0.00492440,-0.002441,1.308443,
0.00492460,-0.002441,1.324690,
0.00492480,0.000000,1.324690,
0.00492500,-0.002441,1.308443,
0.00492520,-0.002441,1.308443,
0.00492540,0.000000,1.324690,
0.00492560,0.000000,1.340938,
0.00492580,0.000000,1.324690,
0.00492600,-0.002441,1.308443,
0.00492620,-0.002441,1.324690,
0.00492640,-0.002441,1.324690,
0.00492660,-0.002441,1.324690,
0.00492680,-0.002441,1.324690,
0.00492700,-0.002441,1.324690,
0.00492720,-0.002441,1.324690,
0.00492740,-0.002441,1.324690,
0.00492760,0.000000,1.324690,
0.00492780,0.000000,1.324690,
0.00492800,0.000000,1.324690,
0.00492820,-0.002441,1.324690,
0.00492840,0.000000,1.308443,
0.00492860,0.000000,1.324690,
0.00492880,0.000000,1.324690,
0.00492900,0.000000,1.324690,
0.00492920,-0.002441,1.292195,
0.00492940,0.000000,1.308443,
0.00492960,0.000000,1.308443,
0.00492980,-0.002441,1.324690,
0.00493000,-0.002441,1.340938,
0.00493020,-0.002441,1.324690,
0.00493040,0.000000,1.324690,
0.00493060,0.000000,1.324690,
0.00493080,0.000000,1.308443,
0.00493100,0.002441,1.308443,
0.00493120,-0.002441,1.308443,
0.00493140,-0.002441,1.308443,
0.00493160,0.000000,1.324690,
0.00493180,-0.002441,1.324690,
0.00493200,-0.002441,1.324690,
0.00493220,0.000000,1.324690,
0.00493240,0.000000,1.340938,
0.00493260,-0.002441,1.324690,
0.00493280,-0.002441,1.324690,
0.00493300,0.000000,1.308443,
0.00493320,-0.002441,1.308443,
0.00493340,-0.002441,1.324690,
0.00493360,0.000000,1.324690,
0.00493380,0.000000,1.340938,
0.00493400,0.000000,1.340938,
0.00493420,-0.002441,1.324690,
0.00493440,0.000000,1.324690,
0.00493460,-0.002441,1.308443,
0.00493480,-0.002441,1.308443,
0.00493500,-0.002441,1.324690,
0.00493520,-0.002441,1.324690,
0.00493540,0.000000,1.324690,
0.00493560,0.000000,1.324690,
0.00493580,-0.002441,1.340938,
0.00493600,0.000000,1.324690,
0.00493620,-0.002441,1.308443,
0.00493640,-0.002441,1.308443,
0.00493660,0.000000,1.324690,
0.00493680,-0.002441,1.324690,
0.00493700,0.000000,1.324690,
0.00493720,-0.002441,1.324690,
0.00493740,0.000000,1.324690,
0.00493760,-0.002441,1.324690,
0.00493780,-0.002441,1.324690,
0.00493800,-0.002441,1.308443,
0.00493820,-0.002441,1.324690,
0.00493840,-0.002441,1.308443,
0.00493860,0.000000,1.308443,
0.00493880,0.000000,1.308443,
0.00493900,-0.002441,1.324690,
0.00493920,-0.002441,1.324690,
0.00493940,-0.002441,1.324690,
0.00493960,-0.002441,1.308443,
0.00493980,0.000000,1.324690,
0.00494000,-0.002441,1.324690,
0.00494020,-0.002441,1.324690,
0.00494040,-0.002441,1.324690,
0.00494060,0.000000,1.308443,
0.00494080,-0.002441,1.308443,
0.00494100,-0.002441,1.308443,
0.00494120,-0.002441,1.308443,
0.00494140,-0.002441,1.324690,
0.00494160,0.000000,1.308443,
0.00494180,-0.002441,1.308443,
0.00494200,0.000000,1.324690,
0.00494220,-0.002441,1.324690,
0.00494240,0.000000,1.324690,
0.00494260,-0.002441,1.308443,
0.00494280,0.000000,1.308443,
0.00494300,0.000000,1.324690,
0.00494320,0.000000,1.324690,
0.00494340,0.000000,1.324690,
0.00494360,-0.002441,1.324690,
0.00494380,-0.002441,1.308443,
0.00494400,-0.002441,1.308443,
0.00494420,-0.002441,1.308443,
0.00494440,-0.002441,1.308443,
0.00494460,0.000000,1.324690,
0.00494480,-0.002441,1.308443,
0.00494500,0.000000,1.308443,
0.00494520,0.000000,1.308443,
0.00494540,-0.002441,1.308443,
0.00494560,-0.002441,1.308443,
0.00494580,-0.002441,1.308443,
0.00494600,-0.002441,1.292195,
0.00494620,0.000000,1.308443,
0.00494640,0.000000,1.324690,
0.00494660,-0.002441,1.324690,
0.00494680,-0.002441,1.340938,
0.00494700,0.000000,1.340938,
0.00494720,-0.002441,1.324690,
0.00494740,-0.002441,1.308443,
0.00494760,-0.002441,1.292195,
0.00494780,0.000000,1.292195,
0.00494800,0.000000,1.292195,
0.00494820,0.000000,1.308443,
0.00494840,-0.002441,1.308443,
0.00494860,0.000000,1.324690,
0.00494880,-0.002441,1.324690,
0.00494900,-0.002441,1.324690,
0.00494920,-0.002441,1.308443,
0.00494940,-0.002441,1.292195,
0.00494960,0.000000,1.308443,
0.00494980,-0.002441,1.308443,
0.00495000,-0.002441,1.308443,
0.00495020,0.000000,1.308443,
0.00495040,0.000000,1.308443,
0.00495060,0.000000,1.308443,
0.00495080,-0.002441,1.308443,
0.00495100,0.000000,1.308443,
0.00495120,-0.002441,1.308443,
0.00495140,0.000000,1.308443,
0.00495160,0.000000,1.292195,
0.00495180,-0.002441,1.308443,
0.00495200,0.000000,1.292195,
0.00495220,0.000000,1.308443,
0.00495240,0.000000,1.308443,
0.00495260,0.000000,1.308443,
0.00495280,0.000000,1.308443,
0.00495300,0.000000,1.308443,
0.00495320,-0.002441,1.308443,
0.00495340,-0.002441,1.292195,
0.00495360,0.000000,1.292195,
0.00495380,-0.002441,1.292195,
0.00495400,0.000000,1.308443,
0.00495420,0.000000,1.308443,
0.00495440,-0.002441,1.308443,
0.00495460,0.000000,1.308443,
0.00495480,0.000000,1.308443,
0.00495500,0.000000,1.292195,
0.00495520,0.000000,1.308443,
0.00495540,-0.002441,1.292195,
0.00495560,-0.002441,1.275947,
0.00495580,-0.002441,1.292195,
0.00495600,-0.002441,1.308443,
0.00495620,-0.002441,1.292195,
0.00495640,0.000000,1.308443,
0.00495660,0.000000,1.292195,
0.00495680,0.000000,1.292195,
0.00495700,-0.002441,1.292195,
0.00495720,-0.002441,1.292195,
0.00495740,-0.002441,1.292195,
0.00495760,0.000000,1.292195,
0.00495780,-0.002441,1.292195,
0.00495800,-0.002441,1.292195,
0.00495820,0.002441,1.308443,
0.00495840,-0.002441,1.292195,
0.00495860,0.000000,1.292195,
0.00495880,-0.002441,1.275947,
0.00495900,0.000000,1.292195,
0.00495920,0.000000,1.292195,
0.00495940,0.000000,1.292195,
0.00495960,-0.002441,1.292195,
0.00495980,0.002441,1.292195,
0.00496000,0.000000,1.292195,
0.00496020,-0.002441,1.292195,
0.00496040,-0.002441,1.292195,
0.00496060,-0.002441,1.275947,
0.00496080,0.000000,1.292195,
0.00496100,-0.002441,1.292195,
0.00496120,-0.002441,1.292195,
0.00496140,-0.002441,1.292195,
0.00496160,0.000000,1.292195,
0.00496180,-0.002441,1.275947,
0.00496200,-0.002441,1.275947,
0.00496220,-0.002441,1.308443,
0.00496240,0.000000,1.308443,
0.00496260,-0.002441,1.308443,
0.00496280,-0.002441,1.292195,
0.00496300,-0.002441,1.275947,
0.00496320,0.000000,1.292195,
0.00496340,-0.002441,1.292195,
0.00496360,-0.002441,1.292195,
0.00496380,0.000000,1.292195,
0.00496400,-0.002441,1.275947,
0.00496420,0.000000,1.275947,
0.00496440,-0.002441,1.275947,
0.00496460,0.000000,1.275947,
0.00496480,0.000000,1.292195,
0.00496500,-0.002441,1.292195,
0.00496520,-0.002441,1.308443,
0.00496540,-0.002441,1.308443,
0.00496560,0.000000,1.292195,
0.00496580,0.000000,1.292195,
0.00496600,-0.002441,1.292195,
0.00496620,0.000000,1.275947,
0.00496640,-0.002441,1.275947,
0.00496660,-0.002441,1.275947,
0.00496680,-0.002441,1.275947,
0.00496700,0.000000,1.292195,
0.00496720,-0.002441,1.292195,
0.00496740,0.000000,1.292195,
0.00496760,-0.002441,1.292195,
0.00496780,-0.002441,1.275947,
0.00496800,0.000000,1.275947,
0.00496820,0.000000,1.292195,
0.00496840,-0.002441,1.275947,
0.00496860,-0.002441,1.292195,
0.00496880,0.000000,1.292195,
0.00496900,0.000000,1.292195,
0.00496920,-0.002441,1.275947,
0.00496940,-0.002441,1.292195,
0.00496960,0.000000,1.292195,
0.00496980,0.000000,1.275947,
0.00497000,-0.002441,1.275947,
0.00497020,-0.002441,1.292195,
0.00497040,-0.002441,1.308443,
0.00497060,0.000000,1.292195,
0.00497080,0.000000,1.292195,
0.00497100,-0.002441,1.292195,
0.00497120,0.000000,1.275947,
0.00497140,0.000000,1.275947,
0.00497160,-0.002441,1.292195,
0.00497180,-0.002441,1.292195,
0.00497200,0.000000,1.292195,
0.00497220,0.002441,1.292195,
0.00497240,0.000000,1.275947,
0.00497260,-0.004883,1.275947,
0.00497280,0.000000,1.308443,
0.00497300,-0.002441,1.292195,
0.00497320,-0.002441,1.275947,
0.00497340,0.000000,1.292195,
0.00497360,-0.002441,1.292195,
0.00497380,0.000000,1.292195,
0.00497400,-0.002441,1.292195,
0.00497420,0.000000,1.292195,
0.00497440,0.000000,1.275947,
0.00497460,-0.002441,1.275947,
0.00497480,-0.002441,1.275947,
0.00497500,0.000000,1.292195,
0.00497520,-0.002441,1.292195,
0.00497540,0.000000,1.308443,
0.00497560,-0.002441,1.292195,
0.00497580,0.000000,1.292195,
0.00497600,0.000000,1.275947,
0.00497620,0.000000,1.275947,
0.00497640,-0.002441,1.275947,
0.00497660,-0.002441,1.292195,
0.00497680,0.000000,1.292195,
0.00497700,0.000000,1.275947,
0.00497720,-0.002441,1.275947,
0.00497740,-0.002441,1.292195,
0.00497760,0.000000,1.292195,
0.00497780,-0.002441,1.275947,
0.00497800,-0.002441,1.292195,
0.00497820,-0.002441,1.292195,
0.00497840,-0.002441,1.275947,
0.00497860,0.000000,1.292195,
0.00497880,0.000000,1.275947,
0.00497900,0.000000,1.292195,
0.00497920,0.000000,1.292195,
0.00497940,0.000000,1.275947,
0.00497960,0.000000,1.275947,
0.00497980,-0.002441,1.275947,
0.00498000,0.000000,1.292195,
0.00498020,0.000000,1.292195,
0.00498040,-0.002441,1.275947,
0.00498060,0.000000,1.292195,
0.00498080,0.000000,1.292195,
0.00498100,0.000000,1.275947,
0.00498120,-0.002441,1.275947,
0.00498140,0.000000,1.259700,
0.00498160,0.000000,1.292195,
0.00498180,0.000000,1.324690,
0.00498200,0.000000,1.324690,
0.00498220,0.002441,1.308443,
0.00498240,-0.002441,1.292195,
0.00498260,-0.002441,1.259700,
0.00498280,-0.002441,1.259700,
0.00498300,-0.002441,1.259700,
0.00498320,0.000000,1.275947,
0.00498340,0.000000,1.275947,
0.00498360,0.000000,1.292195,
0.00498380,-0.002441,1.308443,
0.00498400,0.000000,1.308443,
0.00498420,0.000000,1.292195,
0.00498440,-0.002441,1.275947,
0.00498460,-0.002441,1.292195,
0.00498480,0.000000,1.275947,
0.00498500,-0.002441,1.275947,
0.00498520,0.000000,1.292195,
0.00498540,-0.002441,1.292195,
0.00498560,-0.002441,1.275947,
0.00498580,-0.002441,1.275947,
0.00498600,-0.002441,1.275947,
0.00498620,0.000000,1.292195,
0.00498640,0.000000,1.292195,
0.00498660,0.000000,1.275947,
0.00498680,-0.002441,1.275947,
0.00498700,-0.002441,1.292195,
0.00498720,0.000000,1.292195,
0.00498740,-0.004883,1.292195,
0.00498760,-0.002441,1.292195,
0.00498780,-0.002441,1.275947,
0.00498800,0.000000,1.275947,
0.00498820,-0.002441,1.275947,
0.00498840,-0.002441,1.292195,
0.00498860,-0.002441,1.275947,
0.00498880,0.000000,1.292195,
0.00498900,-0.002441,1.275947,
0.00498920,-0.002441,1.275947,
0.00498940,0.000000,1.292195,
0.00498960,-0.002441,1.292195,
0.00498980,-0.002441,1.292195,
0.00499000,-0.002441,1.275947,
0.00499020,0.000000,1.275947,
0.00499040,0.000000,1.275947,
0.00499060,-0.002441,1.292195,
0.00499080,0.000000,1.292195,
0.00499100,-0.002441,1.275947,
0.00499120,0.000000,1.292195,
0.00499140,0.000000,1.292195,
0.00499160,-0.002441,1.292195,
0.00499180,-0.002441,1.275947,
0.00499200,-0.002441,1.292195,
0.00499220,0.000000,1.292195,
0.00499240,0.000000,1.292195,
0.00499260,-0.002441,1.292195,
0.00499280,-0.002441,1.275947,
0.00499300,-0.002441,1.275947,
0.00499320,0.000000,1.292195,
0.00499340,-0.002441,1.292195,
0.00499360,-0.002441,1.292195,
0.00499380,-0.002441,1.292195,
0.00499400,0.000000,1.292195,
0.00499420,-0.002441,1.292195,
0.00499440,-0.002441,1.275947,
0.00499460,0.000000,1.292195,
0.00499480,0.000000,1.275947,
0.00499500,0.000000,1.275947,
0.00499520,-0.002441,1.275947,
0.00499540,0.000000,1.292195,
0.00499560,0.000000,1.292195,
0.00499580,0.000000,1.275947,
0.00499600,0.000000,1.275947,
0.00499620,0.000000,1.292195,
0.00499640,-0.002441,1.292195,
0.00499660,0.000000,1.275947,
0.00499680,-0.002441,1.292195,
0.00499700,0.000000,1.275947,
0.00499720,-0.002441,1.275947,
0.00499740,-0.002441,1.292195,
0.00499760,-0.002441,1.292195,
0.00499780,-0.002441,1.292195,
0.00499800,-0.002441,1.292195,
0.00499820,-0.002441,1.292195,
0.00499840,0.000000,1.292195,
0.00499860,-0.002441,1.292195,
0.00499880,-0.002441,1.292195,
0.00499900,-0.002441,1.275947,
0.00499920,0.000000,1.292195,
0.00499940,0.000000,1.275947,
0.00499960,0.000000,1.275947,
0.00499980,-0.002441,1.292195,
0.00500000,-0.002441,1.308443,
0.00500020,0.000000,1.292195,
0.00500040,-0.002441,1.292195,
0.00500060,-0.002441,1.275947,
0.00500080,-0.002441,1.292195,
0.00500100,0.000000,1.292195,
0.00500120,-0.002441,1.275947,
0.00500140,0.000000,1.275947,
0.00500160,-0.002441,1.275947,
0.00500180,0.000000,1.275947,
0.00500200,-0.002441,1.292195,
0.00500220,-0.002441,1.292195,
0.00500240,-0.002441,1.292195,
0.00500260,0.000000,1.292195,
0.00500280,-0.002441,1.292195,
0.00500300,-0.002441,1.292195,
0.00500320,-0.002441,1.292195,
0.00500340,-0.002441,1.292195,
0.00500360,-0.002441,1.275947,
0.00500380,-0.002441,1.275947,
0.00500400,-0.002441,1.292195,
0.00500420,-0.002441,1.292195,
0.00500440,0.000000,1.292195,
0.00500460,-0.002441,1.275947,
0.00500480,0.000000,1.292195,
0.00500500,-0.002441,1.275947,
0.00500520,-0.002441,1.292195,
0.00500540,-0.002441,1.275947,
0.00500560,-0.002441,1.292195,
0.00500580,0.000000,1.292195,
0.00500600,0.000000,1.275947,
0.00500620,0.000000,1.275947,
0.00500640,0.000000,1.292195,
0.00500660,-0.002441,1.275947,
0.00500680,0.000000,1.308443,
0.00500700,0.000000,1.292195,
0.00500720,-0.002441,1.292195,
0.00500740,-0.002441,1.292195,
0.00500760,-0.002441,1.292195,
0.00500780,0.000000,1.275947,
0.00500800,0.000000,1.292195,
0.00500820,0.000000,1.292195,
0.00500840,0.000000,1.292195,
0.00500860,-0.002441,1.292195,
0.00500880,-0.002441,1.292195,
0.00500900,0.000000,1.275947,
0.00500920,0.000000,1.308443,
0.00500940,0.000000,1.292195,
0.00500960,-0.002441,1.292195,
0.00500980,-0.002441,1.292195,
0.00501000,-0.002441,1.292195,
0.00501020,-0.002441,1.292195,
0.00501040,0.000000,1.292195,
0.00501060,0.000000,1.292195,
0.00501080,0.000000,1.292195,
0.00501100,-0.002441,1.292195,
0.00501120,-0.002441,1.292195,
0.00501140,0.000000,1.292195,
0.00501160,0.000000,1.292195,
0.00501180,-0.002441,1.292195,
0.00501200,-0.002441,1.292195,
0.00501220,0.000000,1.292195,
0.00501240,0.000000,1.292195,
0.00501260,0.000000,1.292195,
0.00501280,-0.002441,1.275947,
0.00501300,0.000000,1.292195,
0.00501320,-0.002441,1.292195,
0.00501340,-0.002441,1.292195,
0.00501360,-0.002441,1.292195,
0.00501380,0.000000,1.292195,
0.00501400,0.000000,1.292195,
0.00501420,-0.002441,1.292195,
0.00501440,0.000000,1.292195,
0.00501460,-0.002441,1.308443,
0.00501480,-0.002441,1.292195,
0.00501500,-0.002441,1.292195,
0.00501520,0.000000,1.292195,
0.00501540,-0.002441,1.292195,
0.00501560,-0.002441,1.308443,
0.00501580,0.000000,1.292195,
0.00501600,0.002441,1.275947,
0.00501620,-0.002441,1.275947,
0.00501640,-0.002441,1.275947,
0.00501660,-0.004883,1.292195,
0.00501680,0.000000,1.308443,
0.00501700,-0.002441,1.308443,
0.00501720,-0.002441,1.324690,
0.00501740,0.000000,1.324690,
0.00501760,0.002441,1.324690,
0.00501780,0.000000,1.292195,
0.00501800,0.000000,1.275947,
0.00501820,-0.002441,1.275947,
0.00501840,0.000000,1.292195,
0.00501860,0.000000,1.292195,
0.00501880,-0.002441,1.308443,
0.00501900,-0.002441,1.308443,
0.00501920,0.000000,1.308443,
0.00501940,-0.002441,1.292195,
0.00501960,-0.002441,1.308443,
0.00501980,-0.004883,1.292195,
0.00502000,-0.002441,1.292195,
0.00502020,0.000000,1.308443,
0.00502040,0.000000,1.308443,
0.00502060,-0.002441,1.308443,
0.00502080,-0.002441,1.308443,
0.00502100,0.000000,1.308443,
0.00502120,0.000000,1.308443,
0.00502140,-0.002441,1.292195,
0.00502160,0.000000,1.292195,
0.00502180,0.000000,1.308443,
0.00502200,-0.002441,1.308443,
0.00502220,-0.002441,1.308443,
0.00502240,-0.004883,1.292195,
0.00502260,0.000000,1.308443,
0.00502280,-0.002441,1.292195,
0.00502300,-0.002441,1.292195,
0.00502320,-0.002441,1.292195,
0.00502340,0.000000,1.308443,
0.00502360,-0.002441,1.308443,
0.00502380,0.000000,1.308443,
0.00502400,0.000000,1.292195,
0.00502420,0.000000,1.308443,
0.00502440,0.000000,1.308443,
0.00502460,-0.002441,1.308443,
0.00502480,-0.002441,1.308443,
0.00502500,-0.002441,1.308443,
0.00502520,-0.002441,1.308443,
0.00502540,-0.002441,1.308443,
0.00502560,0.000000,1.308443,
0.00502580,0.000000,1.308443,
0.00502600,-0.002441,1.292195,
0.00502620,-0.002441,1.292195,
0.00502640,0.000000,1.308443,
0.00502660,-0.002441,1.308443,
0.00502680,-0.002441,1.308443,
0.00502700,0.000000,1.308443,
0.00502720,0.000000,1.308443,
0.00502740,-0.002441,1.308443,
0.00502760,-0.002441,1.308443,
0.00502780,-0.002441,1.308443,
0.00502800,0.000000,1.308443,
0.00502820,0.000000,1.308443,
0.00502840,0.000000,1.308443,
0.00502860,-0.002441,1.324690,
0.00502880,-0.002441,1.308443,
0.00502900,0.000000,1.324690,
0.00502920,-0.002441,1.308443,
0.00502940,-0.002441,1.308443,
0.00502960,-0.002441,1.308443,
0.00502980,-0.002441,1.308443,
0.00503000,0.000000,1.308443,
0.00503020,-0.002441,1.308443,
0.00503040,-0.004883,1.292195,
0.00503060,-0.002441,1.324690,
0.00503080,-0.002441,1.324690,
0.00503100,-0.002441,1.308443,
0.00503120,-0.002441,1.308443,
0.00503140,-0.002441,1.308443,
0.00503160,0.000000,1.308443,
0.00503180,-0.002441,1.308443,
0.00503200,-0.002441,1.308443,
0.00503220,0.000000,1.324690,
0.00503240,0.000000,1.308443,
0.00503260,-0.002441,1.308443,
0.00503280,-0.002441,1.308443,
0.00503300,0.000000,1.324690,
0.00503320,0.000000,1.324690,
0.00503340,-0.002441,1.324690,
0.00503360,-0.002441,1.308443,
0.00503380,0.000000,1.308443,
0.00503400,-0.002441,1.292195,
0.00503420,-0.002441,1.308443,
0.00503440,-0.002441,1.292195,
0.00503460,-0.002441,1.308443,
0.00503480,0.000000,1.308443,
0.00503500,-0.002441,1.308443,
0.00503520,-0.002441,1.324690,
0.00503540,-0.002441,1.340938,
0.00503560,0.000000,1.324690,
0.00503580,0.000000,1.324690,
0.00503600,-0.002441,1.308443,
0.00503620,0.000000,1.308443,
0.00503640,0.000000,1.308443,
0.00503660,0.000000,1.308443,
0.00503680,-0.002441,1.308443,
0.00503700,0.000000,1.324690,
0.00503720,-0.002441,1.324690,
0.00503740,-0.002441,1.324690,
0.00503760,-0.002441,1.324690,
0.00503780,0.000000,1.324690,
0.00503800,0.000000,1.324690,
0.00503820,-0.002441,1.324690,
0.00503840,0.000000,1.308443,
0.00503860,0.002441,1.324690,
0.00503880,-0.002441,1.308443,
0.00503900,-0.002441,1.324690,
0.00503920,0.000000,1.324690,
0.00503940,-0.002441,1.324690,
0.00503960,0.000000,1.340938,
0.00503980,0.000000,1.324690,
0.00504000,-0.002441,1.324690,
0.00504020,-0.002441,1.324690,
0.00504040,-0.002441,1.324690,
0.00504060,-0.002441,1.308443,
0.00504080,-0.002441,1.324690,
0.00504100,0.000000,1.340938,
0.00504120,-0.002441,1.324690,
0.00504140,0.000000,1.324690,
0.00504160,-0.002441,1.324690,
0.00504180,0.000000,1.324690,
0.00504200,-0.002441,1.324690,
0.00504220,-0.002441,1.308443,
0.00504240,-0.002441,1.324690,
0.00504260,0.000000,1.324690,
0.00504280,0.000000,1.308443,
0.00504300,-0.002441,1.324690,
0.00504320,-0.002441,1.324690,
0.00504340,0.000000,1.324690,
0.00504360,0.000000,1.308443,
0.00504380,-0.002441,1.308443,
0.00504400,-0.002441,1.308443,
0.00504420,-0.002441,1.324690,
0.00504440,0.000000,1.324690,
0.00504460,-0.002441,1.324690,
0.00504480,-0.002441,1.324690,
0.00504500,-0.002441,1.324690,
0.00504520,0.000000,1.324690,
0.00504540,-0.002441,1.324690,
0.00504560,-0.002441,1.308443,
0.00504580,0.000000,1.324690,
0.00504600,-0.002441,1.324690,
0.00504620,-0.002441,1.324690,
0.00504640,0.000000,1.324690,
0.00504660,0.000000,1.324690,
0.00504680,-0.002441,1.324690,
0.00504700,-0.002441,1.324690,
0.00504720,0.000000,1.324690,
0.00504740,0.000000,1.324690,
0.00504760,0.000000,1.324690,
0.00504780,-0.002441,1.324690,
0.00504800,0.000000,1.308443,
0.00504820,0.000000,1.324690,
0.00504840,0.000000,1.324690,
0.00504860,0.000000,1.340938,
0.00504880,-0.002441,1.324690,
0.00504900,0.000000,1.324690,
0.00504920,0.000000,1.324690,
0.00504940,-0.002441,1.324690,
0.00504960,-0.002441,1.324690,
0.00504980,0.000000,1.308443,
0.00505000,0.000000,1.324690,
0.00505020,-0.002441,1.324690,
0.00505040,-0.002441,1.308443,
0.00505060,-0.002441,1.324690,
0.00505080,0.000000,1.324690,
0.00505100,-0.002441,1.324690,
0.00505120,0.002441,1.308443,
0.00505140,-0.002441,1.308443,
0.00505160,0.000000,1.324690,
0.00505180,0.000000,1.340938,
0.00505200,0.000000,1.340938,
0.00505220,0.000000,1.340938,
0.00505240,0.000000,1.340938,
0.00505260,-0.002441,1.324690,
0.00505280,-0.002441,1.324690,
0.00505300,0.000000,1.324690,
0.00505320,-0.002441,1.308443,
0.00505340,-0.002441,1.308443,
0.00505360,-0.002441,1.324690,
0.00505380,-0.002441,1.324690,
0.00505400,-0.002441,1.340938,
0.00505420,0.000000,1.357185,
0.00505440,0.000000,1.340938,
0.00505460,-0.002441,1.324690,
0.00505480,0.000000,1.324690,
0.00505500,0.000000,1.324690,
0.00505520,-0.002441,1.340938,
0.00505540,-0.002441,1.340938,
0.00505560,0.000000,1.340938,
0.00505580,0.000000,1.340938,
0.00505600,-0.002441,1.340938,
0.00505620,0.000000,1.340938,
0.00505640,0.000000,1.340938,
0.00505660,-0.002441,1.324690,
0.00505680,0.000000,1.324690,
0.00505700,0.000000,1.340938,
0.00505720,0.000000,1.340938,
0.00505740,0.000000,1.357185,
0.00505760,0.000000,1.340938,
0.00505780,0.002441,1.340938,
0.00505800,0.000000,1.324690,
0.00505820,-0.002441,1.340938,
0.00505840,-0.002441,1.324690,
0.00505860,0.000000,1.340938,
0.00505880,0.000000,1.340938,
0.00505900,-0.002441,1.340938,
0.00505920,0.000000,1.340938,
0.00505940,0.000000,1.340938,
0.00505960,-0.002441,1.340938,
0.00505980,-0.002441,1.340938,
0.00506000,-0.002441,1.324690,
0.00506020,-0.002441,1.324690,
0.00506040,0.000000,1.340938,
0.00506060,0.000000,1.340938,
0.00506080,0.000000,1.340938,
0.00506100,-0.002441,1.340938,
0.00506120,-0.002441,1.340938,
0.00506140,-0.002441,1.340938,
0.00506160,-0.002441,1.340938,
0.00506180,0.000000,1.357185,
0.00506200,0.000000,1.340938,
0.00506220,-0.002441,1.340938,
0.00506240,-0.002441,1.357185,
0.00506260,-0.002441,1.357185,
0.00506280,-0.002441,1.340938,
0.00506300,0.000000,1.340938,
0.00506320,0.000000,1.340938,
0.00506340,0.000000,1.340938,
0.00506360,0.000000,1.357185,
0.00506380,-0.002441,1.357185,
0.00506400,0.000000,1.340938,
0.00506420,0.000000,1.340938,
0.00506440,0.000000,1.357185,
0.00506460,-0.002441,1.340938,
0.00506480,-0.002441,1.357185,
0.00506500,-0.002441,1.357185,
0.00506520,-0.002441,1.357185,
0.00506540,0.000000,1.340938,
0.00506560,-0.002441,1.340938,
0.00506580,0.000000,1.357185,
0.00506600,-0.002441,1.357185,
0.00506620,0.000000,1.340938,
0.00506640,-0.002441,1.340938,
0.00506660,0.000000,1.373433,
0.00506680,-0.002441,1.357185,
0.00506700,0.000000,1.357185,
0.00506720,-0.002441,1.357185,
0.00506740,-0.002441,1.357185,
0.00506760,-0.002441,1.357185,
0.00506780,-0.002441,1.357185,
0.00506800,-0.002441,1.357185,
0.00506820,-0.002441,1.340938,
0.00506840,-0.002441,1.357185,
0.00506860,-0.002441,1.373433,
0.00506880,-0.002441,1.357185,
0.00506900,-0.002441,1.373433,
0.00506920,-0.002441,1.357185,
0.00506940,-0.002441,1.340938,
0.00506960,-0.002441,1.340938,
0.00506980,0.000000,1.340938,
0.00507000,0.000000,1.357185,
0.00507020,-0.002441,1.357185,
0.00507040,-0.002441,1.373433,
0.00507060,-0.002441,1.373433,
0.00507080,0.000000,1.373433,
0.00507100,-0.002441,1.357185,
0.00507120,-0.004883,1.340938,
0.00507140,-0.002441,1.340938,
0.00507160,0.000000,1.340938,
0.00507180,-0.002441,1.357185,
0.00507200,-0.002441,1.357185,
0.00507220,0.000000,1.357185,
0.00507240,0.000000,1.357185,
0.00507260,-0.002441,1.373433,
0.00507280,-0.002441,1.373433,
0.00507300,0.000000,1.373433,
0.00507320,0.000000,1.373433,
0.00507340,0.000000,1.373433,
0.00507360,0.000000,1.340938,
0.00507380,0.002441,1.357185,
0.00507400,0.000000,1.357185,
0.00507420,-0.002441,1.373433,
0.00507440,-0.002441,1.357185,
0.00507460,-0.002441,1.373433,
0.00507480,0.000000,1.357185,
0.00507500,0.000000,1.357185,
0.00507520,-0.002441,1.373433,
0.00507540,0.002441,1.373433,
0.00507560,-0.002441,1.357185,
0.00507580,-0.002441,1.357185,
0.00507600,-0.002441,1.357185,
0.00507620,-0.002441,1.357185,
0.00507640,-0.002441,1.357185,
0.00507660,-0.002441,1.357185,
0.00507680,-0.002441,1.357185,
0.00507700,0.002441,1.373433,
0.00507720,0.000000,1.357185,
0.00507740,-0.002441,1.357185,
0.00507760,-0.002441,1.357185,
0.00507780,-0.002441,1.357185,
0.00507800,0.000000,1.357185,
0.00507820,0.000000,1.357185,
0.00507840,-0.002441,1.373433,
0.00507860,0.000000,1.373433,
0.00507880,0.000000,1.357185,
0.00507900,-0.002441,1.357185,
0.00507920,-0.002441,1.357185,
0.00507940,0.000000,1.357185,
0.00507960,0.000000,1.373433,
0.00507980,0.000000,1.357185,
0.00508000,0.000000,1.357185,
0.00508020,0.000000,1.357185,
0.00508040,0.000000,1.373433,
0.00508060,-0.002441,1.373433,
0.00508080,-0.002441,1.357185,
0.00508100,-0.002441,1.357185,
0.00508120,0.000000,1.357185,
0.00508140,0.000000,1.373433,
0.00508160,0.000000,1.357185,
0.00508180,-0.002441,1.357185,
0.00508200,0.000000,1.373433,
0.00508220,-0.002441,1.373433,
0.00508240,-0.002441,1.357185,
0.00508260,-0.002441,1.357185,
0.00508280,0.000000,1.357185,
0.00508300,0.000000,1.373433,
0.00508320,-0.002441,1.357185,
0.00508340,0.000000,1.357185,
0.00508360,-0.002441,1.357185,
0.00508380,-0.002441,1.357185,
0.00508400,-0.002441,1.357185,
0.00508420,-0.002441,1.357185,
0.00508440,0.000000,1.357185,
0.00508460,0.000000,1.373433,
0.00508480,-0.002441,1.373433,
0.00508500,-0.002441,1.357185,
0.00508520,0.000000,1.373433,
0.00508540,-0.002441,1.357185,
0.00508560,0.000000,1.373433,
0.00508580,-0.002441,1.357185,
0.00508600,0.000000,1.357185,
0.00508620,-0.002441,1.357185,
0.00508640,-0.002441,1.357185,
0.00508660,-0.002441,1.357185,
0.00508680,0.000000,1.373433,
0.00508700,-0.002441,1.373433,
0.00508720,-0.002441,1.389680,
0.00508740,-0.002441,1.389680,
0.00508760,0.000000,1.373433,
0.00508780,0.000000,1.357185,
0.00508800,0.000000,1.340938,
0.00508820,-0.004883,1.357185,
0.00508840,0.000000,1.357185,
0.00508860,-0.002441,1.357185,
0.00508880,-0.002441,1.357185,
0.00508900,-0.002441,1.357185,
0.00508920,0.000000,1.373433,
0.00508940,-0.002441,1.373433,
0.00508960,-0.002441,1.373433,
0.00508980,-0.004883,1.357185,
0.00509000,0.000000,1.373433,
0.00509020,0.000000,1.357185,
0.00509040,-0.002441,1.357185,
0.00509060,-0.002441,1.357185,
0.00509080,-0.002441,1.373433,
0.00509100,0.000000,1.373433,
0.00509120,0.000000,1.373433,
0.00509140,0.000000,1.373433,
0.00509160,-0.002441,1.373433,
0.00509180,0.000000,1.373433,
0.00509200,-0.002441,1.357185,
0.00509220,0.000000,1.357185,
0.00509240,-0.002441,1.373433,
0.00509260,0.000000,1.373433,
0.00509280,-0.002441,1.373433,
0.00509300,-0.002441,1.373433,
0.00509320,-0.002441,1.373433,
0.00509340,0.000000,1.357185,
0.00509360,0.000000,1.357185,
0.00509380,-0.002441,1.357185,
0.00509400,-0.002441,1.373433,
0.00509420,0.000000,1.373433,
0.00509440,0.000000,1.373433,
0.00509460,0.000000,1.357185,
0.00509480,0.000000,1.373433,
0.00509500,0.000000,1.373433,
0.00509520,-0.002441,1.373433,
0.00509540,-0.002441,1.357185,
0.00509560,0.000000,1.357185,
0.00509580,0.000000,1.373433,
0.00509600,0.000000,1.373433,
0.00509620,0.000000,1.389680,
0.00509640,0.000000,1.389680,
0.00509660,0.000000,1.373433,
0.00509680,-0.002441,1.357185,
0.00509700,0.000000,1.373433,
0.00509720,0.000000,1.373433,
0.00509740,-0.002441,1.389680,
0.00509760,0.000000,1.389680,
0.00509780,-0.002441,1.389680,
0.00509800,-0.002441,1.389680,
0.00509820,0.000000,1.373433,
0.00509840,-0.002441,1.357185,
0.00509860,-0.002441,1.373433,
0.00509880,0.000000,1.389680,
0.00509900,0.000000,1.373433,
0.00509920,0.000000,1.373433,
0.00509940,0.000000,1.357185,
0.00509960,0.000000,1.373433,
0.00509980,0.000000,1.373433,
0.00510000,-0.002441,1.373433,
0.00510020,-0.002441,1.373433,
0.00510040,0.000000,1.389680,
0.00510060,-0.002441,1.373433,
0.00510080,0.000000,1.373433,
0.00510100,0.000000,1.373433,
0.00510120,-0.002441,1.373433,
0.00510140,-0.002441,1.373433,
0.00510160,0.000000,1.389680,
0.00510180,-0.002441,1.373433,
0.00510200,-0.002441,1.373433,
0.00510220,0.000000,1.389680,
0.00510240,0.000000,1.373433,
0.00510260,-0.002441,1.373433,
0.00510280,0.000000,1.389680,
0.00510300,-0.002441,1.389680,
0.00510320,-0.002441,1.373433,
0.00510340,-0.002441,1.389680,
0.00510360,-0.002441,1.373433,
0.00510380,0.000000,1.405928,
0.00510400,0.000000,1.405928,
0.00510420,-0.002441,1.389680,
0.00510440,0.000000,1.373433,
0.00510460,-0.002441,1.357185,
0.00510480,-0.002441,1.357185,
0.00510500,0.000000,1.357185,
0.00510520,0.000000,1.373433,
0.00510540,0.000000,1.389680,
0.00510560,-0.002441,1.405928,
0.00510580,0.000000,1.405928,
0.00510600,-0.002441,1.389680,
0.00510620,0.000000,1.389680,
0.00510640,-0.002441,1.373433,
0.00510660,-0.002441,1.373433,
0.00510680,0.000000,1.357185,
0.00510700,0.000000,1.373433,
0.00510720,0.000000,1.389680,
0.00510740,0.000000,1.389680,
0.00510760,0.000000,1.389680,
0.00510780,0.000000,1.389680,
0.00510800,-0.002441,1.389680,
0.00510820,-0.002441,1.389680,
0.00510840,-0.002441,1.389680,
0.00510860,-0.002441,1.389680,
0.00510880,0.002441,1.389680,
0.00510900,-0.002441,1.373433,
0.00510920,0.000000,1.389680,
0.00510940,0.000000,1.389680,
0.00510960,-0.002441,1.389680,
0.00510980,-0.002441,1.373433,
0.00511000,0.000000,1.389680,
0.00511020,0.000000,1.389680,
0.00511040,-0.002441,1.389680,
0.00511060,0.000000,1.389680,
0.00511080,-0.002441,1.389680,
0.00511100,-0.002441,1.389680,
0.00511120,-0.002441,1.389680,
0.00511140,-0.002441,1.389680,
0.00511160,-0.004883,1.405928,
0.00511180,0.000000,1.405928,
0.00511200,0.000000,1.389680,
0.00511220,-0.002441,1.373433,
0.00511240,-0.002441,1.389680,
0.00511260,-0.002441,1.373433,
0.00511280,-0.002441,1.389680,
0.00511300,-0.002441,1.373433,
0.00511320,0.000000,1.389680,
0.00511340,0.000000,1.405928,
0.00511360,-0.002441,1.389680,
0.00511380,-0.002441,1.373433,
0.00511400,0.000000,1.389680,
0.00511420,-0.002441,1.389680,
0.00511440,-0.002441,1.389680,
0.00511460,-0.002441,1.389680,
0.00511480,-0.002441,1.373433,
0.00511500,-0.002441,1.389680,
0.00511520,-0.002441,1.405928,
0.00511540,-0.002441,1.389680,
0.00511560,0.000000,1.405928,
0.00511580,-0.002441,1.389680,
0.00511600,0.000000,1.389680,
0.00511620,-0.002441,1.373433,
0.00511640,0.000000,1.389680,
0.00511660,0.000000,1.389680,
0.00511680,0.000000,1.389680,
0.00511700,-0.002441,1.389680,
0.00511720,0.000000,1.389680,
0.00511740,0.000000,1.405928,
0.00511760,-0.002441,1.389680,
0.00511780,-0.002441,1.373433,
0.00511800,0.000000,1.389680,
0.00511820,0.000000,1.389680,
0.00511840,0.000000,1.389680,
0.00511860,-0.002441,1.373433,
0.00511880,-0.002441,1.389680,
0.00511900,-0.002441,1.373433,
0.00511920,0.000000,1.373433,
0.00511940,-0.002441,1.373433,
0.00511960,0.000000,1.389680,
0.00511980,-0.002441,1.389680,
0.00512000,0.000000,1.373433,
0.00512020,0.000000,1.389680,
0.00512040,-0.002441,1.373433,
0.00512060,-0.002441,1.373433,
0.00512080,0.000000,1.389680,
0.00512100,-0.002441,1.373433,
0.00512120,-0.002441,1.389680,
0.00512140,0.000000,1.373433,
0.00512160,-0.002441,1.373433,
0.00512180,-0.002441,1.373433,
0.00512200,0.000000,1.389680,
0.00512220,-0.004883,1.389680,
0.00512240,0.000000,1.389680,
0.00512260,-0.002441,1.389680,
0.00512280,0.000000,1.389680,
0.00512300,-0.002441,1.373433,
0.00512320,-0.002441,1.373433,
0.00512340,0.000000,1.373433,
0.00512360,0.000000,1.389680,
0.00512380,-0.002441,1.389680,
0.00512400,0.000000,1.389680,
0.00512420,-0.002441,1.389680,
0.00512440,0.000000,1.389680,
0.00512460,-0.002441,1.389680,
0.00512480,0.000000,1.389680,
0.00512500,-0.002441,1.389680,
0.00512520,-0.002441,1.373433,
0.00512540,0.000000,1.373433,
0.00512560,-0.002441,1.389680,
0.00512580,-0.002441,1.373433,
0.00512600,-0.002441,1.373433,
0.00512620,0.000000,1.389680,
0.00512640,-0.002441,1.389680,
0.00512660,0.000000,1.373433,
0.00512680,-0.002441,1.373433,
0.00512700,-0.002441,1.373433,
0.00512720,-0.002441,1.389680,
0.00512740,0.000000,1.389680,
0.00512760,-0.002441,1.389680,
0.00512780,0.000000,1.389680,
0.00512800,0.000000,1.373433,
0.00512820,0.000000,1.373433,
0.00512840,-0.002441,1.373433,
0.00512860,0.000000,1.373433,
0.00512880,0.000000,1.373433,
0.00512900,-0.002441,1.373433,
0.00512920,-0.002441,1.389680,
0.00512940,0.000000,1.389680,
0.00512960,0.000000,1.373433,
0.00512980,-0.002441,1.389680,
0.00513000,0.000000,1.389680,
0.00513020,-0.002441,1.373433,
0.00513040,0.000000,1.373433,
0.00513060,-0.002441,1.357185,
0.00513080,0.000000,1.373433,
0.00513100,0.000000,1.373433,
0.00513120,0.002441,1.373433,
0.00513140,-0.002441,1.373433,
0.00513160,0.002441,1.389680,
0.00513180,-0.002441,1.389680,
0.00513200,-0.002441,1.373433,
0.00513220,-0.002441,1.373433,
0.00513240,-0.002441,1.357185,
0.00513260,0.000000,1.373433,
0.00513280,0.000000,1.389680,
0.00513300,0.000000,1.389680,
0.00513320,0.002441,1.389680,
0.00513340,-0.002441,1.373433,
0.00513360,-0.002441,1.373433,
0.00513380,-0.002441,1.373433,
0.00513400,0.000000,1.389680,
0.00513420,-0.002441,1.389680,
0.00513440,0.000000,1.389680,
0.00513460,-0.002441,1.373433,
0.00513480,0.000000,1.373433,
0.00513500,0.000000,1.373433,
0.00513520,-0.002441,1.373433,
0.00513540,-0.002441,1.373433,
0.00513560,0.000000,1.373433,
0.00513580,0.000000,1.373433,
0.00513600,-0.002441,1.373433,
0.00513620,-0.002441,1.373433,
0.00513640,-0.002441,1.373433,
0.00513660,0.000000,1.373433,
0.00513680,-0.002441,1.389680,
0.00513700,-0.002441,1.389680,
0.00513720,-0.002441,1.373433,
0.00513740,0.000000,1.389680,
0.00513760,0.000000,1.389680,
0.00513780,0.000000,1.389680,
0.00513800,-0.002441,1.373433,
0.00513820,0.000000,1.389680,
0.00513840,0.000000,1.373433,
0.00513860,-0.002441,1.373433,
0.00513880,-0.002441,1.389680,
0.00513900,0.000000,1.389680,
0.00513920,0.000000,1.389680,
0.00513940,-0.002441,1.373433,
0.00513960,-0.002441,1.373433,
0.00513980,-0.002441,1.357185,
0.00514000,-0.002441,1.357185,
0.00514020,-0.002441,1.373433,
0.00514040,-0.002441,1.373433,
0.00514060,-0.002441,1.389680,
0.00514080,0.000000,1.389680,
0.00514100,-0.002441,1.389680,
0.00514120,0.000000,1.389680,
0.00514140,-0.002441,1.373433,
0.00514160,-0.002441,1.357185,
0.00514180,0.000000,1.357185,
0.00514200,-0.002441,1.373433,
0.00514220,0.000000,1.389680,
0.00514240,0.000000,1.389680,
0.00514260,0.000000,1.389680,
0.00514280,-0.002441,1.389680,
0.00514300,0.000000,1.405928,
0.00514320,-0.002441,1.389680,
0.00514340,-0.002441,1.373433,
0.00514360,-0.002441,1.373433,
0.00514380,0.000000,1.373433,
0.00514400,0.000000,1.373433,
0.00514420,0.000000,1.389680,
0.00514440,-0.002441,1.405928,
0.00514460,0.000000,1.389680,
0.00514480,-0.002441,1.389680,
0.00514500,-0.002441,1.373433,
0.00514520,-0.002441,1.357185,
0.00514540,-0.002441,1.373433,
0.00514560,0.000000,1.389680,
0.00514580,-0.002441,1.373433,
0.00514600,-0.004883,1.373433,
0.00514620,0.000000,1.389680,
0.00514640,0.000000,1.373433,
0.00514660,-0.002441,1.373433,
0.00514680,-0.002441,1.373433,
0.00514700,0.000000,1.373433,
0.00514720,0.000000,1.389680,
0.00514740,-0.002441,1.373433,
0.00514760,0.000000,1.389680,
0.00514780,0.000000,1.389680,
0.00514800,-0.002441,1.373433,
0.00514820,-0.002441,1.373433,
0.00514840,-0.002441,1.373433,
0.00514860,-0.002441,1.389680,
0.00514880,-0.002441,1.389680,
0.00514900,-0.002441,1.389680,
0.00514920,-0.002441,1.373433,
0.00514940,-0.002441,1.373433,
0.00514960,0.000000,1.389680,
0.00514980,0.000000,1.373433,
0.00515000,-0.002441,1.373433,
0.00515020,-0.002441,1.373433,
0.00515040,0.000000,1.373433,
0.00515060,-0.002441,1.389680,
0.00515080,0.000000,1.373433,
0.00515100,-0.002441,1.373433,
0.00515120,-0.002441,1.389680,
0.00515140,-0.002441,1.389680,
0.00515160,-0.002441,1.373433,
0.00515180,0.002441,1.373433,
0.00515200,0.000000,1.373433,
0.00515220,0.000000,1.357185,
0.00515240,-0.002441,1.373433,
0.00515260,0.000000,1.389680,
0.00515280,-0.002441,1.373433,
0.00515300,-0.002441,1.373433,
0.00515320,-0.002441,1.373433,
0.00515340,0.000000,1.373433,
0.00515360,0.000000,1.373433,
0.00515380,-0.002441,1.357185,
0.00515400,-0.002441,1.373433,
0.00515420,0.002441,1.373433,
0.00515440,-0.002441,1.373433,
0.00515460,-0.002441,1.373433,
0.00515480,-0.002441,1.373433,
0.00515500,0.000000,1.357185,
0.00515520,-0.002441,1.357185,
0.00515540,-0.002441,1.373433,
0.00515560,-0.002441,1.373433,
0.00515580,0.000000,1.373433,
0.00515600,0.000000,1.373433,
0.00515620,-0.002441,1.340938,
0.00515640,-0.002441,1.340938,
0.00515660,0.002441,1.357185,
0.00515680,-0.002441,1.373433,
0.00515700,-0.002441,1.357185,
0.00515720,-0.002441,1.373433,
0.00515740,-0.002441,1.373433,
0.00515760,0.000000,1.389680,
0.00515780,-0.002441,1.373433,
0.00515800,-0.002441,1.357185,
0.00515820,-0.002441,1.357185,
0.00515840,-0.002441,1.340938,
0.00515860,-0.002441,1.340938,
0.00515880,-0.002441,1.357185,
0.00515900,-0.002441,1.357185,
0.00515920,0.000000,1.373433,
0.00515940,-0.002441,1.373433,
0.00515960,-0.002441,1.373433,
0.00515980,-0.002441,1.373433,
0.00516000,0.000000,1.357185,
0.00516020,0.000000,1.357185,
0.00516040,0.000000,1.357185,
0.00516060,0.000000,1.357185,
0.00516080,-0.002441,1.357185,
0.00516100,-0.002441,1.357185,
0.00516120,-0.002441,1.357185,
0.00516140,0.000000,1.373433,
0.00516160,-0.002441,1.357185,
0.00516180,-0.002441,1.357185,
0.00516200,-0.002441,1.357185,
0.00516220,0.000000,1.357185,
0.00516240,0.000000,1.357185,
0.00516260,-0.002441,1.357185,
0.00516280,-0.002441,1.340938,
0.00516300,0.000000,1.357185,
0.00516320,0.000000,1.357185,
0.00516340,-0.002441,1.357185,
0.00516360,-0.002441,1.340938,
0.00516380,0.000000,1.357185,
0.00516400,0.000000,1.340938,
0.00516420,-0.002441,1.340938,
0.00516440,-0.002441,1.340938,
0.00516460,0.000000,1.357185,
0.00516480,0.000000,1.357185,
0.00516500,0.000000,1.357185,
0.00516520,0.002441,1.357185,
0.00516540,-0.002441,1.357185,
0.00516560,0.000000,1.357185,
0.00516580,-0.002441,1.340938,
0.00516600,-0.002441,1.340938,
0.00516620,0.000000,1.340938,
0.00516640,0.000000,1.340938,
0.00516660,-0.002441,1.357185,
0.00516680,0.000000,1.357185,
0.00516700,-0.002441,1.340938,
0.00516720,-0.002441,1.340938,
0.00516740,-0.002441,1.340938,
0.00516760,-0.002441,1.340938,
0.00516780,-0.002441,1.340938,
0.00516800,0.000000,1.357185,
0.00516820,0.000000,1.357185,
0.00516840,0.000000,1.357185,
0.00516860,0.000000,1.357185,
0.00516880,0.000000,1.340938,
0.00516900,-0.002441,1.340938,
0.00516920,-0.002441,1.340938,
0.00516940,-0.002441,1.340938,
0.00516960,0.000000,1.340938,
0.00516980,-0.002441,1.340938,
0.00517000,-0.002441,1.340938,
0.00517020,-0.002441,1.340938,
0.00517040,-0.002441,1.340938,
0.00517060,-0.002441,1.340938,
0.00517080,-0.002441,1.324690,
0.00517100,0.000000,1.340938,
0.00517120,0.000000,1.340938,
0.00517140,-0.002441,1.324690,
0.00517160,-0.002441,1.340938,
0.00517180,0.000000,1.340938,
0.00517200,-0.002441,1.340938,
0.00517220,-0.002441,1.340938,
0.00517240,-0.002441,1.324690,
0.00517260,0.000000,1.324690,
0.00517280,0.000000,1.340938,
0.00517300,-0.002441,1.357185,
0.00517320,-0.002441,1.340938,
0.00517340,-0.002441,1.340938,
0.00517360,0.000000,1.340938,
0.00517380,-0.002441,1.340938,
0.00517400,-0.002441,1.340938,
0.00517420,0.000000,1.357185,
0.00517440,-0.002441,1.340938,
0.00517460,0.000000,1.324690,
0.00517480,0.000000,1.324690,
0.00517500,-0.002441,1.324690,
0.00517520,-0.002441,1.324690,
0.00517540,0.000000,1.340938,
0.00517560,0.000000,1.340938,
0.00517580,-0.002441,1.357185,
0.00517600,-0.002441,1.357185,
0.00517620,0.000000,1.340938,
0.00517640,-0.002441,1.324690,
0.00517660,-0.002441,1.324690,
0.00517680,-0.002441,1.324690,
0.00517700,-0.002441,1.324690,
0.00517720,-0.002441,1.324690,
0.00517740,-0.002441,1.324690,
0.00517760,-0.002441,1.324690,
0.00517780,0.000000,1.340938,
0.00517800,0.000000,1.340938,
0.00517820,0.000000,1.357185,
0.00517840,-0.002441,1.340938,
0.00517860,0.000000,1.340938,
0.00517880,0.000000,1.324690,
0.00517900,0.000000,1.324690,
0.00517920,-0.002441,1.324690,
0.00517940,0.000000,1.324690,
0.00517960,-0.002441,1.324690,
0.00517980,0.000000,1.357185,
0.00518000,-0.002441,1.340938,
0.00518020,-0.002441,1.340938,
0.00518040,-0.002441,1.324690,
0.00518060,0.000000,1.324690,
0.00518080,-0.002441,1.324690,
0.00518100,0.000000,1.340938,
0.00518120,0.000000,1.340938,
0.00518140,-0.002441,1.340938,
0.00518160,-0.002441,1.340938,
0.00518180,-0.002441,1.340938,
0.00518200,-0.002441,1.324690,
0.00518220,-0.002441,1.324690,
0.00518240,-0.002441,1.324690,
0.00518260,0.000000,1.340938,
0.00518280,0.000000,1.340938,
0.00518300,-0.002441,1.340938,
0.00518320,-0.002441,1.340938,
0.00518340,-0.002441,1.324690,
0.00518360,-0.002441,1.324690,
0.00518380,-0.002441,1.308443,
0.00518400,0.000000,1.324690,
0.00518420,-0.002441,1.357185,
0.00518440,0.000000,1.340938,
0.00518460,-0.002441,1.324690,
0.00518480,0.000000,1.324690,
0.00518500,-0.002441,1.324690,
0.00518520,-0.002441,1.340938,
0.00518540,0.000000,1.340938,
0.00518560,-0.002441,1.324690,
0.00518580,-0.002441,1.324690,
0.00518600,-0.002441,1.324690,
0.00518620,0.000000,1.324690,
0.00518640,-0.002441,1.340938,
0.00518660,0.000000,1.340938,
0.00518680,-0.002441,1.324690,
0.00518700,-0.002441,1.324690,
0.00518720,-0.002441,1.340938,
0.00518740,0.000000,1.340938,
0.00518760,-0.002441,1.340938,
0.00518780,0.002441,1.340938,
0.00518800,-0.002441,1.324690,
0.00518820,0.000000,1.324690,
0.00518840,-0.002441,1.324690,
0.00518860,-0.002441,1.340938,
0.00518880,0.000000,1.340938,
0.00518900,0.000000,1.340938,
0.00518920,-0.002441,1.324690,
0.00518940,0.002441,1.340938,
0.00518960,0.000000,1.324690,
0.00518980,-0.002441,1.324690,
0.00519000,-0.002441,1.324690,
0.00519020,-0.002441,1.324690,
0.00519040,0.000000,1.340938,
0.00519060,0.000000,1.324690,
0.00519080,-0.002441,1.324690,
0.00519100,0.002441,1.340938,
0.00519120,0.000000,1.324690,
0.00519140,0.000000,1.324690,
0.00519160,-0.002441,1.308443,
0.00519180,-0.002441,1.308443,
0.00519200,0.000000,1.308443,
0.00519220,-0.002441,1.324690,
0.00519240,-0.002441,1.340938,
0.00519260,-0.002441,1.340938,
0.00519280,0.000000,1.340938,
0.00519300,-0.002441,1.324690,
0.00519320,-0.002441,1.324690,
0.00519340,-0.004883,1.308443,
0.00519360,0.000000,1.308443,
0.00519380,-0.002441,1.308443,
0.00519400,0.000000,1.308443,
0.00519420,0.000000,1.324690,
0.00519440,-0.002441,1.340938,
0.00519460,0.000000,1.324690,
0.00519480,-0.002441,1.324690,
0.00519500,-0.002441,1.308443,
0.00519520,-0.002441,1.324690,
0.00519540,0.000000,1.308443,
0.00519560,0.000000,1.308443,
0.00519580,0.000000,1.324690,
0.00519600,-0.002441,1.324690,
0.00519620,-0.002441,1.308443,
0.00519640,-0.002441,1.308443,
0.00519660,-0.002441,1.308443,
0.00519680,-0.002441,1.324690,
0.00519700,-0.002441,1.308443,
0.00519720,0.000000,1.308443,
0.00519740,-0.002441,1.324690,
0.00519760,0.000000,1.324690,
0.00519780,-0.002441,1.324690,
0.00519800,-0.002441,1.308443,
0.00519820,0.000000,1.308443,
0.00519840,-0.002441,1.308443,
0.00519860,-0.002441,1.308443,
0.00519880,-0.002441,1.324690,
0.00519900,0.000000,1.324690,
0.00519920,-0.002441,1.308443,
0.00519940,-0.002441,1.308443,
0.00519960,-0.004883,1.308443,
0.00519980,0.000000,1.308443,
0.00520000,-0.002441,1.308443,
0.00520020,-0.002441,1.308443,
0.00520040,0.000000,1.308443,
0.00520060,-0.004883,1.308443,
0.00520080,-0.002441,1.308443,
0.00520100,-0.002441,1.308443,
0.00520120,-0.002441,1.292195,
0.00520140,-0.002441,1.292195,
0.00520160,0.000000,1.308443,
0.00520180,0.000000,1.308443,
0.00520200,0.000000,1.308443,
0.00520220,-0.002441,1.308443,
0.00520240,0.000000,1.308443,
0.00520260,-0.002441,1.292195,
0.00520280,-0.002441,1.292195,
0.00520300,-0.002441,1.308443,
0.00520320,0.000000,1.308443,
0.00520340,0.002441,1.308443,
0.00520360,-0.002441,1.292195,
0.00520380,0.000000,1.308443,
0.00520400,0.000000,1.308443,
0.00520420,0.000000,1.292195,
0.00520440,-0.002441,1.292195,
0.00520460,0.000000,1.308443,
0.00520480,0.000000,1.308443,
0.00520500,0.000000,1.308443,
0.00520520,-0.002441,1.292195,
0.00520540,-0.002441,1.275947,
0.00520560,0.000000,1.292195,
0.00520580,0.000000,1.292195,
0.00520600,-0.002441,1.292195,
0.00520620,-0.002441,1.292195,
0.00520640,0.000000,1.308443,
0.00520660,0.000000,1.308443,
0.00520680,-0.002441,1.308443,
0.00520700,0.000000,1.308443,
0.00520720,0.000000,1.292195,
0.00520740,0.000000,1.292195,
0.00520760,-0.002441,1.292195,
0.00520780,-0.002441,1.292195,
0.00520800,0.000000,1.292195,
0.00520820,-0.002441,1.292195,
0.00520840,0.000000,1.308443,
0.00520860,-0.002441,1.308443,
0.00520880,0.000000,1.308443,
0.00520900,0.000000,1.292195,
0.00520920,-0.002441,1.275947,
0.00520940,0.000000,1.275947,
0.00520960,0.002441,1.292195,
0.00520980,0.000000,1.292195,
0.00521000,-0.002441,1.292195,
0.00521020,0.000000,1.275947,
0.00521040,0.000000,1.292195,
0.00521060,0.000000,1.308443,
0.00521080,-0.002441,1.308443,
0.00521100,-0.002441,1.292195,
0.00521120,0.000000,1.292195,
0.00521140,0.000000,1.308443,
0.00521160,0.000000,1.292195,
0.00521180,-0.002441,1.292195,
0.00521200,-0.002441,1.275947,
0.00521220,-0.002441,1.275947,
0.00521240,-0.002441,1.275947,
0.00521260,-0.002441,1.292195,
0.00521280,-0.002441,1.308443,
0.00521300,-0.002441,1.292195,
0.00521320,0.000000,1.308443,
0.00521340,-0.002441,1.292195,
0.00521360,-0.002441,1.292195,
0.00521380,0.000000,1.275947,
0.00521400,-0.002441,1.275947,
0.00521420,0.000000,1.292195,
0.00521440,0.000000,1.308443,
0.00521460,-0.002441,1.292195,
0.00521480,-0.002441,1.292195,
0.00521500,0.000000,1.292195,
0.00521520,0.000000,1.292195,
0.00521540,-0.002441,1.292195,
0.00521560,-0.002441,1.275947,
0.00521580,-0.002441,1.275947,
0.00521600,0.000000,1.292195,
0.00521620,-0.002441,1.292195,
0.00521640,-0.002441,1.292195,
0.00521660,0.000000,1.275947,
0.00521680,0.000000,1.275947,
0.00521700,-0.002441,1.292195,
0.00521720,-0.002441,1.292195,
0.00521740,0.000000,1.292195,
0.00521760,0.000000,1.292195,
0.00521780,-0.002441,1.292195,
0.00521800,0.000000,1.292195,
0.00521820,0.000000,1.275947,
0.00521840,0.002441,1.292195,
0.00521860,-0.002441,1.292195,
0.00521880,0.000000,1.292195,
0.00521900,-0.002441,1.292195,
0.00521920,0.000000,1.292195,
0.00521940,0.000000,1.292195,
0.00521960,-0.002441,1.292195,
0.00521980,0.000000,1.292195,
0.00522000,0.000000,1.292195,
0.00522020,-0.002441,1.292195,
0.00522040,-0.002441,1.292195,
0.00522060,-0.002441,1.292195,
0.00522080,0.000000,1.292195,
0.00522100,-0.002441,1.275947,
0.00522120,-0.002441,1.275947,
0.00522140,0.000000,1.292195,
0.00522160,0.000000,1.292195,
0.00522180,0.000000,1.292195,
0.00522200,-0.004883,1.275947,
0.00522220,-0.002441,1.292195,
0.00522240,-0.002441,1.292195,
0.00522260,-0.002441,1.292195,
0.00522280,-0.002441,1.292195,
0.00522300,-0.002441,1.292195,
0.00522320,-0.002441,1.292195,
0.00522340,-0.002441,1.292195,
0.00522360,0.000000,1.275947,
0.00522380,-0.002441,1.275947,
0.00522400,0.000000,1.275947,
0.00522420,0.000000,1.308443,
0.00522440,0.000000,1.292195,
0.00522460,-0.002441,1.292195,
0.00522480,-0.002441,1.275947,
0.00522500,0.000000,1.275947,
0.00522520,-0.002441,1.292195,
0.00522540,0.000000,1.308443,
0.00522560,-0.002441,1.292195,
0.00522580,0.000000,1.275947,
0.00522600,0.000000,1.292195,
0.00522620,0.000000,1.292195,
0.00522640,-0.002441,1.292195,
0.00522660,0.000000,1.275947,
0.00522680,-0.002441,1.259700,
0.00522700,0.000000,1.275947,
0.00522720,-0.002441,1.275947,
0.00522740,0.000000,1.308443,
0.00522760,0.000000,1.324690,
0.00522780,-0.002441,1.308443,
0.00522800,0.000000,1.308443,
0.00522820,0.000000,1.275947,
0.00522840,-0.002441,1.275947,
0.00522860,-0.002441,1.275947,
0.00522880,0.000000,1.275947,
0.00522900,0.000000,1.275947,
0.00522920,-0.002441,1.292195,
0.00522940,-0.002441,1.292195,
0.00522960,0.000000,1.324690,
0.00522980,-0.002441,1.308443,
0.00523000,-0.002441,1.292195,
0.00523020,-0.002441,1.275947,
0.00523040,0.000000,1.292195,
0.00523060,0.000000,1.275947,
0.00523080,0.000000,1.275947,
0.00523100,0.000000,1.275947,
0.00523120,-0.002441,1.292195,
0.00523140,-0.002441,1.292195,
0.00523160,0.000000,1.292195,
0.00523180,-0.002441,1.275947,
0.00523200,0.000000,1.292195,
0.00523220,0.000000,1.275947,
0.00523240,-0.002441,1.275947,
0.00523260,0.000000,1.292195,
0.00523280,0.000000,1.292195,
0.00523300,-0.002441,1.292195,
0.00523320,-0.002441,1.292195,
0.00523340,-0.002441,1.275947,
0.00523360,0.000000,1.275947,
0.00523380,-0.002441,1.275947,
0.00523400,0.000000,1.292195,
0.00523420,-0.002441,1.275947,
0.00523440,0.000000,1.275947,
0.00523460,-0.002441,1.259700,
0.00523480,0.000000,1.275947,
0.00523500,-0.002441,1.275947,
0.00523520,0.000000,1.292195,
0.00523540,0.000000,1.292195,
0.00523560,-0.002441,1.275947,
0.00523580,-0.002441,1.275947,
0.00523600,0.000000,1.292195,
0.00523620,-0.002441,1.275947,
0.00523640,-0.002441,1.259700,
0.00523660,-0.002441,1.259700,
0.00523680,-0.002441,1.259700,
0.00523700,0.000000,1.275947,
0.00523720,-0.002441,1.275947,
0.00523740,0.000000,1.275947,
0.00523760,-0.002441,1.275947,
0.00523780,-0.002441,1.275947,
0.00523800,-0.002441,1.275947,
0.00523820,0.000000,1.259700,
0.00523840,0.000000,1.275947,
0.00523860,0.000000,1.292195,
0.00523880,0.000000,1.292195,
0.00523900,-0.002441,1.275947,
0.00523920,0.000000,1.275947,
0.00523940,0.000000,1.275947,
0.00523960,-0.002441,1.275947,
0.00523980,-0.002441,1.275947,
0.00524000,0.000000,1.275947,
0.00524020,0.000000,1.275947,
0.00524040,0.000000,1.292195,
0.00524060,-0.002441,1.275947,
0.00524080,-0.002441,1.259700,
0.00524100,0.000000,1.259700,
0.00524120,-0.002441,1.259700,
0.00524140,-0.002441,1.259700,
0.00524160,0.000000,1.259700,
0.00524180,0.000000,1.275947,
0.00524200,0.000000,1.292195,
0.00524220,-0.002441,1.275947,
0.00524240,0.002441,1.275947,
0.00524260,-0.002441,1.259700,
0.00524280,-0.002441,1.259700,
0.00524300,-0.002441,1.259700,
0.00524320,0.000000,1.259700,
0.00524340,0.000000,1.275947,
0.00524360,0.000000,1.275947,
0.00524380,-0.002441,1.275947,
0.00524400,0.004883,1.275947,
0.00524420,-0.002441,1.259700,
0.00524440,-0.002441,1.259700,
0.00524460,-0.002441,1.259700,
0.00524480,-0.002441,1.259700,
0.00524500,0.000000,1.275947,
0.00524520,0.000000,1.259700,
0.00524540,0.000000,1.259700,
0.00524560,0.000000,1.259700,
0.00524580,0.000000,1.259700,
0.00524600,0.000000,1.275947,
0.00524620,-0.002441,1.292195,
0.00524640,-0.004883,1.275947,
0.00524660,0.000000,1.292195,
0.00524680,0.000000,1.259700,
0.00524700,-0.002441,1.243452,
0.00524720,0.000000,1.243452,
0.00524740,0.000000,1.259700,
0.00524760,0.000000,1.259700,
0.00524780,0.000000,1.275947,
0.00524800,0.000000,1.292195,
0.00524820,0.000000,1.292195,
0.00524840,-0.002441,1.259700,
0.00524860,-0.002441,1.259700,
0.00524880,-0.004883,1.259700,
0.00524900,0.000000,1.275947,
0.00524920,-0.002441,1.259700,
0.00524940,-0.002441,1.259700,
0.00524960,-0.002441,1.275947,
0.00524980,-0.002441,1.275947,
0.00525000,0.000000,1.259700,
0.00525020,0.000000,1.259700,
0.00525040,-0.002441,1.259700,
0.00525060,-0.002441,1.259700,
0.00525080,-0.002441,1.259700,
0.00525100,-0.002441,1.259700,
0.00525120,-0.002441,1.292195,
0.00525140,-0.002441,1.259700,
0.00525160,-0.002441,1.259700,
0.00525180,0.000000,1.259700,
0.00525200,0.002441,1.275947,
0.00525220,-0.002441,1.275947,
0.00525240,-0.002441,1.259700,
0.00525260,0.000000,1.259700,
0.00525280,-0.002441,1.259700,
0.00525300,-0.002441,1.275947,
0.00525320,-0.002441,1.275947,
0.00525340,-0.002441,1.259700,
0.00525360,0.000000,1.275947,
0.00525380,-0.002441,1.275947,
0.00525400,-0.002441,1.259700,
0.00525420,0.000000,1.259700,
0.00525440,0.000000,1.275947,
0.00525460,0.000000,1.275947,
0.00525480,0.000000,1.275947,
0.00525500,0.000000,1.259700,
0.00525520,-0.002441,1.259700,
0.00525540,-0.002441,1.275947,
0.00525560,-0.002441,1.259700,
0.00525580,0.000000,1.259700,
0.00525600,-0.002441,1.275947,
0.00525620,-0.002441,1.259700,
0.00525640,0.002441,1.292195,
0.00525660,-0.002441,1.275947,
0.00525680,-0.004883,1.259700,
0.00525700,-0.002441,1.275947,
0.00525720,0.000000,1.259700,
0.00525740,-0.002441,1.275947,
0.00525760,-0.002441,1.275947,
0.00525780,-0.002441,1.275947,
0.00525800,0.000000,1.259700,
0.00525820,-0.002441,1.259700,
0.00525840,0.000000,1.259700,
0.00525860,-0.002441,1.275947,
0.00525880,0.000000,1.275947,
0.00525900,-0.002441,1.259700,
0.00525920,0.000000,1.259700,
0.00525940,0.000000,1.275947,
0.00525960,0.000000,1.275947,
0.00525980,0.000000,1.275947,
0.00526000,-0.002441,1.259700,
0.00526020,0.000000,1.259700,
0.00526040,-0.002441,1.259700,
0.00526060,-0.002441,1.259700,
0.00526080,0.000000,1.292195,
0.00526100,0.000000,1.292195,
0.00526120,0.000000,1.292195,
0.00526140,0.000000,1.275947,
0.00526160,-0.002441,1.259700,
0.00526180,0.000000,1.243452,
0.00526200,-0.002441,1.243452,
0.00526220,-0.002441,1.259700,
0.00526240,-0.002441,1.275947,
0.00526260,0.000000,1.292195,
0.00526280,0.000000,1.308443,
0.00526300,0.000000,1.292195,
0.00526320,-0.002441,1.275947,
0.00526340,0.000000,1.275947,
0.00526360,-0.002441,1.243452,
0.00526380,-0.002441,1.243452,
0.00526400,-0.002441,1.259700,
0.00526420,0.000000,1.259700,
0.00526440,0.000000,1.275947,
0.00526460,-0.002441,1.275947,
0.00526480,-0.002441,1.259700,
0.00526500,0.000000,1.292195,
0.00526520,-0.002441,1.275947,
0.00526540,-0.002441,1.275947,
0.00526560,-0.002441,1.259700,
0.00526580,-0.002441,1.259700,
0.00526600,-0.002441,1.259700,
0.00526620,-0.002441,1.292195,
0.00526640,-0.002441,1.275947,
0.00526660,0.000000,1.275947,
0.00526680,0.000000,1.275947,
0.00526700,0.000000,1.259700,
0.00526720,-0.002441,1.259700,
0.00526740,-0.002441,1.275947,
0.00526760,0.000000,1.275947,
0.00526780,0.000000,1.275947,
0.00526800,-0.002441,1.259700,
0.00526820,0.000000,1.275947,
0.00526840,0.000000,1.275947,
0.00526860,0.000000,1.275947,
0.00526880,-0.002441,1.275947,
0.00526900,0.000000,1.259700,
0.00526920,0.000000,1.259700,
0.00526940,0.000000,1.259700,
0.00526960,0.000000,1.259700,
0.00526980,0.000000,1.275947,
0.00527000,0.000000,1.275947,
0.00527020,-0.002441,1.259700,
0.00527040,-0.002441,1.275947,
0.00527060,-0.002441,1.275947,
0.00527080,0.000000,1.275947,
0.00527100,0.000000,1.275947,
0.00527120,-0.002441,1.275947,
0.00527140,-0.002441,1.275947,
0.00527160,-0.002441,1.259700,
0.00527180,-0.002441,1.259700,
0.00527200,-0.002441,1.259700,
0.00527220,0.000000,1.275947,
0.00527240,-0.002441,1.275947,
0.00527260,-0.002441,1.275947,
0.00527280,0.000000,1.275947,
0.00527300,0.000000,1.275947,
0.00527320,-0.002441,1.275947,
0.00527340,0.000000,1.275947,
0.00527360,0.000000,1.259700,
0.00527380,0.000000,1.275947,
0.00527400,0.000000,1.259700,
0.00527420,0.000000,1.275947,
0.00527440,0.000000,1.275947,
0.00527460,0.000000,1.275947,
0.00527480,0.000000,1.275947,
0.00527500,-0.002441,1.259700,
0.00527520,-0.002441,1.259700,
0.00527540,-0.002441,1.275947,
0.00527560,0.000000,1.275947,
0.00527580,-0.002441,1.275947,
0.00527600,0.000000,1.275947,
0.00527620,-0.002441,1.259700,
0.00527640,0.000000,1.275947,
0.00527660,-0.002441,1.275947,
0.00527680,0.000000,1.275947,
0.00527700,-0.002441,1.275947,
0.00527720,-0.002441,1.259700,
0.00527740,-0.002441,1.259700,
0.00527760,-0.002441,1.259700,
0.00527780,0.000000,1.275947,
0.00527800,-0.002441,1.275947,
0.00527820,-0.002441,1.275947,
0.00527840,0.000000,1.292195,
0.00527860,0.000000,1.292195,
0.00527880,0.000000,1.275947,
0.00527900,0.000000,1.275947,
0.00527920,-0.002441,1.275947,
0.00527940,0.000000,1.275947,
0.00527960,0.000000,1.259700,
0.00527980,0.000000,1.259700,
0.00528000,-0.002441,1.259700,
0.00528020,-0.002441,1.259700,
0.00528040,0.000000,1.259700,
0.00528060,-0.002441,1.275947,
0.00528080,-0.002441,1.275947,
0.00528100,0.000000,1.292195,
0.00528120,0.000000,1.292195,
0.00528140,0.000000,1.275947,
0.00528160,-0.002441,1.259700,
0.00528180,0.000000,1.259700,
0.00528200,-0.002441,1.259700,
0.00528220,-0.002441,1.259700,
0.00528240,-0.002441,1.259700,
0.00528260,0.000000,1.275947,
0.00528280,-0.002441,1.275947,
0.00528300,0.000000,1.275947,
0.00528320,-0.004883,1.275947,
0.00528340,0.000000,1.275947,
0.00528360,-0.002441,1.259700,
0.00528380,0.000000,1.275947,
0.00528400,-0.002441,1.275947,
0.00528420,0.000000,1.292195,
0.00528440,0.000000,1.275947,
0.00528460,0.000000,1.275947,
0.00528480,0.000000,1.259700,
0.00528500,-0.002441,1.259700,
0.00528520,0.000000,1.275947,
0.00528540,0.000000,1.275947,
0.00528560,-0.004883,1.259700,
0.00528580,-0.002441,1.292195,
0.00528600,0.000000,1.275947,
0.00528620,-0.002441,1.275947,
0.00528640,-0.002441,1.259700,
0.00528660,0.000000,1.292195,
0.00528680,0.000000,1.275947,
0.00528700,0.000000,1.292195,
0.00528720,-0.002441,1.259700,
0.00528740,-0.002441,1.275947,
0.00528760,-0.002441,1.275947,
0.00528780,-0.002441,1.259700,
0.00528800,-0.002441,1.275947,
0.00528820,-0.002441,1.275947,
0.00528840,-0.002441,1.275947,
0.00528860,0.000000,1.275947,
0.00528880,0.000000,1.275947,
0.00528900,0.000000,1.292195,
0.00528920,0.000000,1.275947,
0.00528940,-0.002441,1.259700,
0.00528960,0.000000,1.259700,
0.00528980,-0.002441,1.275947,
0.00529000,0.000000,1.292195,
0.00529020,0.000000,1.292195,
0.00529040,0.000000,1.275947,
0.00529060,0.000000,1.275947,
0.00529080,-0.002441,1.275947,
0.00529100,-0.002441,1.275947,
0.00529120,-0.002441,1.275947,
0.00529140,-0.002441,1.275947,
0.00529160,-0.002441,1.275947,
0.00529180,0.000000,1.275947,
0.00529200,-0.002441,1.259700,
0.00529220,0.000000,1.292195,
0.00529240,-0.002441,1.275947,
0.00529260,0.000000,1.275947,
0.00529280,-0.002441,1.259700,
0.00529300,0.000000,1.259700,
0.00529320,0.000000,1.275947,
0.00529340,0.000000,1.275947,
0.00529360,0.000000,1.275947,
0.00529380,-0.002441,1.275947,
0.00529400,-0.002441,1.275947,
0.00529420,-0.002441,1.275947,
0.00529440,0.000000,1.259700,
0.00529460,0.000000,1.275947,
0.00529480,0.000000,1.275947,
0.00529500,0.000000,1.275947,
0.00529520,-0.004883,1.259700,
0.00529540,-0.002441,1.275947,
0.00529560,-0.002441,1.275947,
0.00529580,-0.002441,1.275947,
0.00529600,-0.002441,1.259700,
0.00529620,-0.002441,1.292195,
0.00529640,0.000000,1.292195,
0.00529660,0.000000,1.292195,
0.00529680,-0.002441,1.259700,
0.00529700,-0.002441,1.259700,
0.00529720,-0.002441,1.259700,
0.00529740,0.000000,1.275947,
0.00529760,-0.002441,1.292195,
0.00529780,-0.002441,1.308443,
0.00529800,0.000000,1.308443,
0.00529820,-0.002441,1.308443,
0.00529840,-0.002441,1.275947,
0.00529860,0.002441,1.259700,
0.00529880,-0.002441,1.259700,
0.00529900,-0.002441,1.275947,
0.00529920,-0.002441,1.259700,
0.00529940,-0.002441,1.275947,
0.00529960,-0.002441,1.292195,
0.00529980,0.000000,1.308443,
0.00530000,0.000000,1.292195,
0.00530020,0.004883,1.308443,
0.00530040,-0.002441,1.275947,
0.00530060,0.000000,1.275947,
0.00530080,-0.002441,1.275947,
0.00530100,-0.002441,1.275947,
0.00530120,0.000000,1.292195,
0.00530140,0.000000,1.292195,
0.00530160,0.000000,1.292195,
0.00530180,0.002441,1.292195,
0.00530200,0.000000,1.275947,
0.00530220,0.000000,1.275947,
0.00530240,-0.002441,1.292195,
0.00530260,-0.002441,1.292195,
0.00530280,0.000000,1.275947,
0.00530300,0.000000,1.292195,
0.00530320,0.000000,1.292195,
0.00530340,-0.002441,1.275947,
0.00530360,-0.002441,1.275947,
0.00530380,-0.002441,1.275947,
0.00530400,-0.002441,1.275947,
0.00530420,-0.002441,1.275947,
0.00530440,-0.002441,1.308443,
0.00530460,-0.002441,1.292195,
0.00530480,-0.002441,1.275947,
0.00530500,-0.002441,1.275947,
0.00530520,-0.002441,1.292195,
0.00530540,-0.002441,1.292195,
0.00530560,0.000000,1.292195,
0.00530580,-0.002441,1.292195,
0.00530600,0.000000,1.292195,
0.00530620,0.000000,1.292195,
0.00530640,0.000000,1.292195,
0.00530660,0.000000,1.292195,
0.00530680,0.000000,1.292195,
0.00530700,-0.002441,1.292195,
0.00530720,-0.002441,1.292195,
0.00530740,-0.002441,1.275947,
0.00530760,0.000000,1.308443,
0.00530780,-0.002441,1.308443,
0.00530800,-0.002441,1.308443,
0.00530820,0.000000,1.308443,
0.00530840,-0.002441,1.292195,
0.00530860,0.000000,1.275947,
0.00530880,-0.002441,1.292195,
0.00530900,0.000000,1.275947,
0.00530920,0.002441,1.308443,
0.00530940,0.000000,1.292195,
0.00530960,-0.002441,1.308443,
0.00530980,0.000000,1.292195,
0.00531000,-0.002441,1.292195,
0.00531020,-0.002441,1.292195,
0.00531040,-0.002441,1.292195,
0.00531060,0.000000,1.292195,
0.00531080,-0.002441,1.292195,
0.00531100,-0.002441,1.292195,
0.00531120,0.000000,1.308443,
0.00531140,-0.004883,1.292195,
0.00531160,-0.002441,1.292195,
0.00531180,-0.002441,1.292195,
0.00531200,-0.002441,1.308443,
0.00531220,-0.002441,1.308443,
0.00531240,0.000000,1.308443,
0.00531260,-0.002441,1.292195,
0.00531280,0.000000,1.292195,
0.00531300,-0.004883,1.292195,
0.00531320,0.000000,1.308443,
0.00531340,0.000000,1.308443,
0.00531360,-0.002441,1.308443,
0.00531380,0.000000,1.292195,
0.00531400,-0.002441,1.308443,
0.00531420,0.000000,1.324690,
0.00531440,-0.002441,1.308443,
0.00531460,0.000000,1.292195,
0.00531480,-0.002441,1.292195,
0.00531500,-0.002441,1.275947,
0.00531520,0.002441,1.308443,
0.00531540,-0.002441,1.292195,
0.00531560,0.000000,1.292195,
0.00531580,0.000000,1.308443,
0.00531600,-0.002441,1.324690,
0.00531620,-0.002441,1.308443,
0.00531640,-0.002441,1.308443,
0.00531660,-0.002441,1.308443,
0.00531680,-0.002441,1.292195,
0.00531700,-0.002441,1.292195,
0.00531720,0.000000,1.308443,
0.00531740,-0.002441,1.292195,
0.00531760,0.002441,1.308443,
0.00531780,-0.002441,1.308443,
0.00531800,0.000000,1.308443,
0.00531820,0.000000,1.308443,
0.00531840,-0.002441,1.308443,
0.00531860,-0.002441,1.308443,
0.00531880,0.000000,1.292195,
0.00531900,0.000000,1.308443,
0.00531920,0.000000,1.308443,
0.00531940,-0.002441,1.308443,
0.00531960,0.000000,1.324690,
0.00531980,0.000000,1.308443,
0.00532000,-0.002441,1.292195,
0.00532020,-0.002441,1.308443,
0.00532040,0.000000,1.308443,
0.00532060,-0.002441,1.308443,
0.00532080,-0.002441,1.292195,
0.00532100,-0.002441,1.292195,
0.00532120,0.000000,1.308443,
0.00532140,0.000000,1.308443,
0.00532160,-0.002441,1.308443,
0.00532180,-0.002441,1.292195,
0.00532200,-0.002441,1.308443,
0.00532220,-0.002441,1.308443,
0.00532240,0.000000,1.308443,
0.00532260,-0.002441,1.308443,
0.00532280,0.000000,1.308443,
0.00532300,0.000000,1.292195,
0.00532320,-0.002441,1.292195,
0.00532340,-0.002441,1.308443,
0.00532360,0.000000,1.324690,
0.00532380,0.000000,1.308443,
0.00532400,0.000000,1.308443,
0.00532420,-0.002441,1.292195,
0.00532440,0.000000,1.308443,
0.00532460,0.000000,1.308443,
0.00532480,-0.002441,1.292195,
0.00532500,0.000000,1.308443,
0.00532520,0.000000,1.308443,
0.00532540,0.000000,1.308443,
0.00532560,0.000000,1.308443,
0.00532580,0.000000,1.308443,
0.00532600,0.000000,1.308443,
0.00532620,0.000000,1.308443,
0.00532640,-0.002441,1.292195,
0.00532660,-0.002441,1.292195,
0.00532680,0.000000,1.324690,
0.00532700,0.000000,1.308443,
0.00532720,0.000000,1.308443,
0.00532740,0.000000,1.308443,
0.00532760,0.000000,1.308443,
0.00532780,-0.004883,1.308443,
0.00532800,-0.002441,1.308443,
0.00532820,-0.002441,1.308443,
0.00532840,-0.002441,1.308443,
0.00532860,0.000000,1.308443,
0.00532880,-0.002441,1.308443,
0.00532900,0.000000,1.308443,
0.00532920,0.000000,1.308443,
0.00532940,-0.002441,1.292195,
0.00532960,-0.002441,1.292195,
0.00532980,-0.002441,1.292195,
0.00533000,-0.002441,1.308443,
0.00533020,0.000000,1.308443,
0.00533040,-0.002441,1.308443,
0.00533060,0.000000,1.308443,
0.00533080,0.000000,1.308443,
0.00533100,-0.002441,1.308443,
0.00533120,0.000000,1.308443,
0.00533140,0.000000,1.292195,
0.00533160,0.000000,1.308443,
0.00533180,0.000000,1.292195,
0.00533200,0.000000,1.292195,
0.00533220,0.000000,1.292195,
0.00533240,0.000000,1.292195,
0.00533260,-0.002441,1.308443,
0.00533280,-0.002441,1.324690,
0.00533300,-0.002441,1.324690,
0.00533320,-0.002441,1.308443,
0.00533340,0.000000,1.308443,
0.00533360,0.000000,1.308443,
0.00533380,-0.002441,1.292195,
0.00533400,0.000000,1.292195,
0.00533420,0.000000,1.292195,
0.00533440,-0.002441,1.292195,
0.00533460,-0.002441,1.308443,
0.00533480,0.000000,1.308443,
0.00533500,0.000000,1.324690,
0.00533520,0.000000,1.340938,
0.00533540,0.000000,1.324690,
0.00533560,0.000000,1.324690,
0.00533580,0.000000,1.308443,
0.00533600,0.000000,1.308443,
0.00533620,0.002441,1.324690,
0.00533640,0.000000,1.308443,
0.00533660,-0.002441,1.308443,
0.00533680,0.000000,1.308443,
0.00533700,-0.002441,1.308443,
0.00533720,0.000000,1.324690,
0.00533740,0.000000,1.308443,
0.00533760,0.000000,1.292195,
0.00533780,0.000000,1.308443,
0.00533800,0.000000,1.324690,
0.00533820,0.000000,1.324690,
0.00533840,-0.002441,1.308443,
0.00533860,-0.002441,1.324690,
0.00533880,0.000000,1.324690,
0.00533900,-0.002441,1.308443,
0.00533920,-0.002441,1.324690,
0.00533940,0.000000,1.308443,
0.00533960,-0.002441,1.308443,
0.00533980,-0.002441,1.308443,
0.00534000,0.000000,1.308443,
0.00534020,0.000000,1.308443,
0.00534040,0.000000,1.324690,
0.00534060,-0.002441,1.324690,
0.00534080,-0.002441,1.324690,
0.00534100,0.000000,1.308443,
0.00534120,0.000000,1.308443,
0.00534140,-0.002441,1.308443,
0.00534160,0.000000,1.308443,
0.00534180,-0.002441,1.308443,
0.00534200,0.000000,1.308443,
0.00534220,-0.002441,1.308443,
0.00534240,-0.002441,1.308443,
0.00534260,-0.002441,1.308443,
0.00534280,0.000000,1.308443,
0.00534300,0.000000,1.308443,
0.00534320,0.000000,1.324690,
0.00534340,-0.002441,1.308443,
0.00534360,-0.002441,1.324690,
0.00534380,0.000000,1.308443,
0.00534400,-0.002441,1.308443,
0.00534420,-0.002441,1.308443,
0.00534440,0.002441,1.324690,
0.00534460,0.000000,1.324690,
0.00534480,0.000000,1.324690,
0.00534500,0.000000,1.324690,
0.00534520,-0.002441,1.324690,
0.00534540,-0.002441,1.308443,
0.00534560,0.000000,1.308443,
0.00534580,-0.002441,1.308443,
0.00534600,0.000000,1.324690,
0.00534620,0.000000,1.324690,
0.00534640,0.000000,1.340938,
0.00534660,-0.002441,1.324690,
0.00534680,-0.002441,1.324690,
0.00534700,-0.002441,1.324690,
0.00534720,-0.002441,1.324690,
0.00534740,-0.002441,1.324690,
0.00534760,0.000000,1.324690,
0.00534780,0.000000,1.324690,
0.00534800,0.000000,1.324690,
0.00534820,-0.002441,1.324690,
0.00534840,0.002441,1.324690,
0.00534860,-0.002441,1.324690,
0.00534880,-0.002441,1.324690,
0.00534900,-0.002441,1.340938,
0.00534920,0.000000,1.324690,
0.00534940,-0.002441,1.324690,
0.00534960,-0.002441,1.324690,
0.00534980,0.000000,1.324690,
0.00535000,0.000000,1.324690,
0.00535020,-0.002441,1.324690,
0.00535040,0.000000,1.308443,
0.00535060,0.000000,1.308443,
0.00535080,-0.002441,1.324690,
0.00535100,0.000000,1.340938,
0.00535120,-0.002441,1.324690,
0.00535140,-0.002441,1.340938,
0.00535160,-0.002441,1.340938,
0.00535180,0.000000,1.324690,
0.00535200,0.002441,1.340938,
0.00535220,0.000000,1.324690,
0.00535240,0.000000,1.308443,
0.00535260,0.000000,1.308443,
0.00535280,0.000000,1.324690,
0.00535300,-0.002441,1.308443,
0.00535320,-0.002441,1.324690,
0.00535340,0.000000,1.340938,
0.00535360,-0.002441,1.324690,
0.00535380,-0.002441,1.324690,
0.00535400,0.000000,1.324690,
0.00535420,0.000000,1.340938,
0.00535440,-0.002441,1.324690,
0.00535460,0.000000,1.324690,
0.00535480,0.000000,1.324690,
0.00535500,0.000000,1.324690,
0.00535520,-0.002441,1.324690,
0.00535540,-0.002441,1.324690,
0.00535560,0.000000,1.324690,
0.00535580,0.000000,1.340938,
0.00535600,-0.002441,1.340938,
0.00535620,-0.002441,1.324690,
0.00535640,0.004883,1.324690,
0.00535660,0.000000,1.324690,
0.00535680,-0.002441,1.324690,
0.00535700,-0.002441,1.324690,
0.00535720,0.000000,1.324690,
0.00535740,0.000000,1.340938,
0.00535760,-0.002441,1.324690,
0.00535780,-0.002441,1.324690,
0.00535800,0.002441,1.340938,
0.00535820,0.000000,1.324690,
0.00535840,0.000000,1.340938,
0.00535860,-0.002441,1.324690,
0.00535880,0.000000,1.308443,
0.00535900,0.000000,1.324690,
0.00535920,0.000000,1.324690,
0.00535940,-0.002441,1.340938,
0.00535960,-0.002441,1.324690,
0.00535980,0.000000,1.324690,
0.00536000,-0.002441,1.324690,
0.00536020,0.000000,1.324690,
0.00536040,-0.002441,1.324690,
0.00536060,-0.002441,1.324690,
0.00536080,-0.002441,1.324690,
0.00536100,0.000000,1.340938,
0.00536120,-0.002441,1.340938,
0.00536140,0.000000,1.324690,
0.00536160,-0.002441,1.308443,
0.00536180,-0.002441,1.308443,
0.00536200,-0.002441,1.324690,
0.00536220,0.000000,1.324690,
0.00536240,-0.002441,1.324690,
0.00536260,0.000000,1.308443,
0.00536280,-0.002441,1.308443,
0.00536300,-0.002441,1.308443,
0.00536320,-0.002441,1.324690,
0.00536340,-0.002441,1.324690,
0.00536360,-0.002441,1.324690,
0.00536380,0.000000,1.324690,
0.00536400,0.000000,1.324690,
0.00536420,-0.002441,1.324690,
0.00536440,0.000000,1.324690,
0.00536460,0.000000,1.324690,
0.00536480,0.000000,1.308443,
0.00536500,0.000000,1.324690,
0.00536520,-0.002441,1.324690,
0.00536540,-0.002441,1.324690,
0.00536560,0.000000,1.324690,
0.00536580,0.000000,1.308443,
0.00536600,-0.002441,1.324690,
0.00536620,-0.002441,1.324690,
0.00536640,0.000000,1.324690,
0.00536660,0.000000,1.308443,
0.00536680,-0.002441,1.308443,
0.00536700,0.000000,1.308443,
0.00536720,0.002441,1.324690,
0.00536740,0.000000,1.308443,
0.00536760,-0.004883,1.324690,
0.00536780,-0.002441,1.340938,
0.00536800,-0.002441,1.324690,
0.00536820,-0.002441,1.324690,
0.00536840,-0.002441,1.324690,
0.00536860,0.000000,1.324690,
0.00536880,-0.002441,1.308443,
0.00536900,0.000000,1.308443,
0.00536920,-0.002441,1.292195,
0.00536940,-0.002441,1.308443,
0.00536960,-0.002441,1.324690,
0.00536980,0.000000,1.324690,
0.00537000,0.000000,1.340938,
0.00537020,0.000000,1.324690,
0.00537040,0.000000,1.324690,
0.00537060,0.000000,1.324690,
0.00537080,0.000000,1.324690,
0.00537100,-0.002441,1.308443,
0.00537120,-0.002441,1.308443,
0.00537140,-0.002441,1.308443,
0.00537160,0.000000,1.340938,
0.00537180,0.000000,1.340938,
0.00537200,0.000000,1.324690,
0.00537220,0.000000,1.308443,
0.00537240,0.000000,1.308443,
0.00537260,0.000000,1.324690,
0.00537280,-0.002441,1.324690,
0.00537300,-0.002441,1.324690,
0.00537320,0.000000,1.324690,
0.00537340,-0.002441,1.308443,
0.00537360,0.000000,1.324690,
0.00537380,0.000000,1.324690,
0.00537400,-0.004883,1.308443,
0.00537420,0.000000,1.324690,
0.00537440,0.000000,1.308443,
0.00537460,-0.002441,1.308443,
0.00537480,-0.002441,1.324690,
0.00537500,0.000000,1.324690,
0.00537520,0.000000,1.340938,
0.00537540,0.000000,1.324690,
0.00537560,0.000000,1.308443,
0.00537580,-0.002441,1.308443,
0.00537600,-0.002441,1.308443,
0.00537620,0.000000,1.308443,
0.00537640,-0.002441,1.308443,
0.00537660,0.000000,1.324690,
0.00537680,0.000000,1.340938,
0.00537700,0.000000,1.324690,
0.00537720,-0.002441,1.324690,
0.00537740,0.000000,1.324690,
0.00537760,-0.002441,1.324690,
0.00537780,-0.002441,1.324690,
0.00537800,-0.002441,1.324690,
0.00537820,0.000000,1.324690,
0.00537840,0.000000,1.324690,
0.00537860,0.000000,1.324690,
0.00537880,0.000000,1.324690,
0.00537900,0.000000,1.340938,
0.00537920,0.000000,1.324690,
0.00537940,-0.002441,1.324690,
0.00537960,-0.002441,1.324690,
0.00537980,0.000000,1.324690,
0.00538000,0.000000,1.324690,
0.00538020,0.000000,1.324690,
0.00538040,0.000000,1.308443,
0.00538060,0.000000,1.324690,
0.00538080,0.000000,1.324690,
0.00538100,-0.002441,1.324690,
0.00538120,-0.002441,1.324690,
0.00538140,0.000000,1.324690,
0.00538160,0.000000,1.324690,
0.00538180,0.000000,1.340938,
0.00538200,0.000000,1.324690,
0.00538220,0.000000,1.324690,
0.00538240,-0.002441,1.308443,
0.00538260,-0.002441,1.308443,
0.00538280,0.000000,1.324690,
0.00538300,0.000000,1.324690,
0.00538320,-0.002441,1.340938,
0.00538340,-0.002441,1.324690,
0.00538360,0.000000,1.324690,
0.00538380,-0.002441,1.324690,
0.00538400,0.000000,1.324690,
0.00538420,-0.002441,1.324690,
0.00538440,-0.002441,1.340938,
0.00538460,-0.002441,1.340938,
0.00538480,0.000000,1.324690,
0.00538500,0.000000,1.324690,
0.00538520,-0.002441,1.324690,
0.00538540,0.000000,1.324690,
0.00538560,0.000000,1.308443,
0.00538580,0.000000,1.324690,
0.00538600,-0.002441,1.324690,
0.00538620,0.000000,1.324690,
0.00538640,0.002441,1.357185,
0.00538660,0.000000,1.340938,
0.00538680,0.000000,1.340938,
0.00538700,0.000000,1.340938,
0.00538720,0.000000,1.324690,
0.00538740,0.000000,1.340938,
0.00538760,0.000000,1.324690,
0.00538780,0.000000,1.324690,
0.00538800,0.000000,1.324690,
0.00538820,0.000000,1.324690,
0.00538840,0.000000,1.340938,
0.00538860,-0.002441,1.340938,
0.00538880,-0.002441,1.340938,
0.00538900,-0.002441,1.324690,
0.00538920,-0.002441,1.324690,
0.00538940,0.000000,1.340938,
0.00538960,-0.002441,1.340938,
0.00538980,0.000000,1.340938,
0.00539000,-0.002441,1.324690,
0.00539020,-0.002441,1.340938,
0.00539040,-0.002441,1.324690,
0.00539060,-0.002441,1.324690,
0.00539080,-0.002441,1.340938,
0.00539100,-0.002441,1.324690,
0.00539120,-0.002441,1.324690,
0.00539140,-0.002441,1.340938,
0.00539160,-0.002441,1.324690,
0.00539180,-0.002441,1.324690,
0.00539200,-0.002441,1.324690,
0.00539220,-0.002441,1.340938,
0.00539240,0.000000,1.340938,
0.00539260,0.000000,1.324690,
0.00539280,0.000000,1.324690,
0.00539300,0.000000,1.340938,
0.00539320,-0.002441,1.340938,
0.00539340,-0.002441,1.324690,
0.00539360,-0.002441,1.324690,
0.00539380,-0.002441,1.324690,
0.00539400,-0.002441,1.308443,
0.00539420,-0.002441,1.324690,
0.00539440,0.000000,1.340938,
0.00539460,-0.002441,1.340938,
0.00539480,0.000000,1.340938,
0.00539500,-0.002441,1.340938,
0.00539520,0.000000,1.324690,
0.00539540,-0.002441,1.324690,
0.00539560,-0.002441,1.324690,
0.00539580,-0.002441,1.324690,
0.00539600,0.000000,1.324690,
0.00539620,-0.002441,1.324690,
0.00539640,0.002441,1.340938,
0.00539660,-0.002441,1.340938,
0.00539680,-0.002441,1.324690,
0.00539700,-0.002441,1.324690,
0.00539720,-0.002441,1.324690,
0.00539740,-0.002441,1.324690,
0.00539760,0.000000,1.340938,
0.00539780,0.000000,1.340938,
0.00539800,-0.002441,1.324690,
0.00539820,-0.002441,1.324690,
0.00539840,0.000000,1.340938,
0.00539860,-0.002441,1.324690,
0.00539880,-0.002441,1.324690,
0.00539900,-0.002441,1.324690,
0.00539920,-0.002441,1.324690,
0.00539940,0.000000,1.324690,
0.00539960,0.000000,1.324690,
0.00539980,0.000000,1.340938,
0.00540000,0.000000,1.324690,
0.00540020,0.000000,1.324690,
0.00540040,-0.002441,1.324690,
0.00540060,0.000000,1.324690,
0.00540080,0.000000,1.324690,
0.00540100,0.000000,1.340938,
0.00540120,-0.002441,1.324690,
0.00540140,0.000000,1.324690,
0.00540160,0.000000,1.308443,
0.00540180,-0.002441,1.324690,
0.00540200,-0.002441,1.324690,
0.00540220,-0.002441,1.308443,
0.00540240,-0.002441,1.308443,
0.00540260,-0.002441,1.324690,
0.00540280,-0.002441,1.324690,
0.00540300,0.000000,1.357185,
0.00540320,-0.002441,1.340938,
0.00540340,-0.002441,1.340938,
0.00540360,-0.002441,1.308443,
0.00540380,-0.002441,1.308443,
0.00540400,0.000000,1.308443,
0.00540420,0.000000,1.308443,
0.00540440,-0.002441,1.308443,
0.00540460,-0.002441,1.324690,
0.00540480,0.000000,1.324690,
0.00540500,0.000000,1.324690,
0.00540520,-0.002441,1.324690,
0.00540540,0.000000,1.324690,
0.00540560,0.000000,1.324690,
0.00540580,0.000000,1.324690,
0.00540600,-0.002441,1.308443,
0.00540620,0.000000,1.340938,
0.00540640,-0.002441,1.340938,
0.00540660,-0.002441,1.324690,
0.00540680,-0.002441,1.308443,
0.00540700,-0.002441,1.308443,
0.00540720,0.000000,1.324690,
0.00540740,-0.002441,1.324690,
0.00540760,-0.002441,1.324690,
0.00540780,-0.002441,1.308443,
0.00540800,0.000000,1.324690,
0.00540820,-0.004883,1.308443,
0.00540840,-0.002441,1.308443,
0.00540860,-0.002441,1.308443,
0.00540880,0.000000,1.324690,
0.00540900,-0.002441,1.324690,
0.00540920,0.000000,1.324690,
0.00540940,0.002441,1.324690,
0.00540960,-0.002441,1.308443,
0.00540980,-0.002441,1.308443,
0.00541000,-0.002441,1.308443,
0.00541020,-0.002441,1.324690,
0.00541040,-0.002441,1.324690,
0.00541060,0.000000,1.324690,
0.00541080,-0.002441,1.324690,
0.00541100,0.002441,1.308443,
0.00541120,-0.002441,1.308443,
0.00541140,-0.002441,1.308443,
0.00541160,-0.002441,1.308443,
0.00541180,-0.002441,1.292195,
0.00541200,0.000000,1.308443,
0.00541220,-0.002441,1.324690,
0.00541240,0.000000,1.324690,
0.00541260,0.002441,1.324690,
0.00541280,0.000000,1.308443,
0.00541300,0.000000,1.308443,
0.00541320,-0.002441,1.308443,
0.00541340,0.000000,1.308443,
0.00541360,0.000000,1.308443,
0.00541380,0.000000,1.308443,
0.00541400,-0.002441,1.324690,
0.00541420,0.000000,1.324690,
0.00541440,0.000000,1.324690,
0.00541460,-0.002441,1.308443,
0.00541480,-0.002441,1.292195,
0.00541500,-0.002441,1.292195,
0.00541520,0.000000,1.292195,
0.00541540,0.000000,1.324690,
0.00541560,0.000000,1.324690,
0.00541580,-0.002441,1.308443,
0.00541600,0.000000,1.308443,
0.00541620,0.000000,1.308443,
0.00541640,-0.002441,1.308443,
0.00541660,-0.002441,1.308443,
0.00541680,0.000000,1.308443,
0.00541700,0.000000,1.308443,
0.00541720,0.000000,1.324690,
0.00541740,-0.002441,1.308443,
0.00541760,0.000000,1.308443,
0.00541780,0.000000,1.308443,
0.00541800,-0.002441,1.308443,
0.00541820,-0.002441,1.308443,
0.00541840,0.000000,1.308443,
0.00541860,-0.002441,1.308443,
0.00541880,0.000000,1.324690,
0.00541900,-0.002441,1.308443,
0.00541920,0.000000,1.324690,
0.00541940,0.000000,1.308443,
0.00541960,-0.002441,1.308443,
0.00541980,-0.002441,1.324690,
0.00542000,0.000000,1.308443,
0.00542020,0.000000,1.308443,
0.00542040,0.000000,1.292195,
0.00542060,0.000000,1.308443,
0.00542080,-0.004883,1.308443,
0.00542100,0.000000,1.308443,
0.00542120,-0.002441,1.308443,
0.00542140,-0.002441,1.308443,
0.00542160,0.000000,1.324690,
0.00542180,-0.002441,1.324690,
0.00542200,-0.002441,1.324690,
0.00542220,0.000000,1.308443,
0.00542240,-0.002441,1.292195,
0.00542260,-0.002441,1.292195,
0.00542280,-0.002441,1.308443,
0.00542300,-0.002441,1.308443,
0.00542320,-0.002441,1.324690,
0.00542340,0.000000,1.340938,
0.00542360,0.000000,1.324690,
0.00542380,-0.002441,1.324690,
0.00542400,-0.002441,1.308443,
0.00542420,-0.002441,1.308443,
0.00542440,-0.002441,1.308443,
0.00542460,-0.002441,1.308443,
0.00542480,0.000000,1.308443,
0.00542500,0.000000,1.308443,
0.00542520,0.000000,1.308443,
0.00542540,-0.002441,1.308443,
0.00542560,0.000000,1.308443,
0.00542580,0.000000,1.308443,
0.00542600,-0.002441,1.324690,
0.00542620,-0.002441,1.308443,
0.00542640,-0.002441,1.324690,
0.00542660,-0.002441,1.308443,
0.00542680,-0.002441,1.308443,
0.00542700,0.000000,1.324690,
0.00542720,-0.002441,1.324690,
0.00542740,0.000000,1.308443,
0.00542760,-0.002441,1.308443,
0.00542780,-0.002441,1.308443,
0.00542800,-0.002441,1.324690,
0.00542820,0.000000,1.308443,
0.00542840,0.000000,1.308443,
0.00542860,-0.002441,1.308443,
0.00542880,-0.002441,1.308443,
0.00542900,-0.002441,1.324690,
0.00542920,-0.002441,1.308443,
0.00542940,0.000000,1.308443,
0.00542960,-0.002441,1.308443,
0.00542980,0.000000,1.324690,
0.00543000,0.000000,1.308443,
0.00543020,-0.002441,1.324690,
0.00543040,0.000000,1.308443,
0.00543060,0.000000,1.308443,
0.00543080,-0.004883,1.292195,
0.00543100,0.000000,1.308443,
0.00543120,-0.002441,1.308443,
0.00543140,0.000000,1.308443,
0.00543160,0.000000,1.324690,
0.00543180,0.000000,1.308443,
0.00543200,0.002441,1.308443,
0.00543220,-0.002441,1.308443,
0.00543240,-0.002441,1.308443,
0.00543260,-0.002441,1.308443,
0.00543280,0.000000,1.308443,
0.00543300,0.000000,1.308443,
0.00543320,0.000000,1.324690,
0.00543340,-0.002441,1.308443,
0.00543360,0.000000,1.308443,
0.00543380,0.000000,1.308443,
0.00543400,-0.002441,1.308443,
0.00543420,-0.002441,1.308443,
0.00543440,0.000000,1.308443,
0.00543460,0.000000,1.308443,
0.00543480,0.000000,1.308443,
0.00543500,0.000000,1.308443,
0.00543520,0.000000,1.308443,
0.00543540,-0.002441,1.308443,
0.00543560,-0.002441,1.292195,
0.00543580,-0.002441,1.308443,
0.00543600,0.000000,1.308443,
0.00543620,-0.002441,1.308443,
0.00543640,-0.002441,1.308443,
0.00543660,0.000000,1.308443,
0.00543680,-0.002441,1.308443,
0.00543700,-0.002441,1.292195,
0.00543720,-0.002441,1.275947,
0.00543740,-0.002441,1.275947,
0.00543760,-0.002441,1.308443,
0.00543780,0.000000,1.308443,
0.00543800,0.000000,1.308443,
0.00543820,-0.002441,1.308443,
0.00543840,0.000000,1.324690,
0.00543860,0.000000,1.308443,
0.00543880,-0.002441,1.275947,
0.00543900,-0.002441,1.275947,
0.00543920,0.000000,1.292195,
0.00543940,0.002441,1.308443,
0.00543960,0.000000,1.292195,
0.00543980,0.000000,1.292195,
0.00544000,0.000000,1.308443,
0.00544020,0.000000,1.308443,
0.00544040,-0.002441,1.292195,
0.00544060,-0.002441,1.275947,
0.00544080,0.000000,1.292195,
0.00544100,0.000000,1.308443,
0.00544120,0.000000,1.292195,
0.00544140,-0.002441,1.259700,
0.00544160,0.002441,1.292195,
0.00544180,0.000000,1.340938,
0.00544200,-0.002441,1.292195,
0.00544220,-0.002441,1.259700,
0.00544240,0.000000,1.275947,
0.00544260,-0.002441,1.308443,
0.00544280,0.000000,1.324690,
0.00544300,-0.002441,1.259700,
0.00544320,0.000000,1.243452,
0.00544340,0.000000,1.308443,
0.00544360,0.000000,1.324690,
0.00544380,-0.002441,1.292195,
0.00544400,-0.002441,1.259700,
0.00544420,-0.002441,1.275947,
0.00544440,0.000000,1.324690,
0.00544460,-0.004883,1.308443,
0.00544480,0.000000,1.275947,
0.00544500,-0.002441,1.259700,
0.00544520,0.000000,1.292195,
0.00544540,0.000000,1.308443,
0.00544560,0.000000,1.292195,
0.00544580,0.000000,1.275947,
0.00544600,0.000000,1.275947,
0.00544620,0.000000,1.308443,
0.00544640,-0.002441,1.292195,
0.00544660,-0.002441,1.259700,
0.00544680,-0.002441,1.275947,
0.00544700,-0.002441,1.275947,
0.00544720,-0.002441,1.292195,
0.00544740,0.000000,1.292195,
0.00544760,-0.002441,1.292195,
0.00544780,0.000000,1.275947,
0.00544800,0.000000,1.292195,
0.00544820,-0.002441,1.292195,
0.00544840,-0.002441,1.275947,
0.00544860,-0.002441,1.259700,
0.00544880,0.000000,1.275947,
0.00544900,0.000000,1.292195,
0.00544920,-0.002441,1.292195,
0.00544940,-0.002441,1.275947,
0.00544960,0.000000,1.275947,
0.00544980,0.000000,1.292195,
0.00545000,0.000000,1.275947,
0.00545020,-0.002441,1.275947,
0.00545040,0.000000,1.275947,
0.00545060,0.000000,1.275947,
0.00545080,0.000000,1.292195,
0.00545100,0.000000,1.275947,
0.00545120,0.002441,1.259700,
0.00545140,-0.002441,1.259700,
0.00545160,-0.002441,1.275947,
0.00545180,-0.002441,1.275947,
0.00545200,-0.002441,1.275947,
0.00545220,0.000000,1.275947,
0.00545240,0.000000,1.275947,
0.00545260,0.000000,1.292195,
0.00545280,0.002441,1.292195,
0.00545300,0.000000,1.259700,
0.00545320,0.000000,1.259700,
0.00545340,-0.002441,1.259700,
0.00545360,-0.002441,1.275947,
0.00545380,0.000000,1.275947,
0.00545400,0.002441,1.275947,
0.00545420,-0.002441,1.275947,
0.00545440,-0.002441,1.275947,
0.00545460,0.000000,1.275947,
0.00545480,-0.002441,1.275947,
0.00545500,-0.002441,1.275947,
0.00545520,0.000000,1.275947,
0.00545540,0.000000,1.259700,
0.00545560,0.000000,1.259700,
0.00545580,0.000000,1.243452,
0.00545600,-0.002441,1.259700,
0.00545620,0.000000,1.275947,
0.00545640,0.000000,1.275947,
0.00545660,0.000000,1.259700,
0.00545680,0.000000,1.292195,
0.00545700,0.000000,1.292195,
0.00545720,0.000000,1.275947,
0.00545740,0.000000,1.259700,
0.00545760,0.000000,1.259700,
0.00545780,-0.002441,1.243452,
0.00545800,-0.002441,1.259700,
0.00545820,-0.002441,1.275947,
0.00545840,-0.002441,1.275947,
0.00545860,0.000000,1.275947,
0.00545880,0.000000,1.275947,
0.00545900,-0.004883,1.275947,
0.00545920,0.000000,1.292195,
0.00545940,-0.002441,1.259700,
0.00545960,-0.002441,1.259700,
0.00545980,0.000000,1.259700,
0.00546000,0.000000,1.259700,
0.00546020,0.000000,1.275947,
0.00546040,0.000000,1.275947,
0.00546060,0.000000,1.275947,
0.00546080,0.000000,1.275947,
0.00546100,-0.002441,1.275947,
0.00546120,-0.002441,1.259700,
0.00546140,-0.002441,1.259700,
0.00546160,0.000000,1.275947,
0.00546180,0.000000,1.275947,
0.00546200,-0.002441,1.259700,
0.00546220,-0.002441,1.259700,
0.00546240,-0.002441,1.275947,
0.00546260,-0.002441,1.259700,
0.00546280,0.002441,1.275947,
0.00546300,-0.002441,1.259700,
0.00546320,0.000000,1.259700,
0.00546340,0.000000,1.275947,
0.00546360,0.000000,1.275947,
0.00546380,-0.002441,1.275947,
0.00546400,-0.002441,1.259700,
0.00546420,0.000000,1.259700,
0.00546440,0.000000,1.259700,
0.00546460,-0.002441,1.259700,
0.00546480,-0.002441,1.275947,
0.00546500,0.000000,1.275947,
0.00546520,-0.002441,1.259700,
0.00546540,0.000000,1.259700,
0.00546560,0.000000,1.259700,
0.00546580,0.000000,1.259700,
0.00546600,0.000000,1.259700,
0.00546620,-0.002441,1.259700,
0.00546640,0.000000,1.243452,
0.00546660,0.000000,1.259700,
0.00546680,0.000000,1.275947,
0.00546700,-0.002441,1.259700,
0.00546720,0.002441,1.259700,
0.00546740,0.000000,1.259700,
0.00546760,-0.002441,1.259700,
0.00546780,-0.002441,1.259700,
0.00546800,-0.002441,1.259700,
0.00546820,0.000000,1.259700,
0.00546840,-0.002441,1.259700,
0.00546860,-0.002441,1.275947,
0.00546880,0.004883,1.275947,
0.00546900,-0.002441,1.259700,
0.00546920,-0.002441,1.259700,
0.00546940,-0.002441,1.259700,
0.00546960,-0.002441,1.259700,
0.00546980,0.000000,1.259700,
0.00547000,0.000000,1.259700,
0.00547020,0.000000,1.259700,
0.00547040,0.000000,1.259700,
0.00547060,0.000000,1.259700,
0.00547080,-0.002441,1.259700,
0.00547100,-0.002441,1.259700,
0.00547120,-0.002441,1.259700,
0.00547140,-0.002441,1.259700,
0.00547160,-0.002441,1.259700,
0.00547180,0.000000,1.259700,
0.00547200,-0.002441,1.243452,
0.00547220,0.000000,1.243452,
0.00547240,0.000000,1.227205,
0.00547260,0.000000,1.243452,
0.00547280,-0.002441,1.259700,
0.00547300,0.000000,1.275947,
0.00547320,0.000000,1.275947,
0.00547340,-0.002441,1.275947,
0.00547360,-0.002441,1.259700,
0.00547380,0.000000,1.275947,
0.00547400,-0.002441,1.243452,
0.00547420,0.000000,1.227205,
0.00547440,-0.002441,1.227205,
0.00547460,0.000000,1.243452,
0.00547480,0.000000,1.259700,
0.00547500,0.000000,1.275947,
0.00547520,0.000000,1.275947,
0.00547540,0.000000,1.259700,
0.00547560,-0.002441,1.243452,
0.00547580,-0.002441,1.243452,
0.00547600,-0.002441,1.227205,
0.00547620,0.002441,1.259700,
0.00547640,0.000000,1.259700,
0.00547660,0.000000,1.259700,
0.00547680,0.000000,1.243452,
0.00547700,-0.002441,1.243452,
0.00547720,0.000000,1.243452,
0.00547740,-0.002441,1.243452,
0.00547760,-0.002441,1.243452,
0.00547780,0.000000,1.243452,
0.00547800,0.000000,1.243452,
0.00547820,0.000000,1.243452,
0.00547840,-0.002441,1.243452,
0.00547860,0.000000,1.259700,
0.00547880,-0.002441,1.243452,
0.00547900,-0.002441,1.243452,
0.00547920,-0.002441,1.259700,
0.00547940,-0.002441,1.243452,
0.00547960,0.000000,1.243452,
0.00547980,-0.002441,1.227205,
0.00548000,-0.002441,1.227205,
0.00548020,-0.002441,1.243452,
0.00548040,-0.002441,1.243452,
0.00548060,-0.002441,1.243452,
0.00548080,0.000000,1.243452,
0.00548100,-0.002441,1.243452,
0.00548120,0.000000,1.243452,
0.00548140,-0.002441,1.243452,
0.00548160,-0.004883,1.227205,
0.00548180,-0.002441,1.243452,
0.00548200,0.000000,1.243452,
0.00548220,-0.002441,1.227205,
0.00548240,0.000000,1.243452,
0.00548260,0.000000,1.243452,
0.00548280,0.000000,1.259700,
0.00548300,-0.002441,1.243452,
0.00548320,0.000000,1.227205,
0.00548340,0.000000,1.227205,
0.00548360,-0.002441,1.227205,
0.00548380,-0.002441,1.227205,
0.00548400,-0.002441,1.227205,
0.00548420,-0.002441,1.243452,
0.00548440,0.002441,1.243452,
0.00548460,-0.002441,1.227205,
0.00548480,-0.002441,1.227205,
0.00548500,-0.002441,1.227205,
0.00548520,0.000000,1.227205,
0.00548540,-0.002441,1.227205,
0.00548560,-0.002441,1.227205,
0.00548580,0.000000,1.227205,
0.00548600,-0.002441,1.227205,
0.00548620,0.000000,1.227205,
0.00548640,-0.002441,1.227205,
0.00548660,0.000000,1.227205,
0.00548680,-0.002441,1.243452,
0.00548700,-0.002441,1.227205,
0.00548720,-0.002441,1.227205,
0.00548740,0.000000,1.227205,
0.00548760,0.000000,1.227205,
0.00548780,0.000000,1.210957,
0.00548800,-0.002441,1.227205,
0.00548820,0.000000,1.243452,
0.00548840,-0.002441,1.227205,
0.00548860,-0.002441,1.210957,
0.00548880,-0.002441,1.227205,
0.00548900,0.000000,1.243452,
0.00548920,0.000000,1.243452,
0.00548940,0.000000,1.243452,
0.00548960,-0.002441,1.227205,
0.00548980,0.000000,1.243452,
0.00549000,0.000000,1.227205,
0.00549020,-0.002441,1.227205,
0.00549040,-0.002441,1.227205,
0.00549060,0.000000,1.227205,
0.00549080,0.000000,1.210957,
0.00549100,0.002441,1.227205,
0.00549120,-0.002441,1.210957,
0.00549140,0.000000,1.243452,
0.00549160,0.000000,1.227205,
0.00549180,-0.002441,1.243452,
0.00549200,-0.002441,1.227205,
0.00549220,0.000000,1.243452,
0.00549240,0.000000,1.227205,
0.00549260,-0.002441,1.210957,
0.00549280,-0.002441,1.210957,
0.00549300,0.000000,1.227205,
0.00549320,-0.002441,1.210957,
0.00549340,-0.002441,1.227205,
0.00549360,-0.002441,1.210957,
0.00549380,0.000000,1.227205,
0.00549400,0.000000,1.227205,
0.00549420,0.000000,1.243452,
0.00549440,-0.002441,1.227205,
0.00549460,0.000000,1.227205,
0.00549480,0.000000,1.227205,
0.00549500,-0.002441,1.210957,
0.00549520,-0.002441,1.210957,
0.00549540,0.000000,1.227205,
0.00549560,0.000000,1.227205,
0.00549580,0.000000,1.210957,
0.00549600,-0.002441,1.227205,
0.00549620,0.000000,1.227205,
0.00549640,0.000000,1.227205,
0.00549660,0.000000,1.210957,
0.00549680,-0.002441,1.227205,
0.00549700,0.000000,1.227205,
0.00549720,0.000000,1.227205,
0.00549740,-0.002441,1.227205,
0.00549760,-0.002441,1.210957,
0.00549780,0.000000,1.227205,
0.00549800,0.000000,1.227205,
0.00549820,-0.002441,1.227205,
0.00549840,0.000000,1.227205,
0.00549860,0.000000,1.227205,
0.00549880,-0.002441,1.227205,
0.00549900,-0.002441,1.227205,
0.00549920,0.000000,1.210957,
0.00549940,0.000000,1.210957,
0.00549960,-0.002441,1.227205,
0.00549980,-0.002441,1.227205,
0.00550000,-0.004883,1.227205,
0.00550020,0.000000,1.227205,
0.00550040,-0.002441,1.210957,
0.00550060,0.000000,1.227205,
0.00550080,-0.002441,1.227205,
0.00550100,0.000000,1.210957,
0.00550120,0.000000,1.227205,
0.00550140,-0.002441,1.227205,
0.00550160,0.000000,1.227205,
0.00550180,0.000000,1.227205,
0.00550200,0.000000,1.227205,
0.00550220,0.000000,1.227205,
0.00550240,-0.002441,1.227205,
0.00550260,-0.002441,1.243452,
0.00550280,0.000000,1.227205,
0.00550300,-0.002441,1.227205,
0.00550320,-0.002441,1.210957,
0.00550340,0.000000,1.210957,
0.00550360,0.000000,1.227205,
0.00550380,-0.002441,1.227205,
0.00550400,-0.002441,1.227205,
0.00550420,0.000000,1.227205,
0.00550440,0.000000,1.210957,
0.00550460,-0.002441,1.227205,
0.00550480,-0.002441,1.210957,
0.00550500,-0.002441,1.227205,
0.00550520,0.000000,1.227205,
0.00550540,-0.004883,1.227205,
0.00550560,-0.002441,1.210957,
0.00550580,0.000000,1.227205,
0.00550600,0.000000,1.227205,
0.00550620,0.000000,1.227205,
0.00550640,-0.002441,1.227205,
0.00550660,0.000000,1.227205,
0.00550680,0.000000,1.227205,
0.00550700,0.000000,1.227205,
0.00550720,-0.002441,1.210957,
0.00550740,0.000000,1.210957,
0.00550760,0.000000,1.210957,
0.00550780,0.000000,1.210957,
0.00550800,-0.002441,1.210957,
0.00550820,-0.002441,1.243452,
0.00550840,0.000000,1.243452,
0.00550860,0.000000,1.243452,
0.00550880,-0.002441,1.227205,
0.00550900,0.000000,1.227205,
0.00550920,-0.002441,1.210957,
0.00550940,0.000000,1.210957,
0.00550960,-0.002441,1.210957,
0.00550980,-0.002441,1.210957,
0.00551000,-0.002441,1.227205,
0.00551020,-0.002441,1.227205,
0.00551040,-0.002441,1.243452,
0.00551060,-0.002441,1.243452,
0.00551080,-0.002441,1.227205,
0.00551100,-0.002441,1.210957,
0.00551120,-0.002441,1.210957,
0.00551140,-0.002441,1.227205,
0.00551160,0.000000,1.227205,
0.00551180,-0.002441,1.227205,
0.00551200,-0.002441,1.227205,
0.00551220,-0.002441,1.227205,
0.00551240,0.000000,1.227205,
0.00551260,-0.002441,1.227205,
0.00551280,-0.002441,1.210957,
0.00551300,0.000000,1.243452,
0.00551320,0.000000,1.227205,
0.00551340,-0.002441,1.227205,
0.00551360,0.000000,1.227205,
0.00551380,-0.002441,1.227205,
0.00551400,-0.002441,1.227205,
0.00551420,0.000000,1.210957,
0.00551440,-0.002441,1.227205,
0.00551460,-0.002441,1.227205,
0.00551480,0.000000,1.243452,
0.00551500,0.000000,1.227205,
0.00551520,-0.002441,1.210957,
0.00551540,-0.002441,1.227205,
0.00551560,-0.002441,1.227205,
0.00551580,-0.002441,1.227205,
0.00551600,-0.002441,1.227205,
0.00551620,-0.002441,1.227205,
0.00551640,-0.002441,1.227205,
0.00551660,0.000000,1.227205,
0.00551680,-0.002441,1.210957,
0.00551700,0.000000,1.227205,
0.00551720,-0.002441,1.227205,
0.00551740,0.000000,1.227205,
0.00551760,-0.002441,1.210957,
0.00551780,-0.002441,1.210957,
0.00551800,0.000000,1.227205,
0.00551820,0.000000,1.227205,
0.00551840,-0.002441,1.210957,
0.00551860,-0.002441,1.227205,
0.00551880,0.000000,1.227205,
0.00551900,-0.002441,1.210957,
0.00551920,0.000000,1.227205,
0.00551940,-0.002441,1.227205,
0.00551960,0.000000,1.210957,
0.00551980,-0.002441,1.210957,
0.00552000,0.000000,1.210957,
0.00552020,-0.004883,1.210957,
0.00552040,0.000000,1.227205,
0.00552060,-0.002441,1.227205,
0.00552080,-0.002441,1.227205,
0.00552100,-0.002441,1.227205,
0.00552120,-0.002441,1.210957,
0.00552140,-0.002441,1.210957,
0.00552160,0.000000,1.210957,
0.00552180,-0.002441,1.210957,
0.00552200,-0.002441,1.227205,
0.00552220,-0.002441,1.227205,
0.00552240,0.000000,1.210957,
0.00552260,-0.002441,1.210957,
0.00552280,0.000000,1.227205,
0.00552300,0.000000,1.227205,
0.00552320,-0.002441,1.227205,
0.00552340,0.002441,1.227205,
0.00552360,0.000000,1.210957,
0.00552380,-0.002441,1.210957,
0.00552400,-0.002441,1.210957,
0.00552420,-0.002441,1.210957,
0.00552440,0.000000,1.227205,
0.00552460,0.000000,1.227205,
0.00552480,-0.002441,1.227205,
0.00552500,0.002441,1.227205,
0.00552520,0.000000,1.210957,
0.00552540,-0.002441,1.210957,
0.00552560,-0.002441,1.194710,
0.00552580,-0.002441,1.194710,
0.00552600,0.000000,1.210957,
0.00552620,-0.002441,1.210957,
0.00552640,0.000000,1.227205,
0.00552660,0.002441,1.227205,
0.00552680,-0.002441,1.227205,
0.00552700,-0.002441,1.227205,
0.00552720,-0.002441,1.227205,
0.00552740,-0.002441,1.210957,
0.00552760,0.000000,1.210957,
0.00552780,-0.002441,1.194710,
0.00552800,0.000000,1.194710,
0.00552820,0.000000,1.210957,
0.00552840,-0.002441,1.227205,
0.00552860,-0.002441,1.210957,
0.00552880,-0.002441,1.210957,
0.00552900,-0.002441,1.227205,
0.00552920,-0.002441,1.227205,
0.00552940,-0.002441,1.227205,
0.00552960,0.000000,1.194710,
0.00552980,-0.002441,1.210957,
0.00553000,0.000000,1.227205,
0.00553020,-0.002441,1.210957,
0.00553040,-0.002441,1.194710,
0.00553060,-0.002441,1.210957,
0.00553080,-0.002441,1.210957,
0.00553100,-0.002441,1.227205,
0.00553120,-0.002441,1.227205,
0.00553140,0.000000,1.210957,
0.00553160,0.000000,1.227205,
0.00553180,0.000000,1.194710,
0.00553200,-0.002441,1.194710,
0.00553220,0.000000,1.227205,
0.00553240,0.000000,1.227205,
0.00553260,-0.002441,1.210957,
0.00553280,0.000000,1.227205,
0.00553300,0.002441,1.227205,
0.00553320,0.000000,1.210957,
0.00553340,-0.002441,1.227205,
0.00553360,-0.002441,1.227205,
0.00553380,-0.002441,1.210957,
0.00553400,-0.002441,1.227205,
0.00553420,0.000000,1.210957,
0.00553440,0.000000,1.210957,
0.00553460,-0.004883,1.210957,
0.00553480,-0.002441,1.227205,
0.00553500,0.000000,1.243452,
0.00553520,-0.002441,1.210957,
0.00553540,-0.002441,1.210957,
0.00553560,0.000000,1.210957,
0.00553580,0.000000,1.227205,
0.00553600,0.000000,1.227205,
0.00553620,-0.002441,1.210957,
0.00553640,0.000000,1.227205,
0.00553660,-0.002441,1.210957,
0.00553680,0.000000,1.210957,
0.00553700,-0.002441,1.210957,
0.00553720,-0.002441,1.210957,
0.00553740,0.000000,1.227205,
0.00553760,-0.002441,1.210957,
0.00553780,-0.004883,1.210957,
0.00553800,0.000000,1.227205,
0.00553820,0.000000,1.227205,
0.00553840,-0.002441,1.210957,
0.00553860,-0.002441,1.210957,
0.00553880,0.000000,1.227205,
0.00553900,0.000000,1.227205,
0.00553920,0.000000,1.210957,
0.00553940,-0.002441,1.194710,
0.00553960,-0.002441,1.227205,
0.00553980,-0.002441,1.210957,
0.00554000,-0.002441,1.210957,
0.00554020,-0.002441,1.210957,
0.00554040,0.000000,1.227205,
0.00554060,0.000000,1.227205,
0.00554080,-0.002441,1.210957,
0.00554100,0.000000,1.210957,
0.00554120,0.000000,1.227205,
0.00554140,-0.002441,1.210957,
0.00554160,-0.002441,1.227205,
0.00554180,-0.002441,1.210957,
0.00554200,-0.002441,1.210957,
0.00554220,-0.002441,1.210957,
0.00554240,0.000000,1.210957,
0.00554260,-0.002441,1.194710,
0.00554280,0.000000,1.210957,
0.00554300,-0.002441,1.227205,
0.00554320,-0.002441,1.227205,
0.00554340,-0.002441,1.243452,
0.00554360,-0.002441,1.243452,
0.00554380,0.000000,1.243452,
0.00554400,-0.002441,1.227205,
0.00554420,0.000000,1.210957,
0.00554440,0.000000,1.194710,
0.00554460,-0.002441,1.194710,
0.00554480,-0.002441,1.210957,
0.00554500,0.000000,1.227205,
0.00554520,-0.002441,1.227205,
0.00554540,0.000000,1.227205,
0.00554560,-0.002441,1.227205,
0.00554580,-0.002441,1.243452,
0.00554600,0.000000,1.227205,
0.00554620,-0.002441,1.210957,
0.00554640,-0.002441,1.194710,
0.00554660,0.000000,1.210957,
0.00554680,-0.002441,1.227205,
0.00554700,0.000000,1.227205,
0.00554720,-0.002441,1.227205,
0.00554740,-0.002441,1.227205,
0.00554760,0.000000,1.243452,
0.00554780,0.000000,1.210957,
0.00554800,-0.002441,1.227205,
0.00554820,-0.002441,1.227205,
0.00554840,-0.002441,1.227205,
0.00554860,0.000000,1.227205,
0.00554880,0.000000,1.227205,
0.00554900,0.000000,1.227205,
0.00554920,0.000000,1.227205,
0.00554940,-0.002441,1.227205,
0.00554960,-0.002441,1.210957,
0.00554980,0.000000,1.227205,
0.00555000,-0.002441,1.227205,
0.00555020,-0.002441,1.243452,
0.00555040,0.000000,1.243452,
0.00555060,0.000000,1.227205,
0.00555080,-0.002441,1.210957,
0.00555100,-0.002441,1.227205,
0.00555120,-0.002441,1.243452,
0.00555140,0.000000,1.227205,
0.00555160,0.000000,1.227205,
0.00555180,-0.002441,1.227205,
0.00555200,-0.002441,1.243452,
0.00555220,0.000000,1.227205,
0.00555240,-0.002441,1.227205,
0.00555260,-0.002441,1.227205,
0.00555280,-0.002441,1.227205,
0.00555300,-0.002441,1.227205,
0.00555320,-0.002441,1.243452,
0.00555340,-0.002441,1.243452,
0.00555360,-0.002441,1.227205,
0.00555380,-0.002441,1.227205,
0.00555400,-0.002441,1.243452,
0.00555420,-0.002441,1.243452,
0.00555440,-0.002441,1.227205,
0.00555460,0.000000,1.227205,
0.00555480,0.000000,1.227205,
0.00555500,0.000000,1.227205,
0.00555520,0.000000,1.243452,
0.00555540,0.000000,1.243452,
0.00555560,0.000000,1.243452,
0.00555580,-0.002441,1.227205,
0.00555600,-0.002441,1.227205,
0.00555620,-0.004883,1.227205,
0.00555640,0.000000,1.243452,
0.00555660,-0.002441,1.227205,
0.00555680,0.000000,1.227205,
0.00555700,-0.002441,1.227205,
0.00555720,0.000000,1.227205,
0.00555740,0.000000,1.243452,
0.00555760,-0.002441,1.227205,
0.00555780,-0.002441,1.227205,
0.00555800,0.000000,1.243452,
0.00555820,0.000000,1.227205,
0.00555840,-0.002441,1.243452,
0.00555860,0.000000,1.227205,
0.00555880,0.000000,1.243452,
0.00555900,0.000000,1.227205,
0.00555920,-0.002441,1.243452,
0.00555940,-0.002441,1.227205,
0.00555960,0.000000,1.243452,
0.00555980,0.000000,1.243452,
0.00556000,-0.002441,1.243452,
0.00556020,-0.002441,1.243452,
0.00556040,0.000000,1.243452,
0.00556060,0.000000,1.227205,
0.00556080,-0.004883,1.210957,
0.00556100,-0.002441,1.227205,
0.00556120,0.000000,1.227205,
0.00556140,0.000000,1.227205,
0.00556160,0.000000,1.243452,
0.00556180,-0.002441,1.259700,
0.00556200,-0.002441,1.259700,
0.00556220,-0.002441,1.243452,
0.00556240,-0.002441,1.227205,
0.00556260,-0.002441,1.227205,
0.00556280,0.000000,1.243452,
0.00556300,0.000000,1.227205,
0.00556320,-0.002441,1.243452,
0.00556340,0.000000,1.227205,
0.00556360,0.000000,1.227205,
0.00556380,0.000000,1.243452,
0.00556400,-0.002441,1.243452,
0.00556420,-0.002441,1.243452,
0.00556440,-0.002441,1.243452,
0.00556460,0.000000,1.243452,
0.00556480,0.000000,1.227205,
0.00556500,0.000000,1.243452,
0.00556520,0.000000,1.243452,
0.00556540,-0.002441,1.227205,
0.00556560,0.000000,1.227205,
0.00556580,0.000000,1.227205,
0.00556600,-0.002441,1.243452,
0.00556620,-0.002441,1.243452,
0.00556640,0.000000,1.243452,
0.00556660,0.000000,1.227205,
0.00556680,0.000000,1.243452,
0.00556700,-0.002441,1.227205,
0.00556720,-0.002441,1.243452,
0.00556740,-0.002441,1.243452,
0.00556760,-0.002441,1.227205,
0.00556780,0.000000,1.243452,
0.00556800,0.000000,1.243452,
0.00556820,0.000000,1.243452,
0.00556840,-0.004883,1.227205,
0.00556860,0.000000,1.227205,
0.00556880,-0.002441,1.243452,
0.00556900,-0.002441,1.227205,
0.00556920,0.000000,1.243452,
0.00556940,-0.002441,1.243452,
0.00556960,0.000000,1.243452,
0.00556980,-0.002441,1.243452,
0.00557000,-0.002441,1.243452,
0.00557020,-0.002441,1.243452,
0.00557040,0.000000,1.243452,
0.00557060,-0.002441,1.227205,
0.00557080,-0.002441,1.243452,
0.00557100,0.000000,1.243452,
0.00557120,-0.002441,1.243452,
0.00557140,0.000000,1.227205,
0.00557160,0.000000,1.259700,
0.00557180,-0.002441,1.243452,
0.00557200,-0.002441,1.243452,
0.00557220,0.000000,1.243452,
0.00557240,-0.002441,1.227205,
0.00557260,0.000000,1.243452,
0.00557280,0.000000,1.243452,
0.00557300,0.000000,1.243452,
0.00557320,-0.002441,1.243452,
0.00557340,-0.002441,1.227205,
0.00557360,-0.004883,1.243452,
0.00557380,-0.002441,1.243452,
0.00557400,-0.002441,1.243452,
0.00557420,0.000000,1.259700,
0.00557440,0.000000,1.243452,
0.00557460,-0.002441,1.243452,
0.00557480,-0.002441,1.243452,
0.00557500,-0.002441,1.227205,
0.00557520,-0.002441,1.227205,
0.00557540,-0.002441,1.243452,
0.00557560,0.000000,1.259700,
0.00557580,-0.002441,1.243452,
0.00557600,0.000000,1.227205,
0.00557620,0.000000,1.243452,
0.00557640,0.000000,1.243452,
0.00557660,-0.002441,1.243452,
0.00557680,0.000000,1.243452,
0.00557700,0.000000,1.243452,
0.00557720,-0.002441,1.243452,
0.00557740,0.000000,1.243452,
0.00557760,-0.002441,1.227205,
0.00557780,-0.002441,1.243452,
0.00557800,-0.002441,1.227205,
0.00557820,0.000000,1.243452,
0.00557840,-0.002441,1.259700,
0.00557860,-0.002441,1.259700,
0.00557880,-0.002441,1.259700,
0.00557900,0.000000,1.259700,
0.00557920,-0.002441,1.227205,
0.00557940,-0.002441,1.227205,
0.00557960,0.002441,1.227205,
0.00557980,0.000000,1.210957,
0.00558000,-0.002441,1.227205,
0.00558020,0.000000,1.243452,
0.00558040,0.000000,1.259700,
0.00558060,-0.002441,1.259700,
0.00558080,-0.002441,1.259700,
0.00558100,-0.002441,1.243452,
0.00558120,0.002441,1.243452,
0.00558140,-0.002441,1.243452,
0.00558160,-0.002441,1.259700,
0.00558180,-0.002441,1.227205,
0.00558200,0.000000,1.243452,
0.00558220,-0.002441,1.243452,
0.00558240,0.000000,1.259700,
0.00558260,-0.002441,1.259700,
0.00558280,0.002441,1.259700,
0.00558300,0.000000,1.243452,
0.00558320,-0.002441,1.243452,
0.00558340,0.000000,1.243452,
0.00558360,-0.002441,1.243452,
0.00558380,-0.002441,1.259700,
0.00558400,0.000000,1.259700,
0.00558420,0.000000,1.259700,
0.00558440,0.000000,1.259700,
0.00558460,0.000000,1.259700,
0.00558480,0.000000,1.243452,
0.00558500,-0.002441,1.243452,
0.00558520,-0.002441,1.243452,
0.00558540,0.000000,1.243452,
0.00558560,0.000000,1.275947,
0.00558580,-0.002441,1.243452,
0.00558600,0.000000,1.243452,
0.00558620,0.000000,1.259700,
0.00558640,-0.002441,1.259700,
0.00558660,-0.002441,1.259700,
0.00558680,0.000000,1.259700,
0.00558700,-0.002441,1.259700,
0.00558720,-0.002441,1.259700,
0.00558740,0.000000,1.259700,
0.00558760,0.000000,1.259700,
0.00558780,0.000000,1.259700,
0.00558800,0.000000,1.243452,
0.00558820,0.000000,1.243452,
0.00558840,-0.002441,1.259700,
0.00558860,0.000000,1.259700,
0.00558880,0.002441,1.243452,
0.00558900,-0.002441,1.259700,
0.00558920,0.000000,1.259700,
0.00558940,0.000000,1.259700,
0.00558960,0.000000,1.259700,
0.00558980,-0.002441,1.243452,
0.00559000,-0.002441,1.243452,
0.00559020,0.000000,1.243452,
0.00559040,0.000000,1.275947,
0.00559060,-0.002441,1.275947,
0.00559080,-0.002441,1.259700,
0.00559100,-0.002441,1.243452,
0.00559120,-0.002441,1.259700,
0.00559140,-0.002441,1.259700,
0.00559160,0.000000,1.275947,
0.00559180,-0.002441,1.259700,
0.00559200,0.000000,1.275947,
0.00559220,-0.002441,1.259700,
0.00559240,0.000000,1.259700,
0.00559260,0.000000,1.275947,
0.00559280,0.000000,1.259700,
0.00559300,-0.002441,1.259700,
0.00559320,-0.002441,1.259700,
0.00559340,0.000000,1.259700,
0.00559360,0.000000,1.259700,
0.00559380,-0.002441,1.259700,
0.00559400,-0.002441,1.259700,
0.00559420,0.000000,1.275947,
0.00559440,-0.002441,1.275947,
0.00559460,-0.004883,1.275947,
0.00559480,-0.002441,1.275947,
0.00559500,-0.002441,1.275947,
0.00559520,0.000000,1.275947,
0.00559540,0.000000,1.275947,
0.00559560,-0.004883,1.243452,
0.00559580,-0.002441,1.259700,
0.00559600,-0.002441,1.259700,
0.00559620,-0.002441,1.259700,
0.00559640,-0.002441,1.243452,
0.00559660,0.000000,1.259700,
0.00559680,-0.002441,1.292195,
0.00559700,-0.002441,1.308443,
0.00559720,0.000000,1.292195,
0.00559740,0.000000,1.292195,
0.00559760,-0.002441,1.259700,
0.00559780,-0.002441,1.243452,
0.00559800,0.000000,1.259700,
0.00559820,0.000000,1.259700,
0.00559840,0.000000,1.275947,
0.00559860,-0.002441,1.275947,
0.00559880,-0.002441,1.275947,
0.00559900,-0.002441,1.259700,
0.00559920,-0.002441,1.275947,
0.00559940,-0.002441,1.275947,
0.00559960,-0.002441,1.259700,
0.00559980,0.000000,1.259700,
0.00560000,-0.002441,1.259700,
0.00560020,-0.002441,1.275947,
0.00560040,0.000000,1.292195,
0.00560060,0.000000,1.275947,
0.00560080,0.000000,1.275947,
0.00560100,-0.002441,1.275947,
0.00560120,-0.002441,1.259700,
0.00560140,0.000000,1.259700,
0.00560160,-0.002441,1.259700,
0.00560180,-0.002441,1.275947,
0.00560200,-0.002441,1.275947,
0.00560220,0.000000,1.292195,
0.00560240,-0.002441,1.275947,
0.00560260,-0.002441,1.259700,
0.00560280,0.000000,1.275947,
0.00560300,-0.002441,1.275947,
0.00560320,0.000000,1.275947,
0.00560340,-0.002441,1.259700,
0.00560360,-0.002441,1.275947,
0.00560380,0.000000,1.292195,
0.00560400,0.000000,1.259700,
0.00560420,-0.002441,1.275947,
0.00560440,-0.002441,1.275947,
0.00560460,-0.002441,1.275947,
0.00560480,0.000000,1.275947,
0.00560500,-0.002441,1.275947,
0.00560520,-0.002441,1.275947,
0.00560540,-0.002441,1.275947,
0.00560560,0.000000,1.259700,
0.00560580,-0.002441,1.259700,
0.00560600,-0.002441,1.259700,
0.00560620,0.000000,1.275947,
0.00560640,0.000000,1.275947,
0.00560660,0.000000,1.275947,
0.00560680,-0.002441,1.259700,
0.00560700,-0.002441,1.275947,
0.00560720,0.000000,1.275947,
0.00560740,-0.002441,1.275947,
0.00560760,-0.002441,1.275947,
0.00560780,0.000000,1.275947,
0.00560800,-0.002441,1.275947,
0.00560820,0.000000,1.275947,
0.00560840,-0.002441,1.275947,
0.00560860,0.000000,1.275947,
0.00560880,-0.002441,1.275947,
0.00560900,-0.002441,1.259700,
0.00560920,-0.002441,1.259700,
0.00560940,-0.002441,1.259700,
0.00560960,0.000000,1.275947,
0.00560980,0.000000,1.275947,
0.00561000,-0.002441,1.292195,
0.00561020,0.000000,1.275947,
0.00561040,-0.002441,1.259700,
0.00561060,-0.002441,1.275947,
0.00561080,-0.002441,1.275947,
0.00561100,-0.004883,1.275947,
0.00561120,-0.002441,1.259700,
0.00561140,0.000000,1.275947,
0.00561160,0.000000,1.275947,
0.00561180,0.000000,1.292195,
0.00561200,-0.002441,1.275947,
0.00561220,-0.002441,1.275947,
0.00561240,0.000000,1.259700,
0.00561260,0.000000,1.275947,
0.00561280,0.000000,1.275947,
0.00561300,0.000000,1.259700,
0.00561320,0.000000,1.259700,
0.00561340,0.000000,1.275947,
0.00561360,-0.002441,1.292195,
0.00561380,-0.002441,1.292195,
0.00561400,-0.002441,1.292195,
0.00561420,0.000000,1.275947,
0.00561440,-0.002441,1.259700,
0.00561460,0.000000,1.259700,
0.00561480,-0.002441,1.259700,
0.00561500,0.000000,1.275947,
0.00561520,0.000000,1.275947,
0.00561540,-0.002441,1.275947,
0.00561560,0.000000,1.275947,
0.00561580,-0.002441,1.292195,
0.00561600,-0.002441,1.292195,
0.00561620,0.000000,1.292195,
0.00561640,-0.002441,1.275947,
0.00561660,0.000000,1.275947,
0.00561680,-0.002441,1.259700,
0.00561700,0.000000,1.259700,
0.00561720,0.000000,1.275947,
0.00561740,-0.002441,1.275947,
0.00561760,-0.002441,1.292195,
0.00561780,0.000000,1.292195,
0.00561800,0.000000,1.275947,
0.00561820,-0.002441,1.275947,
0.00561840,-0.002441,1.275947,
0.00561860,0.000000,1.292195,
0.00561880,-0.002441,1.275947,
0.00561900,0.000000,1.292195,
0.00561920,0.000000,1.275947,
0.00561940,-0.002441,1.275947,
0.00561960,-0.002441,1.275947,
0.00561980,0.000000,1.275947,
0.00562000,0.000000,1.292195,
0.00562020,-0.002441,1.275947,
0.00562040,-0.002441,1.275947,
0.00562060,0.000000,1.275947,
0.00562080,0.000000,1.275947,
0.00562100,-0.002441,1.292195,
0.00562120,-0.002441,1.275947,
0.00562140,0.000000,1.275947,
0.00562160,-0.002441,1.275947,
0.00562180,-0.002441,1.292195,
0.00562200,-0.002441,1.275947,
0.00562220,0.000000,1.275947,
0.00562240,-0.002441,1.259700,
0.00562260,0.000000,1.292195,
0.00562280,-0.002441,1.275947,
0.00562300,0.000000,1.275947,
0.00562320,-0.002441,1.275947,
0.00562340,-0.002441,1.275947,
0.00562360,-0.002441,1.275947,
0.00562380,0.000000,1.292195,
0.00562400,-0.002441,1.292195,
0.00562420,-0.002441,1.292195,
0.00562440,-0.002441,1.292195,
0.00562460,-0.002441,1.292195,
0.00562480,-0.002441,1.275947,
0.00562500,0.000000,1.275947,
0.00562520,-0.002441,1.275947,
0.00562540,-0.002441,1.275947,
0.00562560,-0.002441,1.292195,
0.00562580,0.000000,1.292195,
0.00562600,0.000000,1.292195,
0.00562620,-0.002441,1.292195,
0.00562640,-0.002441,1.292195,
0.00562660,-0.002441,1.292195,
0.00562680,-0.002441,1.275947,
0.00562700,-0.002441,1.275947,
0.00562720,0.000000,1.292195,
0.00562740,0.000000,1.292195,
0.00562760,-0.002441,1.275947,
0.00562780,0.000000,1.275947,
0.00562800,-0.002441,1.275947,
0.00562820,-0.002441,1.275947,
0.00562840,-0.002441,1.292195,
0.00562860,0.000000,1.292195,
0.00562880,-0.002441,1.292195,
0.00562900,-0.002441,1.292195,
0.00562920,-0.002441,1.292195,
0.00562940,0.000000,1.292195,
0.00562960,-0.002441,1.292195,
0.00562980,-0.002441,1.292195,
0.00563000,-0.002441,1.292195,
0.00563020,-0.002441,1.292195,
0.00563040,0.000000,1.308443,
0.00563060,0.000000,1.292195,
0.00563080,0.000000,1.275947,
0.00563100,0.000000,1.292195,
0.00563120,0.000000,1.275947,
0.00563140,0.000000,1.275947,
0.00563160,-0.002441,1.292195,
0.00563180,0.000000,1.308443,
0.00563200,0.000000,1.324690,
0.00563220,0.000000,1.308443,
0.00563240,-0.002441,1.308443,
0.00563260,-0.002441,1.292195,
0.00563280,-0.002441,1.275947,
0.00563300,0.000000,1.259700,
0.00563320,-0.002441,1.275947,
0.00563340,-0.002441,1.292195,
0.00563360,0.000000,1.308443,
0.00563380,0.000000,1.292195,
0.00563400,-0.002441,1.292195,
0.00563420,-0.002441,1.308443,
0.00563440,-0.002441,1.308443,
0.00563460,-0.002441,1.292195,
0.00563480,-0.002441,1.275947,
0.00563500,-0.002441,1.292195,
0.00563520,-0.002441,1.292195,
0.00563540,-0.002441,1.292195,
0.00563560,-0.002441,1.292195,
0.00563580,-0.002441,1.292195,
0.00563600,-0.002441,1.292195,
0.00563620,-0.002441,1.292195,
0.00563640,-0.002441,1.292195,
0.00563660,-0.002441,1.292195,
0.00563680,0.000000,1.292195,
0.00563700,-0.002441,1.292195,
0.00563720,-0.002441,1.292195,
0.00563740,0.000000,1.292195,
0.00563760,-0.002441,1.292195,
0.00563780,-0.002441,1.292195,
0.00563800,-0.002441,1.292195,
0.00563820,-0.002441,1.275947,
0.00563840,0.000000,1.292195,
0.00563860,0.000000,1.308443,
0.00563880,0.000000,1.292195,
0.00563900,0.002441,1.292195,
0.00563920,0.000000,1.275947,
0.00563940,0.000000,1.292195,
0.00563960,0.000000,1.292195,
0.00563980,-0.002441,1.292195,
0.00564000,-0.002441,1.292195,
0.00564020,0.000000,1.292195,
0.00564040,-0.002441,1.275947,
0.00564060,0.004883,1.292195,
0.00564080,0.000000,1.292195,
0.00564100,0.000000,1.292195,
0.00564120,-0.002441,1.292195,
0.00564140,0.000000,1.292195,
0.00564160,0.000000,1.292195,
0.00564180,-0.002441,1.292195,
0.00564200,-0.002441,1.308443,
0.00564220,0.000000,1.292195,
0.00564240,-0.002441,1.292195,
0.00564260,-0.002441,1.275947,
0.00564280,0.000000,1.292195,
0.00564300,-0.002441,1.275947,
0.00564320,-0.002441,1.292195,
0.00564340,0.000000,1.292195,
0.00564360,0.000000,1.292195,
0.00564380,-0.002441,1.292195,
0.00564400,0.000000,1.292195,
0.00564420,0.000000,1.292195,
0.00564440,0.000000,1.275947,
0.00564460,-0.002441,1.275947,
0.00564480,0.000000,1.275947,
0.00564500,0.000000,1.275947,
0.00564520,-0.002441,1.275947,
0.00564540,-0.002441,1.275947,
0.00564560,-0.002441,1.292195,
0.00564580,0.000000,1.275947,
0.00564600,-0.002441,1.275947,
0.00564620,-0.002441,1.275947,
0.00564640,-0.002441,1.292195,
0.00564660,-0.002441,1.275947,
0.00564680,-0.002441,1.275947,
0.00564700,-0.002441,1.275947,
0.00564720,-0.002441,1.292195,
0.00564740,0.000000,1.275947,
0.00564760,-0.002441,1.259700,
0.00564780,-0.002441,1.259700,
0.00564800,-0.002441,1.275947,
0.00564820,0.000000,1.275947,
0.00564840,-0.002441,1.275947,
0.00564860,0.002441,1.292195,
0.00564880,0.000000,1.292195,
0.00564900,0.000000,1.292195,
0.00564920,-0.002441,1.292195,
0.00564940,0.000000,1.275947,
0.00564960,0.000000,1.259700,
0.00564980,-0.002441,1.275947,
0.00565000,-0.002441,1.275947,
0.00565020,-0.004883,1.275947,
0.00565040,0.000000,1.292195,
0.00565060,-0.002441,1.259700,
0.00565080,-0.002441,1.259700,
0.00565100,-0.002441,1.292195,
0.00565120,0.000000,1.292195,
0.00565140,0.000000,1.292195,
0.00565160,-0.002441,1.275947,
0.00565180,-0.002441,1.275947,
0.00565200,-0.002441,1.292195,
0.00565220,0.000000,1.275947,
0.00565240,-0.002441,1.275947,
0.00565260,-0.002441,1.292195,
0.00565280,0.000000,1.275947,
0.00565300,-0.002441,1.275947,
0.00565320,-0.002441,1.259700,
0.00565340,-0.002441,1.259700,
0.00565360,0.000000,1.275947,
0.00565380,-0.002441,1.275947,
0.00565400,0.000000,1.275947,
0.00565420,-0.002441,1.259700,
0.00565440,0.000000,1.275947,
0.00565460,0.000000,1.292195,
0.00565480,-0.004883,1.275947,
0.00565500,-0.004883,1.275947,
0.00565520,0.000000,1.275947,
0.00565540,0.000000,1.259700,
0.00565560,-0.002441,1.259700,
0.00565580,-0.002441,1.259700,
0.00565600,0.000000,1.275947,
0.00565620,0.000000,1.292195,
0.00565640,-0.002441,1.275947,
0.00565660,0.000000,1.275947,
0.00565680,0.000000,1.259700,
0.00565700,-0.002441,1.259700,
0.00565720,-0.002441,1.259700,
0.00565740,-0.002441,1.259700,
0.00565760,-0.002441,1.259700,
0.00565780,0.000000,1.275947,
0.00565800,-0.002441,1.275947,
0.00565820,-0.002441,1.259700,
0.00565840,0.000000,1.275947,
0.00565860,-0.002441,1.259700,
0.00565880,-0.002441,1.275947,
0.00565900,-0.002441,1.275947,
0.00565920,0.000000,1.275947,
0.00565940,0.000000,1.275947,
0.00565960,-0.002441,1.259700,
0.00565980,-0.002441,1.275947,
0.00566000,0.000000,1.275947,
0.00566020,-0.002441,1.275947,
0.00566040,-0.002441,1.275947,
0.00566060,-0.002441,1.275947,
0.00566080,-0.002441,1.259700,
0.00566100,-0.002441,1.259700,
0.00566120,0.000000,1.259700,
0.00566140,-0.002441,1.275947,
0.00566160,-0.002441,1.275947,
0.00566180,0.000000,1.275947,
0.00566200,-0.002441,1.259700,
0.00566220,-0.002441,1.275947,
0.00566240,0.000000,1.275947,
0.00566260,0.000000,1.292195,
0.00566280,0.000000,1.275947,
0.00566300,-0.002441,1.259700,
0.00566320,0.000000,1.259700,
0.00566340,-0.002441,1.259700,
0.00566360,-0.002441,1.259700,
0.00566380,-0.002441,1.259700,
0.00566400,0.000000,1.259700,
0.00566420,0.000000,1.275947,
0.00566440,-0.002441,1.275947,
0.00566460,-0.002441,1.275947,
0.00566480,0.000000,1.292195,
0.00566500,-0.002441,1.275947,
0.00566520,-0.002441,1.275947,
0.00566540,-0.002441,1.259700,
0.00566560,0.000000,1.275947,
0.00566580,0.000000,1.275947,
0.00566600,-0.002441,1.275947,
0.00566620,-0.002441,1.259700,
0.00566640,0.000000,1.259700,
0.00566660,0.000000,1.259700,
0.00566680,-0.002441,1.259700,
0.00566700,-0.002441,1.275947,
0.00566720,0.000000,1.292195,
0.00566740,0.000000,1.275947,
0.00566760,0.000000,1.275947,
0.00566780,-0.002441,1.275947,
0.00566800,-0.002441,1.259700,
0.00566820,-0.002441,1.259700,
0.00566840,-0.002441,1.259700,
0.00566860,-0.002441,1.259700,
0.00566880,0.000000,1.275947,
0.00566900,-0.002441,1.275947,
0.00566920,-0.002441,1.275947,
0.00566940,0.000000,1.275947,
0.00566960,0.000000,1.275947,
0.00566980,0.000000,1.275947,
0.00567000,0.000000,1.275947,
0.00567020,-0.002441,1.259700,
0.00567040,0.000000,1.275947,
0.00567060,0.000000,1.275947,
0.00567080,-0.002441,1.275947,
0.00567100,-0.002441,1.275947,
0.00567120,0.000000,1.275947,
0.00567140,-0.002441,1.259700,
0.00567160,-0.002441,1.259700,
0.00567180,-0.002441,1.259700,
0.00567200,0.000000,1.275947,
0.00567220,-0.002441,1.292195,
0.00567240,0.000000,1.275947,
0.00567260,0.000000,1.275947,
0.00567280,0.000000,1.259700,
0.00567300,-0.002441,1.275947,
0.00567320,0.000000,1.259700,
0.00567340,-0.002441,1.259700,
0.00567360,-0.002441,1.275947,
0.00567380,0.000000,1.292195,
0.00567400,-0.002441,1.292195,
0.00567420,0.000000,1.275947,
0.00567440,-0.002441,1.259700,
0.00567460,0.000000,1.275947,
0.00567480,-0.002441,1.275947,
0.00567500,0.000000,1.259700,
0.00567520,-0.002441,1.259700,
0.00567540,0.000000,1.259700,
0.00567560,0.000000,1.275947,
0.00567580,0.000000,1.275947,
0.00567600,-0.002441,1.275947,
0.00567620,-0.002441,1.275947,
0.00567640,0.000000,1.259700,
0.00567660,-0.002441,1.259700,
0.00567680,0.000000,1.275947,
0.00567700,0.000000,1.275947,
0.00567720,-0.002441,1.275947,
0.00567740,0.000000,1.275947,
0.00567760,-0.002441,1.275947,
0.00567780,-0.002441,1.259700,
0.00567800,-0.002441,1.259700,
0.00567820,0.000000,1.259700,
0.00567840,-0.002441,1.275947,
0.00567860,-0.002441,1.275947,
0.00567880,-0.002441,1.259700,
0.00567900,-0.002441,1.259700,
0.00567920,0.000000,1.275947,
0.00567940,-0.002441,1.259700,
0.00567960,0.000000,1.259700,
0.00567980,-0.002441,1.259700,
0.00568000,0.000000,1.292195,
0.00568020,0.000000,1.275947,
0.00568040,0.000000,1.275947,
0.00568060,0.000000,1.259700,
0.00568080,-0.002441,1.259700,
0.00568100,0.000000,1.259700,
0.00568120,-0.004883,1.259700,
0.00568140,-0.002441,1.259700,
0.00568160,-0.002441,1.259700,
0.00568180,0.000000,1.259700,
0.00568200,0.000000,1.259700,
0.00568220,0.000000,1.259700,
0.00568240,0.000000,1.259700,
0.00568260,0.000000,1.259700,
0.00568280,0.000000,1.243452,
0.00568300,-0.002441,1.243452,
0.00568320,0.000000,1.259700,
0.00568340,0.000000,1.275947,
0.00568360,0.000000,1.275947,
0.00568380,-0.002441,1.275947,
0.00568400,-0.002441,1.292195,
0.00568420,0.000000,1.275947,
0.00568440,-0.004883,1.259700,
0.00568460,-0.002441,1.243452,
0.00568480,-0.002441,1.243452,
0.00568500,0.000000,1.259700,
0.00568520,0.002441,1.259700,
0.00568540,0.000000,1.259700,
0.00568560,-0.002441,1.259700,
0.00568580,-0.002441,1.259700,
0.00568600,-0.002441,1.259700,
0.00568620,-0.002441,1.259700,
0.00568640,0.000000,1.259700,
0.00568660,0.000000,1.243452,
0.00568680,0.000000,1.259700,
0.00568700,-0.002441,1.259700,
0.00568720,-0.002441,1.259700,
0.00568740,-0.002441,1.259700,
0.00568760,-0.002441,1.259700,
0.00568780,-0.002441,1.243452,
0.00568800,0.000000,1.243452,
0.00568820,-0.002441,1.243452,
0.00568840,0.000000,1.243452,
0.00568860,-0.002441,1.243452,
0.00568880,0.002441,1.259700,
0.00568900,-0.002441,1.259700,
0.00568920,0.000000,1.259700,
0.00568940,-0.002441,1.259700,
0.00568960,0.000000,1.243452,
0.00568980,0.000000,1.243452,
0.00569000,0.000000,1.259700,
0.00569020,0.000000,1.259700,
0.00569040,0.000000,1.259700,
0.00569060,0.000000,1.259700,
0.00569080,0.000000,1.227205,
0.00569100,-0.002441,1.243452,
0.00569120,0.000000,1.243452,
0.00569140,0.000000,1.259700,
0.00569160,-0.002441,1.259700,
0.00569180,0.000000,1.259700,
0.00569200,-0.002441,1.243452,
0.00569220,0.000000,1.227205,
0.00569240,0.000000,1.243452,
0.00569260,-0.002441,1.243452,
0.00569280,0.000000,1.243452,
0.00569300,0.000000,1.243452,
0.00569320,-0.002441,1.243452,
0.00569340,0.000000,1.243452,
0.00569360,-0.004883,1.243452,
0.00569380,0.000000,1.243452,
0.00569400,0.000000,1.243452,
0.00569420,-0.002441,1.243452,
0.00569440,0.000000,1.243452,
0.00569460,-0.002441,1.243452,
0.00569480,0.000000,1.243452,
0.00569500,-0.002441,1.243452,
0.00569520,0.000000,1.243452,
0.00569540,-0.002441,1.243452,
0.00569560,-0.002441,1.227205,
0.00569580,-0.002441,1.243452,
0.00569600,0.000000,1.243452,
0.00569620,0.000000,1.243452,
0.00569640,-0.002441,1.243452,
0.00569660,-0.002441,1.243452,
0.00569680,0.002441,1.243452,
0.00569700,0.000000,1.243452,
0.00569720,-0.002441,1.243452,
0.00569740,-0.002441,1.243452,
0.00569760,-0.002441,1.243452,
0.00569780,0.000000,1.243452,
0.00569800,0.000000,1.243452,
0.00569820,-0.002441,1.243452,
0.00569840,0.004883,1.243452,
0.00569860,0.000000,1.227205,
0.00569880,-0.002441,1.227205,
0.00569900,-0.004883,1.243452,
0.00569920,0.000000,1.259700,
0.00569940,0.000000,1.259700,
0.00569960,-0.002441,1.243452,
0.00569980,0.000000,1.243452,
0.00570000,0.000000,1.243452,
0.00570020,0.000000,1.243452,
0.00570040,-0.002441,1.243452,
0.00570060,-0.002441,1.243452,
0.00570080,-0.002441,1.227205,
0.00570100,-0.002441,1.243452,
0.00570120,0.000000,1.227205,
0.00570140,0.000000,1.227205,
0.00570160,-0.002441,1.227205,
0.00570180,0.000000,1.243452,
0.00570200,0.000000,1.243452,
0.00570220,0.000000,1.243452,
0.00570240,-0.002441,1.243452,
0.00570260,0.000000,1.243452,
0.00570280,0.000000,1.243452,
0.00570300,0.000000,1.243452,
0.00570320,-0.004883,1.227205,
0.00570340,0.000000,1.243452,
0.00570360,-0.002441,1.227205,
0.00570380,-0.002441,1.227205,
0.00570400,-0.002441,1.243452,
0.00570420,0.000000,1.243452,
0.00570440,0.000000,1.243452,
0.00570460,-0.002441,1.227205,
0.00570480,0.000000,1.227205,
0.00570500,-0.002441,1.243452,
0.00570520,-0.002441,1.227205,
0.00570540,-0.002441,1.227205,
0.00570560,-0.002441,1.227205,
0.00570580,0.000000,1.243452,
0.00570600,0.000000,1.243452,
0.00570620,-0.002441,1.243452,
0.00570640,0.000000,1.243452,
0.00570660,0.000000,1.227205,
0.00570680,0.000000,1.243452,
0.00570700,-0.002441,1.243452,
0.00570720,0.000000,1.243452,
0.00570740,0.000000,1.243452,
0.00570760,0.000000,1.243452,
0.00570780,-0.002441,1.227205,
0.00570800,-0.002441,1.227205,
0.00570820,-0.002441,1.227205,
0.00570840,-0.002441,1.243452,
0.00570860,-0.002441,1.243452,
0.00570880,0.000000,1.243452,
0.00570900,-0.002441,1.227205,
0.00570920,-0.002441,1.227205,
0.00570940,0.002441,1.243452,
0.00570960,-0.002441,1.243452,
0.00570980,0.000000,1.227205,
0.00571000,-0.002441,1.227205,
0.00571020,0.000000,1.227205,
0.00571040,-0.002441,1.243452,
0.00571060,0.000000,1.243452,
0.00571080,-0.002441,1.227205,
0.00571100,0.000000,1.243452,
0.00571120,-0.002441,1.243452,
0.00571140,0.000000,1.243452,
0.00571160,0.000000,1.243452,
0.00571180,-0.002441,1.227205,
0.00571200,-0.002441,1.227205,
0.00571220,0.000000,1.243452,
0.00571240,0.000000,1.227205,
0.00571260,-0.002441,1.227205,
0.00571280,-0.002441,1.227205,
0.00571300,0.000000,1.243452,
0.00571320,-0.002441,1.227205,
0.00571340,0.000000,1.227205,
0.00571360,-0.002441,1.227205,
0.00571380,-0.002441,1.243452,
0.00571400,0.000000,1.227205,
0.00571420,0.000000,1.227205,
0.00571440,0.000000,1.227205,
0.00571460,0.000000,1.243452,
0.00571480,0.000000,1.227205,
0.00571500,-0.002441,1.227205,
0.00571520,0.000000,1.227205,
0.00571540,0.000000,1.227205,
0.00571560,0.000000,1.210957,
0.00571580,-0.002441,1.227205,
0.00571600,-0.002441,1.210957,
0.00571620,0.000000,1.227205,
0.00571640,0.000000,1.227205,
0.00571660,-0.002441,1.227205,
0.00571680,-0.002441,1.210957,
0.00571700,0.000000,1.210957,
0.00571720,-0.002441,1.227205,
0.00571740,-0.002441,1.227205,
0.00571760,-0.002441,1.227205,
0.00571780,-0.002441,1.210957,
0.00571800,-0.002441,1.194710,
0.00571820,-0.002441,1.210957,
0.00571840,-0.004883,1.210957,
0.00571860,0.000000,1.227205,
0.00571880,0.000000,1.243452,
0.00571900,-0.002441,1.243452,
0.00571920,-0.002441,1.243452,
0.00571940,0.004883,1.243452,
0.00571960,0.000000,1.210957,
0.00571980,-0.002441,1.194710,
0.00572000,-0.002441,1.194710,
0.00572020,0.000000,1.194710,
0.00572040,-0.002441,1.227205,
0.00572060,0.000000,1.227205,
0.00572080,-0.002441,1.227205,
0.00572100,0.002441,1.227205,
0.00572120,-0.002441,1.227205,
0.00572140,-0.002441,1.210957,
0.00572160,-0.002441,1.210957,
0.00572180,0.000000,1.210957,
0.00572200,0.000000,1.210957,
0.00572220,-0.002441,1.210957,
0.00572240,0.000000,1.210957,
0.00572260,0.000000,1.227205,
0.00572280,0.000000,1.227205,
0.00572300,-0.002441,1.210957,
0.00572320,0.000000,1.210957,
0.00572340,0.000000,1.210957,
0.00572360,-0.002441,1.210957,
0.00572380,-0.002441,1.210957,
0.00572400,0.000000,1.210957,
0.00572420,-0.002441,1.210957,
0.00572440,0.000000,1.227205,
0.00572460,-0.002441,1.210957,
0.00572480,0.000000,1.210957,
0.00572500,0.000000,1.210957,
0.00572520,0.000000,1.210957,
0.00572540,0.000000,1.194710,
0.00572560,0.000000,1.194710,
0.00572580,0.000000,1.194710,
0.00572600,-0.002441,1.210957,
0.00572620,-0.002441,1.210957,
0.00572640,-0.002441,1.194710,
0.00572660,-0.002441,1.194710,
0.00572680,0.000000,1.210957,
0.00572700,0.000000,1.227205,
0.00572720,-0.002441,1.210957,
0.00572740,0.000000,1.194710,
0.00572760,0.000000,1.194710,
0.00572780,-0.002441,1.194710,
0.00572800,-0.004883,1.194710,
0.00572820,0.000000,1.194710,
0.00572840,0.000000,1.210957,
0.00572860,0.000000,1.194710,
0.00572880,0.000000,1.194710,
0.00572900,0.000000,1.210957,
0.00572920,0.000000,1.210957,
0.00572940,-0.002441,1.194710,
0.00572960,-0.002441,1.194710,
0.00572980,-0.002441,1.194710,
0.00573000,0.000000,1.194710,
0.00573020,0.000000,1.194710,
0.00573040,-0.002441,1.194710,
0.00573060,0.000000,1.210957,
0.00573080,0.000000,1.194710,
0.00573100,-0.002441,1.194710,
0.00573120,-0.002441,1.194710,
0.00573140,0.000000,1.194710,
0.00573160,0.000000,1.194710,
0.00573180,-0.002441,1.194710,
0.00573200,-0.002441,1.194710,
0.00573220,-0.002441,1.210957,
0.00573240,0.000000,1.194710,
0.00573260,-0.002441,1.178462,
0.00573280,-0.002441,1.194710,
0.00573300,-0.002441,1.194710,
0.00573320,0.000000,1.194710,
0.00573340,0.000000,1.178462,
0.00573360,-0.002441,1.194710,
0.00573380,-0.002441,1.194710,
0.00573400,-0.002441,1.194710,
0.00573420,-0.002441,1.178462,
0.00573440,-0.002441,1.194710,
0.00573460,-0.002441,1.194710,
0.00573480,-0.002441,1.194710,
0.00573500,-0.002441,1.194710,
0.00573520,0.000000,1.194710,
0.00573540,-0.002441,1.194710,
0.00573560,0.000000,1.194710,
0.00573580,-0.002441,1.178462,
0.00573600,-0.002441,1.178462,
0.00573620,0.000000,1.178462,
0.00573640,0.000000,1.178462,
0.00573660,0.000000,1.178462,
0.00573680,-0.002441,1.178462,
0.00573700,0.000000,1.210957,
0.00573720,0.000000,1.210957,
0.00573740,0.000000,1.210957,
0.00573760,-0.004883,1.194710,
0.00573780,0.000000,1.194710,
0.00573800,-0.002441,1.178462,
0.00573820,0.000000,1.178462,
0.00573840,0.000000,1.178462,
0.00573860,0.000000,1.194710,
0.00573880,-0.002441,1.194710,
0.00573900,-0.002441,1.178462,
0.00573920,-0.002441,1.178462,
0.00573940,0.000000,1.194710,
0.00573960,0.000000,1.194710,
0.00573980,0.000000,1.194710,
0.00574000,-0.002441,1.194710,
0.00574020,0.000000,1.178462,
0.00574040,-0.002441,1.162215,
0.00574060,0.000000,1.178462,
0.00574080,-0.002441,1.178462,
0.00574100,0.000000,1.178462,
0.00574120,0.000000,1.178462,
0.00574140,-0.002441,1.178462,
0.00574160,0.000000,1.194710,
0.00574180,-0.002441,1.194710,
0.00574200,-0.002441,1.178462,
0.00574220,-0.002441,1.194710,
0.00574240,-0.002441,1.178462,
0.00574260,0.000000,1.194710,
0.00574280,0.000000,1.194710,
0.00574300,0.000000,1.194710,
0.00574320,0.000000,1.194710,
0.00574340,-0.002441,1.178462,
0.00574360,0.000000,1.194710,
0.00574380,-0.002441,1.178462,
0.00574400,-0.002441,1.178462,
0.00574420,0.000000,1.178462,
0.00574440,0.000000,1.178462,
0.00574460,-0.002441,1.178462,
0.00574480,0.000000,1.194710,
0.00574500,0.000000,1.194710,
0.00574520,0.000000,1.178462,
0.00574540,-0.002441,1.178462,
0.00574560,-0.002441,1.178462,
0.00574580,0.000000,1.178462,
0.00574600,-0.002441,1.178462,
0.00574620,0.000000,1.178462,
0.00574640,0.000000,1.178462,
0.00574660,0.000000,1.194710,
0.00574680,-0.002441,1.178462,
0.00574700,0.000000,1.178462,
0.00574720,-0.002441,1.178462,
0.00574740,-0.002441,1.178462,
0.00574760,0.002441,1.194710,
0.00574780,0.000000,1.178462,
0.00574800,0.000000,1.178462,
0.00574820,-0.002441,1.194710,
0.00574840,0.000000,1.194710,
0.00574860,0.000000,1.178462,
0.00574880,-0.002441,1.178462,
0.00574900,-0.002441,1.162215,
0.00574920,-0.002441,1.178462,
0.00574940,0.000000,1.178462,
0.00574960,-0.002441,1.178462,
0.00574980,-0.002441,1.178462,
0.00575000,-0.002441,1.178462,
0.00575020,-0.002441,1.178462,
0.00575040,-0.002441,1.162215,
0.00575060,-0.002441,1.162215,
0.00575080,0.000000,1.162215,
0.00575100,0.000000,1.178462,
0.00575120,-0.002441,1.194710,
0.00575140,-0.002441,1.162215,
0.00575160,0.000000,1.178462,
0.00575180,-0.002441,1.162215,
0.00575200,-0.002441,1.178462,
0.00575220,0.000000,1.178462,
0.00575240,0.000000,1.178462,
0.00575260,-0.002441,1.178462,
0.00575280,-0.002441,1.178462,
0.00575300,0.002441,1.162215,
0.00575320,-0.002441,1.162215,
0.00575340,-0.002441,1.162215,
0.00575360,-0.002441,1.178462,
0.00575380,-0.002441,1.178462,
0.00575400,-0.002441,1.194710,
0.00575420,0.000000,1.194710,
0.00575440,0.000000,1.194710,
0.00575460,0.002441,1.178462,
0.00575480,-0.002441,1.162215,
0.00575500,0.000000,1.145967,
0.00575520,-0.002441,1.145967,
0.00575540,0.000000,1.162215,
0.00575560,0.000000,1.178462,
0.00575580,0.000000,1.178462,
0.00575600,0.000000,1.178462,
0.00575620,0.000000,1.178462,
0.00575640,0.000000,1.178462,
0.00575660,0.000000,1.178462,
0.00575680,-0.002441,1.162215,
0.00575700,-0.002441,1.162215,
0.00575720,0.000000,1.162215,
0.00575740,0.000000,1.178462,
0.00575760,-0.002441,1.178462,
0.00575780,-0.002441,1.178462,
0.00575800,0.000000,1.178462,
0.00575820,-0.002441,1.162215,
0.00575840,-0.002441,1.162215,
0.00575860,-0.002441,1.178462,
0.00575880,-0.002441,1.162215,
0.00575900,0.000000,1.178462,
0.00575920,0.000000,1.162215,
0.00575940,0.000000,1.162215,
0.00575960,-0.002441,1.178462,
0.00575980,0.000000,1.178462,
0.00576000,0.000000,1.178462,
0.00576020,-0.002441,1.145967,
0.00576040,-0.002441,1.162215,
0.00576060,0.000000,1.162215,
0.00576080,0.000000,1.162215,
0.00576100,0.000000,1.162215,
0.00576120,0.000000,1.178462,
0.00576140,0.000000,1.178462,
0.00576160,0.000000,1.162215,
0.00576180,0.000000,1.162215,
0.00576200,-0.002441,1.162215,
0.00576220,-0.002441,1.162215,
0.00576240,0.000000,1.162215,
0.00576260,-0.004883,1.162215,
0.00576280,-0.002441,1.162215,
0.00576300,-0.002441,1.162215,
0.00576320,0.000000,1.162215,
0.00576340,0.000000,1.145967,
0.00576360,0.000000,1.162215,
0.00576380,-0.002441,1.162215,
0.00576400,0.000000,1.178462,
0.00576420,0.000000,1.178462,
0.00576440,0.000000,1.178462,
0.00576460,-0.002441,1.162215,
0.00576480,-0.002441,1.145967,
0.00576500,0.000000,1.145967,
0.00576520,0.000000,1.162215,
0.00576540,0.000000,1.162215,
0.00576560,-0.002441,1.162215,
0.00576580,-0.002441,1.145967,
0.00576600,-0.002441,1.162215,
0.00576620,0.000000,1.162215,
0.00576640,-0.002441,1.162215,
0.00576660,0.000000,1.145967,
0.00576680,0.000000,1.145967,
0.00576700,0.000000,1.145967,
0.00576720,-0.002441,1.145967,
0.00576740,-0.002441,1.162215,
0.00576760,0.000000,1.178462,
0.00576780,0.000000,1.162215,
0.00576800,-0.002441,1.145967,
0.00576820,-0.002441,1.145967,
0.00576840,0.000000,1.145967,
0.00576860,-0.002441,1.145967,
0.00576880,0.000000,1.162215,
0.00576900,0.000000,1.162215,
0.00576920,0.000000,1.162215,
0.00576940,-0.002441,1.145967,
0.00576960,0.000000,1.162215,
0.00576980,0.000000,1.162215,
0.00577000,-0.002441,1.162215,
0.00577020,0.000000,1.162215,
0.00577040,0.000000,1.162215,
0.00577060,-0.002441,1.145967,
0.00577080,0.000000,1.162215,
0.00577100,-0.002441,1.145967,
0.00577120,-0.002441,1.145967,
0.00577140,-0.002441,1.145967,
0.00577160,0.000000,1.145967,
0.00577180,0.000000,1.162215,
0.00577200,0.000000,1.162215,
0.00577220,0.000000,1.162215,
0.00577240,0.000000,1.178462,
0.00577260,0.000000,1.162215,
0.00577280,0.000000,1.162215,
0.00577300,-0.002441,1.145967,
0.00577320,-0.002441,1.145967,
0.00577340,0.000000,1.129719,
0.00577360,-0.002441,1.145967,
0.00577380,-0.002441,1.145967,
0.00577400,0.000000,1.145967,
0.00577420,-0.002441,1.145967,
0.00577440,-0.002441,1.162215,
0.00577460,-0.002441,1.162215,
0.00577480,-0.002441,1.162215,
0.00577500,0.000000,1.162215,
0.00577520,0.000000,1.145967,
0.00577540,-0.002441,1.145967,
0.00577560,0.000000,1.162215,
0.00577580,0.002441,1.162215,
0.00577600,-0.002441,1.162215,
0.00577620,-0.002441,1.145967,
0.00577640,0.000000,1.145967,
0.00577660,0.000000,1.145967,
0.00577680,0.000000,1.145967,
0.00577700,0.000000,1.162215,
0.00577720,-0.002441,1.162215,
0.00577740,0.000000,1.162215,
0.00577760,0.000000,1.162215,
0.00577780,-0.002441,1.162215,
0.00577800,0.000000,1.162215,
0.00577820,-0.002441,1.162215,
0.00577840,-0.002441,1.162215,
0.00577860,-0.002441,1.145967,
0.00577880,-0.002441,1.145967,
0.00577900,0.000000,1.162215,
0.00577920,-0.002441,1.162215,
0.00577940,0.000000,1.162215,
0.00577960,-0.002441,1.178462,
0.00577980,0.000000,1.162215,
0.00578000,0.000000,1.162215,
0.00578020,-0.002441,1.145967,
0.00578040,0.000000,1.145967,
0.00578060,0.000000,1.145967,
0.00578080,-0.002441,1.162215,
0.00578100,0.000000,1.162215,
0.00578120,0.000000,1.162215,
0.00578140,0.002441,1.162215,
0.00578160,0.000000,1.162215,
0.00578180,0.000000,1.162215,
0.00578200,0.000000,1.162215,
0.00578220,-0.002441,1.162215,
0.00578240,-0.002441,1.162215,
0.00578260,-0.002441,1.162215,
0.00578280,-0.002441,1.162215,
0.00578300,0.000000,1.162215,
0.00578320,0.000000,1.162215,
0.00578340,0.000000,1.162215,
0.00578360,0.000000,1.145967,
0.00578380,0.000000,1.129719,
0.00578400,-0.002441,1.162215,
0.00578420,-0.002441,1.162215,
0.00578440,-0.002441,1.162215,
0.00578460,0.000000,1.178462,
0.00578480,-0.002441,1.162215,
0.00578500,-0.002441,1.162215,
0.00578520,-0.002441,1.162215,
0.00578540,-0.002441,1.145967,
0.00578560,-0.002441,1.162215,
0.00578580,-0.002441,1.162215,
0.00578600,-0.002441,1.162215,
0.00578620,0.000000,1.162215,
0.00578640,-0.002441,1.145967,
0.00578660,-0.002441,1.145967,
0.00578680,-0.002441,1.145967,
0.00578700,0.000000,1.162215,
0.00578720,0.000000,1.178462,
0.00578740,-0.002441,1.162215,
0.00578760,-0.002441,1.162215,
0.00578780,-0.002441,1.145967,
0.00578800,0.002441,1.162215,
0.00578820,0.000000,1.145967,
0.00578840,0.000000,1.145967,
0.00578860,-0.002441,1.145967,
0.00578880,0.000000,1.162215,
0.00578900,-0.002441,1.178462,
0.00578920,-0.002441,1.194710,
0.00578940,0.000000,1.178462,
0.00578960,-0.002441,1.162215,
0.00578980,0.000000,1.145967,
0.00579000,-0.002441,1.145967,
0.00579020,0.000000,1.145967,
0.00579040,0.000000,1.145967,
0.00579060,-0.004883,1.145967,
0.00579080,0.000000,1.162215,
0.00579100,0.000000,1.194710,
0.00579120,0.000000,1.194710,
0.00579140,0.000000,1.178462,
0.00579160,0.000000,1.178462,
0.00579180,0.000000,1.162215,
0.00579200,-0.002441,1.145967,
0.00579220,0.000000,1.145967,
0.00579240,0.000000,1.162215,
0.00579260,-0.002441,1.162215,
0.00579280,-0.002441,1.162215,
0.00579300,-0.002441,1.162215,
0.00579320,-0.002441,1.162215,
0.00579340,0.000000,1.162215,
0.00579360,-0.002441,1.162215,
0.00579380,-0.002441,1.162215,
0.00579400,-0.002441,1.162215,
0.00579420,-0.002441,1.162215,
0.00579440,-0.002441,1.162215,
0.00579460,-0.002441,1.178462,
0.00579480,-0.002441,1.162215,
0.00579500,0.000000,1.162215,
0.00579520,-0.002441,1.162215,
0.00579540,-0.002441,1.162215,
0.00579560,0.000000,1.162215,
0.00579580,0.000000,1.162215,
0.00579600,0.000000,1.162215,
0.00579620,0.000000,1.145967,
0.00579640,-0.002441,1.162215,
0.00579660,-0.002441,1.162215,
0.00579680,0.000000,1.162215,
0.00579700,-0.002441,1.162215,
0.00579720,-0.002441,1.162215,
0.00579740,0.000000,1.178462,
0.00579760,0.000000,1.178462,
0.00579780,-0.002441,1.162215,
0.00579800,0.000000,1.178462,
0.00579820,0.000000,1.162215,
0.00579840,-0.002441,1.145967,
0.00579860,-0.002441,1.162215,
0.00579880,0.000000,1.178462,
0.00579900,0.000000,1.162215,
0.00579920,0.000000,1.178462,
0.00579940,-0.002441,1.162215,
0.00579960,0.000000,1.178462,
0.00579980,0.000000,1.162215,
0.00580000,-0.002441,1.162215,
0.00580020,-0.002441,1.162215,
0.00580040,0.000000,1.178462,
0.00580060,-0.002441,1.178462,
0.00580080,0.000000,1.178462,
0.00580100,-0.002441,1.162215,
0.00580120,-0.002441,1.178462,
0.00580140,-0.002441,1.162215,
0.00580160,-0.002441,1.162215,
0.00580180,0.000000,1.162215,
0.00580200,0.000000,1.162215,
0.00580220,0.000000,1.162215,
0.00580240,-0.002441,1.162215,
0.00580260,-0.002441,1.162215,
0.00580280,-0.002441,1.178462,
0.00580300,0.000000,1.178462,
0.00580320,-0.002441,1.162215,
0.00580340,-0.002441,1.162215,
0.00580360,-0.002441,1.162215,
0.00580380,0.000000,1.162215,
0.00580400,0.000000,1.162215,
0.00580420,0.000000,1.162215,
0.00580440,-0.002441,1.162215,
0.00580460,-0.002441,1.178462,
0.00580480,-0.002441,1.178462,
0.00580500,-0.002441,1.162215,
0.00580520,-0.002441,1.178462,
0.00580540,-0.002441,1.162215,
0.00580560,0.000000,1.178462,
0.00580580,0.000000,1.178462,
0.00580600,0.002441,1.162215,
0.00580620,0.000000,1.162215,
0.00580640,-0.002441,1.145967,
0.00580660,-0.002441,1.162215,
0.00580680,-0.002441,1.162215,
0.00580700,-0.002441,1.178462,
0.00580720,0.000000,1.178462,
0.00580740,-0.002441,1.178462,
0.00580760,0.002441,1.178462,
0.00580780,-0.002441,1.178462,
0.00580800,0.000000,1.178462,
0.00580820,0.000000,1.162215,
0.00580840,0.000000,1.162215,
0.00580860,0.000000,1.162215,
0.00580880,0.000000,1.162215,
0.00580900,-0.002441,1.162215,
0.00580920,0.002441,1.194710,
0.00580940,-0.002441,1.162215,
0.00580960,-0.002441,1.162215,
0.00580980,-0.002441,1.178462,
0.00581000,0.000000,1.178462,
0.00581020,0.000000,1.178462,
0.00581040,-0.002441,1.162215,
0.00581060,-0.002441,1.162215,
0.00581080,-0.002441,1.162215,
0.00581100,0.000000,1.194710,
0.00581120,-0.002441,1.178462,
0.00581140,-0.002441,1.162215,
0.00581160,-0.002441,1.145967,
0.00581180,0.000000,1.162215,
0.00581200,0.000000,1.178462,
0.00581220,0.000000,1.178462,
0.00581240,-0.002441,1.178462,
0.00581260,0.000000,1.162215,
0.00581280,-0.002441,1.162215,
0.00581300,-0.002441,1.162215,
0.00581320,-0.002441,1.178462,
0.00581340,0.000000,1.178462,
0.00581360,0.000000,1.178462,
0.00581380,-0.002441,1.162215,
0.00581400,0.000000,1.162215,
0.00581420,0.000000,1.178462,
0.00581440,0.000000,1.178462,
0.00581460,-0.002441,1.162215,
0.00581480,0.000000,1.178462,
0.00581500,-0.002441,1.178462,
0.00581520,-0.002441,1.178462,
0.00581540,-0.002441,1.178462,
0.00581560,0.000000,1.178462,
0.00581580,-0.002441,1.178462,
0.00581600,-0.002441,1.178462,
0.00581620,-0.002441,1.178462,
0.00581640,0.000000,1.178462,
0.00581660,-0.002441,1.178462,
0.00581680,0.000000,1.178462,
0.00581700,0.000000,1.178462,
0.00581720,0.000000,1.178462,
0.00581740,0.000000,1.162215,
0.00581760,-0.002441,1.162215,
0.00581780,-0.002441,1.178462,
0.00581800,-0.002441,1.178462,
0.00581820,-0.002441,1.178462,
0.00581840,0.000000,1.178462,
0.00581860,-0.002441,1.178462,
0.00581880,-0.002441,1.178462,
0.00581900,-0.002441,1.194710,
0.00581920,-0.002441,1.178462,
0.00581940,0.000000,1.178462,
0.00581960,0.000000,1.162215,
0.00581980,0.000000,1.178462,
0.00582000,0.000000,1.178462,
0.00582020,0.000000,1.178462,
0.00582040,-0.002441,1.178462,
0.00582060,0.000000,1.178462,
0.00582080,-0.002441,1.162215,
0.00582100,-0.002441,1.178462,
0.00582120,-0.002441,1.178462,
0.00582140,0.000000,1.178462,
0.00582160,0.000000,1.178462,
0.00582180,-0.002441,1.178462,
0.00582200,-0.002441,1.178462,
0.00582220,0.000000,1.194710,
0.00582240,0.000000,1.194710,
0.00582260,0.000000,1.194710,
0.00582280,-0.002441,1.178462,
0.00582300,0.000000,1.178462,
0.00582320,0.000000,1.162215,
0.00582340,0.000000,1.162215,
0.00582360,-0.002441,1.162215,
0.00582380,0.000000,1.194710,
0.00582400,0.000000,1.194710,
0.00582420,-0.002441,1.194710,
0.00582440,-0.002441,1.194710,
0.00582460,0.000000,1.194710,
0.00582480,-0.002441,1.178462,
0.00582500,0.000000,1.178462,
0.00582520,0.000000,1.162215,
0.00582540,0.000000,1.162215,
0.00582560,0.000000,1.178462,
0.00582580,-0.002441,1.178462,
0.00582600,0.000000,1.178462,
0.00582620,0.000000,1.178462,
0.00582640,0.000000,1.194710,
0.00582660,-0.002441,1.194710,
0.00582680,-0.002441,1.194710,
0.00582700,0.000000,1.178462,
0.00582720,-0.002441,1.162215,
0.00582740,-0.004883,1.178462,
0.00582760,-0.002441,1.178462,
0.00582780,-0.002441,1.178462,
0.00582800,-0.002441,1.194710,
0.00582820,0.000000,1.178462,
0.00582840,0.000000,1.194710,
0.00582860,0.000000,1.194710,
0.00582880,0.000000,1.178462,
0.00582900,0.000000,1.178462,
0.00582920,-0.002441,1.178462,
0.00582940,-0.002441,1.178462,
0.00582960,0.000000,1.194710,
0.00582980,0.000000,1.194710,
0.00583000,-0.002441,1.194710,
0.00583020,0.000000,1.194710,
0.00583040,0.000000,1.194710,
0.00583060,-0.002441,1.178462,
0.00583080,-0.002441,1.178462,
0.00583100,0.000000,1.194710,
0.00583120,-0.002441,1.178462,
0.00583140,0.000000,1.194710,
0.00583160,-0.002441,1.194710,
0.00583180,-0.002441,1.194710,
0.00583200,-0.002441,1.194710,
0.00583220,-0.002441,1.194710,
0.00583240,0.000000,1.194710,
0.00583260,0.000000,1.194710,
0.00583280,0.000000,1.194710,
0.00583300,0.000000,1.194710,
0.00583320,0.000000,1.194710,
0.00583340,0.000000,1.194710,
0.00583360,0.000000,1.194710,
0.00583380,-0.002441,1.194710,
0.00583400,0.000000,1.194710,
0.00583420,0.000000,1.210957,
0.00583440,0.000000,1.194710,
0.00583460,0.000000,1.194710,
0.00583480,0.000000,1.194710,
0.00583500,-0.002441,1.194710,
0.00583520,0.000000,1.194710,
0.00583540,-0.002441,1.194710,
0.00583560,-0.002441,1.194710,
0.00583580,0.000000,1.194710,
0.00583600,-0.002441,1.210957,
0.00583620,-0.002441,1.194710,
0.00583640,0.000000,1.194710,
0.00583660,0.000000,1.194710,
0.00583680,0.000000,1.210957,
0.00583700,-0.002441,1.194710,
0.00583720,-0.002441,1.194710,
0.00583740,0.000000,1.194710,
0.00583760,0.000000,1.194710,
0.00583780,-0.002441,1.210957,
0.00583800,-0.002441,1.210957,
0.00583820,0.000000,1.210957,
0.00583840,0.000000,1.194710,
0.00583860,-0.002441,1.194710,
0.00583880,-0.002441,1.178462,
0.00583900,0.000000,1.194710,
0.00583920,0.000000,1.194710,
0.00583940,-0.002441,1.210957,
0.00583960,0.000000,1.210957,
0.00583980,0.000000,1.210957,
0.00584000,-0.002441,1.194710,
0.00584020,-0.002441,1.210957,
0.00584040,0.000000,1.210957,
0.00584060,-0.002441,1.210957,
0.00584080,-0.002441,1.210957,
0.00584100,0.000000,1.210957,
0.00584120,-0.002441,1.210957,
0.00584140,0.000000,1.210957,
0.00584160,0.002441,1.194710,
0.00584180,0.000000,1.194710,
0.00584200,-0.002441,1.194710,
0.00584220,0.000000,1.227205,
0.00584240,0.000000,1.227205,
0.00584260,0.000000,1.210957,
0.00584280,0.000000,1.210957,
0.00584300,0.000000,1.210957,
0.00584320,0.000000,1.210957,
0.00584340,-0.002441,1.194710,
0.00584360,0.000000,1.194710,
0.00584380,0.000000,1.194710,
0.00584400,0.000000,1.194710,
0.00584420,-0.002441,1.210957,
0.00584440,0.000000,1.210957,
0.00584460,0.000000,1.210957,
0.00584480,0.000000,1.210957,
0.00584500,-0.002441,1.194710,
0.00584520,-0.002441,1.194710,
0.00584540,0.000000,1.227205,
0.00584560,0.000000,1.194710,
0.00584580,0.000000,1.210957,
0.00584600,-0.002441,1.210957,
0.00584620,0.000000,1.210957,
0.00584640,-0.002441,1.210957,
0.00584660,-0.002441,1.194710,
0.00584680,-0.002441,1.194710,
0.00584700,0.000000,1.194710,
0.00584720,0.000000,1.210957,
0.00584740,0.000000,1.227205,
0.00584760,-0.002441,1.210957,
0.00584780,-0.002441,1.210957,
0.00584800,-0.002441,1.210957,
0.00584820,0.000000,1.210957,
0.00584840,-0.004883,1.194710,
0.00584860,-0.002441,1.210957,
0.00584880,0.000000,1.210957,
0.00584900,0.000000,1.210957,
0.00584920,0.000000,1.210957,
0.00584940,-0.002441,1.210957,
0.00584960,-0.002441,1.210957,
0.00584980,-0.002441,1.210957,
0.00585000,-0.002441,1.227205,
0.00585020,-0.002441,1.227205,
0.00585040,-0.002441,1.227205,
0.00585060,0.000000,1.227205,
0.00585080,-0.002441,1.210957,
0.00585100,-0.002441,1.210957,
0.00585120,-0.002441,1.194710,
0.00585140,-0.002441,1.210957,
0.00585160,-0.002441,1.210957,
0.00585180,0.000000,1.210957,
0.00585200,-0.002441,1.210957,
0.00585220,0.000000,1.194710,
0.00585240,0.000000,1.210957,
0.00585260,-0.002441,1.227205,
0.00585280,-0.002441,1.227205,
0.00585300,-0.002441,1.210957,
0.00585320,-0.002441,1.194710,
0.00585340,-0.002441,1.210957,
0.00585360,-0.002441,1.210957,
0.00585380,0.000000,1.210957,
0.00585400,-0.002441,1.210957,
0.00585420,0.000000,1.210957,
0.00585440,-0.002441,1.210957,
0.00585460,-0.002441,1.210957,
0.00585480,-0.002441,1.210957,
0.00585500,-0.002441,1.210957,
0.00585520,-0.002441,1.210957,
0.00585540,0.000000,1.210957,
0.00585560,-0.002441,1.210957,
0.00585580,0.000000,1.227205,
0.00585600,-0.002441,1.227205,
0.00585620,-0.002441,1.210957,
0.00585640,-0.002441,1.210957,
0.00585660,0.000000,1.194710,
0.00585680,0.000000,1.210957,
0.00585700,-0.002441,1.227205,
0.00585720,0.000000,1.227205,
0.00585740,-0.002441,1.227205,
0.00585760,0.000000,1.227205,
0.00585780,-0.002441,1.227205,
0.00585800,-0.002441,1.210957,
0.00585820,0.000000,1.210957,
0.00585840,-0.002441,1.194710,
0.00585860,-0.002441,1.210957,
0.00585880,0.000000,1.210957,
0.00585900,-0.002441,1.227205,
0.00585920,-0.002441,1.227205,
0.00585940,0.000000,1.259700,
0.00585960,-0.002441,1.243452,
0.00585980,-0.002441,1.227205,
0.00586000,-0.002441,1.210957,
0.00586020,0.000000,1.194710,
0.00586040,0.000000,1.194710,
0.00586060,-0.002441,1.210957,
0.00586080,0.000000,1.227205,
0.00586100,-0.002441,1.210957,
0.00586120,-0.002441,1.227205,
0.00586140,-0.002441,1.243452,
0.00586160,0.000000,1.227205,
0.00586180,-0.002441,1.227205,
0.00586200,-0.002441,1.210957,
0.00586220,0.000000,1.194710,
0.00586240,0.000000,1.210957,
0.00586260,0.000000,1.227205,
0.00586280,-0.002441,1.227205,
0.00586300,-0.002441,1.227205,
0.00586320,0.000000,1.227205,
0.00586340,0.000000,1.227205,
0.00586360,-0.002441,1.227205,
0.00586380,0.002441,1.227205,
0.00586400,0.000000,1.227205,
0.00586420,-0.002441,1.227205,
0.00586440,-0.002441,1.227205,
0.00586460,0.000000,1.210957,
0.00586480,0.000000,1.227205,
0.00586500,0.000000,1.243452,
0.00586520,0.000000,1.227205,
0.00586540,0.002441,1.227205,
0.00586560,-0.002441,1.210957,
0.00586580,0.000000,1.227205,
0.00586600,-0.002441,1.227205,
0.00586620,-0.002441,1.227205,
0.00586640,-0.002441,1.227205,
0.00586660,-0.002441,1.227205,
0.00586680,0.000000,1.227205,
0.00586700,0.000000,1.227205,
0.00586720,0.000000,1.227205,
0.00586740,0.000000,1.227205,
0.00586760,0.000000,1.227205,
0.00586780,0.000000,1.243452,
0.00586800,-0.002441,1.243452,
0.00586820,-0.002441,1.227205,
0.00586840,0.000000,1.227205,
0.00586860,-0.002441,1.210957,
0.00586880,0.000000,1.227205,
0.00586900,-0.002441,1.243452,
0.00586920,-0.002441,1.243452,
0.00586940,-0.002441,1.243452,
0.00586960,-0.002441,1.243452,
0.00586980,-0.002441,1.227205,
0.00587000,0.000000,1.227205,
0.00587020,-0.002441,1.227205,
0.00587040,-0.002441,1.243452,
0.00587060,-0.002441,1.243452,
0.00587080,-0.002441,1.227205,
0.00587100,-0.002441,1.243452,
0.00587120,0.000000,1.243452,
0.00587140,0.000000,1.243452,
0.00587160,-0.002441,1.243452,
0.00587180,0.000000,1.227205,
0.00587200,-0.002441,1.243452,
0.00587220,-0.002441,1.227205,
0.00587240,-0.002441,1.227205,
0.00587260,0.000000,1.243452,
0.00587280,0.000000,1.259700,
0.00587300,0.000000,1.259700,
0.00587320,-0.002441,1.243452,
0.00587340,0.000000,1.243452,
0.00587360,-0.002441,1.227205,
0.00587380,0.000000,1.227205,
0.00587400,-0.002441,1.243452,
0.00587420,-0.002441,1.243452,
0.00587440,0.000000,1.243452,
0.00587460,0.000000,1.243452,
0.00587480,0.000000,1.243452,
0.00587500,-0.004883,1.243452,
0.00587520,-0.002441,1.259700,
0.00587540,0.000000,1.243452,
0.00587560,-0.002441,1.243452,
0.00587580,0.000000,1.259700,
0.00587600,-0.002441,1.243452,
0.00587620,-0.002441,1.243452,
0.00587640,-0.002441,1.243452,
0.00587660,-0.002441,1.243452,
0.00587680,-0.002441,1.227205,
0.00587700,-0.002441,1.227205,
0.00587720,-0.002441,1.243452,
0.00587740,-0.002441,1.243452,
0.00587760,0.000000,1.275947,
0.00587780,0.000000,1.259700,
0.00587800,-0.002441,1.243452,
0.00587820,-0.002441,1.259700,
0.00587840,0.000000,1.259700,
0.00587860,-0.002441,1.243452,
0.00587880,-0.002441,1.227205,
0.00587900,-0.002441,1.227205,
0.00587920,0.000000,1.243452,
0.00587940,-0.002441,1.259700,
0.00587960,-0.002441,1.243452,
0.00587980,-0.007324,1.243452,
0.00588000,0.000000,1.259700,
0.00588020,0.000000,1.243452,
0.00588040,0.000000,1.243452,
0.00588060,0.000000,1.243452,
0.00588080,0.000000,1.243452,
0.00588100,0.000000,1.259700,
0.00588120,-0.002441,1.243452,
0.00588140,0.000000,1.243452,
0.00588160,0.000000,1.259700,
0.00588180,-0.002441,1.259700,
0.00588200,-0.002441,1.259700,
0.00588220,-0.002441,1.227205,
0.00588240,0.000000,1.243452,
0.00588260,0.000000,1.243452,
0.00588280,0.000000,1.243452,
0.00588300,-0.002441,1.243452,
0.00588320,-0.002441,1.243452,
0.00588340,-0.002441,1.259700,
0.00588360,0.000000,1.259700,
0.00588380,-0.002441,1.243452,
0.00588400,-0.002441,1.243452,
0.00588420,0.000000,1.243452,
0.00588440,-0.004883,1.243452,
0.00588460,0.000000,1.259700,
0.00588480,0.000000,1.259700,
0.00588500,0.000000,1.243452,
0.00588520,-0.002441,1.227205,
0.00588540,-0.002441,1.243452,
0.00588560,-0.002441,1.243452,
0.00588580,0.000000,1.259700,
0.00588600,0.000000,1.259700,
0.00588620,0.000000,1.259700,
0.00588640,0.000000,1.243452,
0.00588660,0.000000,1.243452,
0.00588680,-0.002441,1.227205,
0.00588700,-0.002441,1.243452,
0.00588720,0.000000,1.259700,
0.00588740,-0.002441,1.243452,
0.00588760,-0.002441,1.243452,
0.00588780,0.000000,1.243452,
0.00588800,0.000000,1.259700,
0.00588820,-0.002441,1.243452,
0.00588840,-0.004883,1.227205,
0.00588860,-0.002441,1.243452,
0.00588880,0.000000,1.259700,
0.00588900,-0.002441,1.243452,
0.00588920,0.000000,1.259700,
0.00588940,-0.002441,1.243452,
0.00588960,0.000000,1.243452,
0.00588980,-0.002441,1.243452,
0.00589000,-0.002441,1.243452,
0.00589020,0.000000,1.243452,
0.00589040,-0.002441,1.243452,
0.00589060,-0.002441,1.259700,
0.00589080,-0.002441,1.243452,
0.00589100,-0.002441,1.259700,
0.00589120,0.000000,1.259700,
0.00589140,-0.004883,1.227205,
0.00589160,0.000000,1.243452,
0.00589180,-0.002441,1.243452,
0.00589200,-0.002441,1.243452,
0.00589220,0.000000,1.259700,
0.00589240,0.000000,1.259700,
0.00589260,-0.002441,1.259700,
0.00589280,-0.002441,1.259700,
0.00589300,0.000000,1.243452,
0.00589320,-0.002441,1.243452,
0.00589340,-0.002441,1.227205,
0.00589360,-0.002441,1.227205,
0.00589380,0.000000,1.243452,
0.00589400,0.000000,1.243452,
0.00589420,-0.002441,1.259700,
0.00589440,0.000000,1.275947,
0.00589460,-0.002441,1.275947,
0.00589480,-0.002441,1.259700,
0.00589500,-0.002441,1.243452,
0.00589520,-0.002441,1.243452,
0.00589540,-0.002441,1.227205,
0.00589560,0.002441,1.243452,
0.00589580,0.000000,1.243452,
0.00589600,0.000000,1.259700,
0.00589620,0.000000,1.259700,
0.00589640,-0.002441,1.259700,
0.00589660,-0.002441,1.243452,
0.00589680,0.000000,1.259700,
0.00589700,0.000000,1.259700,
0.00589720,-0.002441,1.243452,
0.00589740,0.000000,1.243452,
0.00589760,0.000000,1.259700,
0.00589780,0.000000,1.243452,
0.00589800,-0.004883,1.243452,
0.00589820,0.000000,1.259700,
0.00589840,-0.002441,1.243452,
0.00589860,0.000000,1.259700,
0.00589880,0.000000,1.259700,
0.00589900,-0.002441,1.259700,
0.00589920,-0.002441,1.259700,
0.00589940,0.000000,1.243452,
0.00589960,-0.002441,1.259700,
0.00589980,-0.002441,1.259700,
0.00590000,0.000000,1.259700,
0.00590020,-0.002441,1.243452,
0.00590040,0.000000,1.259700,
0.00590060,-0.002441,1.243452,
0.00590080,0.000000,1.243452,
0.00590100,0.000000,1.243452,
0.00590120,-0.002441,1.259700,
0.00590140,-0.002441,1.259700,
0.00590160,0.000000,1.259700,
0.00590180,0.000000,1.259700,
0.00590200,0.000000,1.259700,
0.00590220,0.000000,1.259700,
0.00590240,-0.002441,1.275947,
0.00590260,0.000000,1.259700,
0.00590280,-0.002441,1.243452,
0.00590300,-0.002441,1.243452,
0.00590320,-0.002441,1.259700,
0.00590340,0.000000,1.259700,
0.00590360,-0.002441,1.259700,
0.00590380,0.000000,1.259700,
0.00590400,0.000000,1.259700,
0.00590420,-0.002441,1.243452,
0.00590440,0.000000,1.259700,
0.00590460,-0.002441,1.259700,
0.00590480,-0.002441,1.259700,
0.00590500,-0.002441,1.259700,
0.00590520,0.000000,1.259700,
0.00590540,-0.002441,1.259700,
0.00590560,0.000000,1.259700,
0.00590580,0.000000,1.259700,
0.00590600,-0.002441,1.259700,
0.00590620,-0.002441,1.259700,
0.00590640,0.000000,1.243452,
0.00590660,0.000000,1.259700,
0.00590680,0.000000,1.259700,
0.00590700,0.000000,1.259700,
0.00590720,0.000000,1.259700,
0.00590740,-0.002441,1.259700,
0.00590760,-0.002441,1.259700,
0.00590780,-0.002441,1.243452,
0.00590800,-0.002441,1.259700,
0.00590820,0.000000,1.259700,
0.00590840,-0.002441,1.259700,
0.00590860,0.000000,1.259700,
0.00590880,-0.002441,1.275947,
0.00590900,-0.002441,1.259700,
0.00590920,-0.002441,1.259700,
0.00590940,0.000000,1.259700,
0.00590960,-0.002441,1.259700,
0.00590980,0.000000,1.259700,
0.00591000,0.000000,1.259700,
0.00591020,-0.002441,1.259700,
0.00591040,-0.002441,1.259700,
0.00591060,0.000000,1.259700,
0.00591080,0.000000,1.275947,
0.00591100,-0.002441,1.259700,
0.00591120,0.000000,1.275947,
0.00591140,0.000000,1.259700,
0.00591160,-0.002441,1.243452,
0.00591180,0.000000,1.227205,
0.00591200,0.000000,1.243452,
0.00591220,-0.002441,1.259700,
0.00591240,-0.002441,1.275947,
0.00591260,-0.002441,1.259700,
0.00591280,0.000000,1.275947,
0.00591300,-0.002441,1.275947,
0.00591320,0.000000,1.275947,
0.00591340,-0.002441,1.259700,
0.00591360,0.000000,1.259700,
0.00591380,0.000000,1.243452,
0.00591400,-0.002441,1.227205,
0.00591420,-0.002441,1.243452,
0.00591440,0.000000,1.259700,
0.00591460,-0.002441,1.259700,
0.00591480,0.000000,1.275947,
0.00591500,-0.002441,1.275947,
0.00591520,0.000000,1.259700,
0.00591540,-0.002441,1.259700,
0.00591560,-0.002441,1.259700,
0.00591580,-0.002441,1.259700,
0.00591600,0.000000,1.259700,
0.00591620,0.000000,1.259700,
0.00591640,0.000000,1.275947,
0.00591660,-0.002441,1.259700,
0.00591680,-0.002441,1.259700,
0.00591700,-0.002441,1.259700,
0.00591720,-0.002441,1.259700,
0.00591740,-0.002441,1.259700,
0.00591760,-0.002441,1.259700,
0.00591780,-0.002441,1.259700,
0.00591800,0.000000,1.259700,
0.00591820,-0.002441,1.259700,
0.00591840,-0.004883,1.259700,
0.00591860,0.000000,1.259700,
0.00591880,-0.002441,1.259700,
0.00591900,-0.002441,1.259700,
0.00591920,-0.002441,1.259700,
0.00591940,0.000000,1.259700,
0.00591960,-0.002441,1.275947,
0.00591980,-0.002441,1.275947,
0.00592000,-0.002441,1.259700,
0.00592020,0.000000,1.259700,
0.00592040,-0.002441,1.259700,
0.00592060,-0.002441,1.259700,
0.00592080,0.000000,1.259700,
0.00592100,-0.002441,1.259700,
0.00592120,-0.004883,1.259700,
0.00592140,-0.002441,1.259700,
0.00592160,0.002441,1.275947,
0.00592180,-0.002441,1.259700,
0.00592200,-0.002441,1.259700,
0.00592220,-0.002441,1.243452,
0.00592240,0.000000,1.259700,
0.00592260,0.000000,1.259700,
0.00592280,0.000000,1.259700,
0.00592300,0.000000,1.259700,
0.00592320,0.004883,1.259700,
0.00592340,0.000000,1.259700,
0.00592360,-0.002441,1.259700,
0.00592380,-0.002441,1.259700,
0.00592400,-0.002441,1.259700,
0.00592420,0.000000,1.259700,
0.00592440,-0.002441,1.259700,
0.00592460,0.000000,1.243452,
0.00592480,0.000000,1.259700,
0.00592500,0.000000,1.259700,
0.00592520,-0.002441,1.259700,
0.00592540,-0.002441,1.259700,
0.00592560,0.000000,1.259700,
0.00592580,0.000000,1.259700,
0.00592600,0.000000,1.259700,
0.00592620,-0.002441,1.259700,
0.00592640,0.000000,1.259700,
0.00592660,0.000000,1.243452,
0.00592680,-0.002441,1.243452,
0.00592700,-0.002441,1.259700,
0.00592720,-0.002441,1.243452,
0.00592740,0.000000,1.259700,
0.00592760,0.000000,1.243452,
0.00592780,-0.002441,1.275947,
0.00592800,-0.002441,1.275947,
0.00592820,-0.002441,1.259700,
0.00592840,-0.002441,1.243452,
0.00592860,-0.002441,1.227205,
0.00592880,-0.002441,1.243452,
0.00592900,0.000000,1.259700,
0.00592920,0.000000,1.275947,
0.00592940,-0.002441,1.259700,
0.00592960,-0.002441,1.259700,
0.00592980,-0.002441,1.275947,
0.00593000,0.000000,1.259700,
0.00593020,-0.002441,1.243452,
0.00593040,-0.002441,1.243452,
0.00593060,-0.002441,1.227205,
0.00593080,0.000000,1.227205,
0.00593100,-0.002441,1.243452,
0.00593120,0.000000,1.259700,
0.00593140,-0.002441,1.292195,
0.00593160,-0.002441,1.275947,
0.00593180,0.000000,1.259700,
0.00593200,-0.002441,1.243452,
0.00593220,0.000000,1.243452,
0.00593240,-0.002441,1.243452,
0.00593260,0.000000,1.259700,
0.00593280,0.000000,1.259700,
0.00593300,-0.002441,1.259700,
0.00593320,-0.002441,1.259700,
0.00593340,-0.002441,1.259700,
0.00593360,0.000000,1.243452,
0.00593380,0.000000,1.259700,
0.00593400,0.000000,1.259700,
0.00593420,-0.002441,1.259700,
0.00593440,0.002441,1.259700,
0.00593460,0.000000,1.259700,
0.00593480,0.000000,1.243452,
0.00593500,-0.002441,1.243452,
0.00593520,0.000000,1.243452,
0.00593540,0.000000,1.259700,
0.00593560,0.000000,1.243452,
0.00593580,0.000000,1.259700,
0.00593600,-0.002441,1.243452,
0.00593620,-0.002441,1.243452,
0.00593640,0.000000,1.243452,
0.00593660,-0.002441,1.227205,
0.00593680,0.000000,1.243452,
0.00593700,0.000000,1.259700,
0.00593720,0.000000,1.259700,
0.00593740,-0.002441,1.243452,
0.00593760,-0.002441,1.243452,
0.00593780,0.000000,1.259700,
0.00593800,-0.002441,1.243452,
0.00593820,0.000000,1.243452,
0.00593840,-0.002441,1.227205,
0.00593860,-0.002441,1.243452,
0.00593880,0.000000,1.243452,
0.00593900,0.000000,1.243452,
0.00593920,0.000000,1.259700,
0.00593940,0.000000,1.259700,
0.00593960,-0.002441,1.259700,
0.00593980,-0.002441,1.243452,
0.00594000,0.000000,1.227205,
0.00594020,-0.002441,1.243452,
0.00594040,-0.002441,1.243452,
0.00594060,0.000000,1.259700,
0.00594080,-0.002441,1.243452,
0.00594100,0.000000,1.243452,
0.00594120,0.000000,1.243452,
0.00594140,0.000000,1.243452,
0.00594160,-0.002441,1.243452,
0.00594180,0.000000,1.259700,
0.00594200,0.000000,1.227205,
0.00594220,0.002441,1.243452,
0.00594240,-0.002441,1.259700,
0.00594260,0.000000,1.243452,
0.00594280,-0.002441,1.243452,
0.00594300,-0.002441,1.243452,
0.00594320,-0.002441,1.243452,
0.00594340,0.000000,1.259700,
0.00594360,0.000000,1.259700,
0.00594380,0.000000,1.243452,
0.00594400,0.000000,1.243452,
0.00594420,0.000000,1.243452,
0.00594440,-0.002441,1.243452,
0.00594460,-0.002441,1.227205,
0.00594480,-0.002441,1.243452,
0.00594500,0.000000,1.259700,
0.00594520,0.000000,1.243452,
0.00594540,-0.002441,1.243452,
0.00594560,0.000000,1.259700,
0.00594580,0.000000,1.259700,
0.00594600,-0.002441,1.259700,
0.00594620,-0.002441,1.243452,
0.00594640,-0.002441,1.243452,
0.00594660,0.000000,1.243452,
0.00594680,-0.002441,1.243452,
0.00594700,0.000000,1.227205,
0.00594720,-0.002441,1.227205,
0.00594740,0.000000,1.243452,
0.00594760,0.000000,1.259700,
0.00594780,-0.002441,1.259700,
0.00594800,0.000000,1.259700,
0.00594820,0.000000,1.275947,
0.00594840,-0.002441,1.243452,
0.00594860,0.000000,1.243452,
0.00594880,-0.002441,1.227205,
0.00594900,-0.002441,1.227205,
0.00594920,0.000000,1.227205,
0.00594940,0.000000,1.243452,
0.00594960,-0.002441,1.243452,
0.00594980,0.000000,1.243452,
0.00595000,0.000000,1.259700,
0.00595020,-0.002441,1.259700,
0.00595040,0.000000,1.259700,
0.00595060,-0.002441,1.243452,
0.00595080,0.000000,1.259700,
0.00595100,-0.004883,1.227205,
0.00595120,-0.002441,1.227205,
0.00595140,-0.002441,1.243452,
0.00595160,0.000000,1.243452,
0.00595180,-0.002441,1.259700,
0.00595200,-0.002441,1.259700,
0.00595220,0.000000,1.243452,
0.00595240,-0.002441,1.227205,
0.00595260,-0.002441,1.227205,
0.00595280,-0.002441,1.243452,
0.00595300,-0.002441,1.227205,
0.00595320,0.000000,1.243452,
0.00595340,-0.002441,1.243452,
0.00595360,0.000000,1.259700,
0.00595380,0.000000,1.243452,
0.00595400,0.000000,1.227205,
0.00595420,-0.002441,1.243452,
0.00595440,-0.002441,1.243452,
0.00595460,-0.002441,1.243452,
0.00595480,0.000000,1.243452,
0.00595500,0.000000,1.243452,
0.00595520,0.000000,1.243452,
0.00595540,0.000000,1.243452,
0.00595560,0.000000,1.243452,
0.00595580,0.000000,1.243452,
0.00595600,-0.002441,1.243452,
0.00595620,-0.002441,1.243452,
0.00595640,0.000000,1.243452,
0.00595660,-0.002441,1.259700,
0.00595680,-0.002441,1.243452,
0.00595700,0.000000,1.243452,
0.00595720,-0.002441,1.243452,
0.00595740,-0.002441,1.243452,
0.00595760,-0.002441,1.227205,
0.00595780,0.000000,1.243452,
0.00595800,-0.002441,1.227205,
0.00595820,0.000000,1.243452,
0.00595840,-0.002441,1.243452,
0.00595860,-0.002441,1.243452,
0.00595880,0.000000,1.243452,
0.00595900,-0.002441,1.227205,
0.00595920,-0.002441,1.243452,
0.00595940,-0.002441,1.243452,
0.00595960,0.000000,1.243452,
0.00595980,-0.002441,1.243452,
0.00596000,-0.002441,1.243452,
0.00596020,0.000000,1.227205,
0.00596040,0.000000,1.227205,
0.00596060,-0.002441,1.243452,
0.00596080,-0.002441,1.243452,
0.00596100,-0.002441,1.243452,
0.00596120,-0.002441,1.243452,
0.00596140,-0.002441,1.227205,
0.00596160,-0.002441,1.227205,
0.00596180,0.000000,1.227205,
0.00596200,-0.002441,1.227205,
0.00596220,-0.002441,1.227205,
0.00596240,-0.002441,1.243452,
0.00596260,-0.002441,1.243452,
0.00596280,0.000000,1.227205,
0.00596300,0.000000,1.243452,
0.00596320,-0.002441,1.227205,
0.00596340,-0.002441,1.243452,
0.00596360,-0.002441,1.210957,
0.00596380,0.000000,1.210957,
0.00596400,0.000000,1.227205,
0.00596420,0.000000,1.227205,
0.00596440,0.000000,1.243452,
0.00596460,0.000000,1.243452,
0.00596480,0.000000,1.259700,
0.00596500,-0.002441,1.243452,
0.00596520,-0.002441,1.243452,
0.00596540,0.000000,1.210957,
0.00596560,0.000000,1.194710,
0.00596580,-0.002441,1.194710,
0.00596600,-0.002441,1.210957,
0.00596620,0.000000,1.243452,
0.00596640,-0.002441,1.227205,
0.00596660,-0.002441,1.243452,
0.00596680,0.000000,1.243452,
0.00596700,-0.002441,1.227205,
0.00596720,-0.002441,1.227205,
0.00596740,0.000000,1.227205,
0.00596760,0.000000,1.227205,
0.00596780,-0.002441,1.227205,
0.00596800,-0.002441,1.227205,
0.00596820,-0.002441,1.227205,
0.00596840,-0.002441,1.227205,
0.00596860,-0.002441,1.227205,
0.00596880,0.000000,1.227205,
0.00596900,-0.002441,1.227205,
0.00596920,-0.002441,1.210957,
0.00596940,0.000000,1.210957,
0.00596960,-0.002441,1.210957,
0.00596980,0.000000,1.227205,
0.00597000,-0.002441,1.227205,
0.00597020,-0.002441,1.227205,
0.00597040,0.000000,1.227205,
0.00597060,0.000000,1.227205,
0.00597080,-0.002441,1.210957,
0.00597100,-0.002441,1.227205,
0.00597120,0.000000,1.210957,
0.00597140,0.002441,1.227205,
0.00597160,-0.002441,1.194710,
0.00597180,-0.002441,1.210957,
0.00597200,-0.002441,1.210957,
0.00597220,-0.002441,1.227205,
0.00597240,0.000000,1.227205,
0.00597260,-0.002441,1.210957,
0.00597280,0.000000,1.210957,
0.00597300,0.000000,1.210957,
0.00597320,0.000000,1.210957,
0.00597340,-0.002441,1.210957,
0.00597360,-0.002441,1.210957,
0.00597380,0.000000,1.210957,
0.00597400,0.000000,1.210957,
0.00597420,-0.002441,1.227205,
0.00597440,-0.002441,1.210957,
0.00597460,0.000000,1.227205,
0.00597480,-0.002441,1.210957,
0.00597500,-0.002441,1.210957,
0.00597520,-0.002441,1.210957,
0.00597540,0.000000,1.210957,
0.00597560,0.000000,1.210957,
0.00597580,0.000000,1.210957,
0.00597600,-0.002441,1.210957,
0.00597620,-0.002441,1.210957,
0.00597640,0.000000,1.210957,
0.00597660,-0.004883,1.210957,
0.00597680,-0.002441,1.210957,
0.00597700,-0.002441,1.210957,
0.00597720,0.000000,1.210957,
0.00597740,0.000000,1.210957,
0.00597760,0.000000,1.210957,
0.00597780,0.000000,1.210957,
0.00597800,-0.002441,1.210957,
0.00597820,-0.002441,1.210957,
0.00597840,-0.002441,1.194710,
0.00597860,-0.002441,1.210957,
0.00597880,0.000000,1.210957,
0.00597900,0.000000,1.210957,
0.00597920,-0.002441,1.194710,
0.00597940,0.002441,1.210957,
0.00597960,0.000000,1.210957,
0.00597980,-0.002441,1.210957,
0.00598000,-0.002441,1.210957,
0.00598020,0.000000,1.194710,
0.00598040,0.000000,1.210957,
0.00598060,0.000000,1.227205,
0.00598080,-0.002441,1.210957,
0.00598100,0.002441,1.227205,
0.00598120,-0.002441,1.210957,
0.00598140,-0.002441,1.194710,
0.00598160,-0.002441,1.178462,
0.00598180,-0.002441,1.194710,
0.00598200,0.000000,1.194710,
0.00598220,0.000000,1.194710,
0.00598240,0.000000,1.194710,
0.00598260,0.000000,1.227205,
0.00598280,-0.002441,1.210957,
0.00598300,0.000000,1.227205,
0.00598320,-0.002441,1.210957,
0.00598340,-0.002441,1.194710,
0.00598360,-0.002441,1.210957,
0.00598380,0.000000,1.194710,
0.00598400,0.000000,1.194710,
0.00598420,-0.002441,1.194710,
0.00598440,0.000000,1.194710,
0.00598460,-0.002441,1.194710,
0.00598480,-0.002441,1.210957,
0.00598500,-0.002441,1.210957,
0.00598520,0.000000,1.210957,
0.00598540,-0.002441,1.194710,
0.00598560,-0.002441,1.210957,
0.00598580,-0.002441,1.210957,
0.00598600,-0.002441,1.194710,
0.00598620,0.000000,1.194710,
0.00598640,-0.002441,1.194710,
0.00598660,-0.002441,1.210957,
0.00598680,0.000000,1.210957,
0.00598700,0.000000,1.210957,
0.00598720,0.000000,1.210957,
0.00598740,0.000000,1.194710,
0.00598760,-0.002441,1.194710,
0.00598780,-0.002441,1.194710,
0.00598800,-0.002441,1.210957,
0.00598820,-0.002441,1.210957,
0.00598840,-0.002441,1.210957,
0.00598860,0.000000,1.194710,
0.00598880,-0.002441,1.194710,
0.00598900,0.000000,1.194710,
0.00598920,0.000000,1.210957,
0.00598940,-0.002441,1.194710,
0.00598960,-0.002441,1.194710,
0.00598980,-0.002441,1.210957,
0.00599000,0.002441,1.210957,
0.00599020,-0.002441,1.210957,
0.00599040,0.000000,1.194710,
0.00599060,0.000000,1.210957,
0.00599080,0.000000,1.210957,
0.00599100,-0.002441,1.194710,
0.00599120,-0.002441,1.194710,
0.00599140,0.000000,1.194710,
0.00599160,0.000000,1.194710,
0.00599180,0.000000,1.210957,
0.00599200,0.000000,1.210957,
0.00599220,-0.002441,1.210957,
0.00599240,0.000000,1.210957,
0.00599260,-0.002441,1.194710,
0.00599280,-0.002441,1.194710,
0.00599300,-0.002441,1.194710,
0.00599320,0.000000,1.194710,
0.00599340,0.000000,1.210957,
0.00599360,-0.002441,1.210957,
0.00599380,-0.004883,1.194710,
0.00599400,0.000000,1.194710,
0.00599420,-0.002441,1.194710,
0.00599440,0.000000,1.194710,
0.00599460,-0.002441,1.194710,
0.00599480,0.000000,1.194710,
0.00599500,0.000000,1.178462,
0.00599520,0.000000,1.194710,
0.00599540,0.000000,1.210957,
0.00599560,0.000000,1.210957,
0.00599580,0.000000,1.194710,
0.00599600,-0.002441,1.194710,
0.00599620,-0.002441,1.194710,
0.00599640,0.000000,1.210957,
0.00599660,0.000000,1.210957,
0.00599680,-0.002441,1.194710,
0.00599700,-0.004883,1.178462,
0.00599720,0.000000,1.194710,
0.00599740,0.000000,1.194710,
0.00599760,0.000000,1.194710,
0.00599780,-0.002441,1.194710,
0.00599800,-0.002441,1.194710,
0.00599820,0.000000,1.194710,
0.00599840,-0.002441,1.178462,
0.00599860,0.000000,1.194710,
0.00599880,0.000000,1.194710,
0.00599900,0.000000,1.178462,
0.00599920,-0.002441,1.162215,
0.00599940,-0.002441,1.178462,
0.00599960,0.000000,1.210957,
0.00599980,0.000000,1.227205,
0.00600000,0.000000,1.210957,
0.00600020,-0.002441,1.194710,
0.00600040,0.000000,1.178462,
0.00600060,0.000000,1.178462,
0.00600080,-0.004883,1.162215,
0.00600100,0.000000,1.178462,
0.00600120,0.000000,1.194710,
0.00600140,0.000000,1.194710,
0.00600160,0.000000,1.194710,
0.00600180,0.000000,1.194710,
0.00600200,0.000000,1.210957,
0.00600220,0.000000,1.194710,
0.00600240,0.000000,1.178462,
0.00600260,-0.002441,1.178462,
0.00600280,0.000000,1.178462,
0.00600300,0.000000,1.178462,
0.00600320,0.000000,1.194710,
0.00600340,-0.002441,1.178462,
0.00600360,-0.002441,1.178462,
0.00600380,-0.002441,1.194710,
0.00600400,0.000000,1.178462,
0.00600420,-0.002441,1.178462,
0.00600440,-0.002441,1.194710,
0.00600460,0.000000,1.178462,
0.00600480,0.000000,1.178462,
0.00600500,0.000000,1.178462,
0.00600520,-0.002441,1.178462,
0.00600540,-0.002441,1.178462,
0.00600560,-0.002441,1.178462,
0.00600580,-0.002441,1.178462,
0.00600600,0.000000,1.178462,
0.00600620,0.000000,1.178462,
0.00600640,-0.002441,1.178462,
0.00600660,-0.002441,1.178462,
0.00600680,-0.002441,1.178462,
0.00600700,0.000000,1.178462,
0.00600720,-0.002441,1.178462,
0.00600740,-0.002441,1.178462,
0.00600760,0.000000,1.194710,
0.00600780,0.000000,1.194710,
0.00600800,0.000000,1.178462,
0.00600820,-0.002441,1.178462,
0.00600840,0.000000,1.162215,
0.00600860,0.000000,1.162215,
0.00600880,-0.004883,1.145967,
0.00600900,0.000000,1.162215,
0.00600920,0.000000,1.178462,
0.00600940,0.002441,1.194710,
0.00600960,0.000000,1.178462,
0.00600980,0.000000,1.178462,
0.00601000,0.000000,1.178462,
0.00601020,0.000000,1.178462,
0.00601040,-0.002441,1.178462,
0.00601060,-0.002441,1.162215,
0.00601080,-0.002441,1.178462,
0.00601100,-0.002441,1.178462,
0.00601120,0.000000,1.178462,
0.00601140,-0.002441,1.162215,
0.00601160,0.000000,1.178462,
0.00601180,-0.002441,1.178462,
0.00601200,0.000000,1.178462,
0.00601220,0.000000,1.162215,
0.00601240,-0.002441,1.162215,
0.00601260,0.000000,1.162215,
0.00601280,0.000000,1.162215,
0.00601300,-0.002441,1.162215,
0.00601320,-0.002441,1.178462,
0.00601340,0.000000,1.178462,
0.00601360,-0.002441,1.162215,
0.00601380,0.000000,1.162215,
0.00601400,-0.002441,1.162215,
0.00601420,0.000000,1.178462,
0.00601440,0.000000,1.178462,
0.00601460,0.000000,1.162215,
0.00601480,-0.002441,1.162215,
0.00601500,0.000000,1.162215,
0.00601520,-0.002441,1.162215,
0.00601540,-0.002441,1.178462,
0.00601560,-0.002441,1.178462,
0.00601580,-0.002441,1.178462,
0.00601600,0.000000,1.162215,
0.00601620,-0.002441,1.162215,
0.00601640,0.000000,1.178462,
0.00601660,-0.002441,1.162215,
0.00601680,-0.002441,1.162215,
0.00601700,-0.002441,1.162215,
0.00601720,0.000000,1.162215,
0.00601740,-0.002441,1.162215,
0.00601760,0.000000,1.162215,
0.00601780,-0.002441,1.178462,
0.00601800,-0.002441,1.194710,
0.00601820,-0.002441,1.178462,
0.00601840,0.000000,1.162215,
0.00601860,-0.002441,1.162215,
0.00601880,0.000000,1.162215,
0.00601900,-0.002441,1.162215,
0.00601920,-0.002441,1.145967,
0.00601940,-0.002441,1.162215,
0.00601960,0.000000,1.178462,
0.00601980,-0.002441,1.178462,
0.00602000,-0.002441,1.178462,
0.00602020,-0.002441,1.162215,
0.00602040,-0.002441,1.162215,
0.00602060,-0.002441,1.162215,
0.00602080,0.000000,1.162215,
0.00602100,-0.002441,1.162215,
0.00602120,-0.002441,1.162215,
0.00602140,-0.002441,1.162215,
0.00602160,-0.002441,1.162215,
0.00602180,0.000000,1.162215,
0.00602200,-0.002441,1.162215,
0.00602220,-0.002441,1.162215,
0.00602240,0.000000,1.162215,
0.00602260,0.000000,1.162215,
0.00602280,0.000000,1.162215,
0.00602300,-0.002441,1.162215,
0.00602320,-0.002441,1.178462,
0.00602340,0.000000,1.162215,
0.00602360,-0.002441,1.178462,
0.00602380,0.000000,1.162215,
0.00602400,0.000000,1.162215,
0.00602420,0.000000,1.162215,
0.00602440,0.002441,1.162215,
0.00602460,-0.002441,1.145967,
0.00602480,-0.002441,1.162215,
0.00602500,-0.002441,1.162215,
0.00602520,-0.002441,1.162215,
0.00602540,-0.002441,1.162215,
0.00602560,-0.002441,1.178462,
0.00602580,-0.002441,1.178462,
0.00602600,0.000000,1.162215,
0.00602620,-0.002441,1.162215,
0.00602640,-0.002441,1.162215,
0.00602660,0.000000,1.162215,
0.00602680,-0.004883,1.162215,
0.00602700,0.000000,1.162215,
0.00602720,0.000000,1.162215,
0.00602740,0.000000,1.162215,
0.00602760,-0.002441,1.178462,
0.00602780,0.000000,1.178462,
0.00602800,0.000000,1.162215,
0.00602820,-0.002441,1.145967,
0.00602840,-0.002441,1.162215,
0.00602860,0.000000,1.162215,
0.00602880,0.000000,1.178462,
0.00602900,-0.002441,1.178462,
0.00602920,-0.002441,1.162215,
0.00602940,0.000000,1.162215,
0.00602960,-0.002441,1.162215,
0.00602980,-0.002441,1.162215,
0.00603000,-0.002441,1.162215,
0.00603020,0.000000,1.162215,
0.00603040,0.000000,1.162215,
0.00603060,-0.002441,1.145967,
0.00603080,0.000000,1.162215,
0.00603100,-0.002441,1.178462,
0.00603120,0.000000,1.178462,
0.00603140,-0.004883,1.145967,
0.00603160,-0.002441,1.145967,
0.00603180,-0.002441,1.162215,
0.00603200,0.000000,1.162215,
0.00603220,-0.002441,1.145967,
0.00603240,0.002441,1.162215,
0.00603260,-0.002441,1.162215,
0.00603280,0.000000,1.162215,
0.00603300,-0.002441,1.145967,
0.00603320,0.000000,1.162215,
0.00603340,0.000000,1.162215,
0.00603360,0.000000,1.162215,
0.00603380,0.000000,1.145967,
0.00603400,0.002441,1.145967,
0.00603420,0.000000,1.145967,
0.00603440,-0.002441,1.145967,
0.00603460,-0.002441,1.162215,
0.00603480,-0.002441,1.194710,
0.00603500,0.000000,1.194710,
0.00603520,-0.002441,1.178462,
0.00603540,0.000000,1.162215,
0.00603560,0.000000,1.145967,
0.00603580,0.000000,1.145967,
0.00603600,-0.002441,1.145967,
0.00603620,-0.002441,1.145967,
0.00603640,-0.002441,1.162215,
0.00603660,-0.002441,1.162215,
0.00603680,-0.002441,1.178462,
0.00603700,-0.002441,1.178462,
0.00603720,-0.002441,1.162215,
0.00603740,0.000000,1.162215,
0.00603760,-0.002441,1.145967,
0.00603780,-0.002441,1.145967,
0.00603800,-0.002441,1.162215,
0.00603820,0.000000,1.162215,
0.00603840,0.000000,1.162215,
0.00603860,-0.002441,1.162215,
0.00603880,0.000000,1.162215,
0.00603900,-0.002441,1.162215,
0.00603920,0.000000,1.162215,
0.00603940,-0.002441,1.162215,
0.00603960,-0.002441,1.145967,
0.00603980,0.000000,1.162215,
0.00604000,0.000000,1.162215,
0.00604020,0.000000,1.162215,
0.00604040,0.000000,1.162215,
0.00604060,-0.002441,1.145967,
0.00604080,-0.002441,1.145967,
0.00604100,-0.002441,1.145967,
0.00604120,-0.004883,1.145967,
0.00604140,-0.002441,1.145967,
0.00604160,-0.002441,1.162215,
0.00604180,0.000000,1.145967,
0.00604200,-0.002441,1.145967,
0.00604220,-0.002441,1.162215,
0.00604240,-0.002441,1.145967,
0.00604260,-0.002441,1.145967,
0.00604280,-0.002441,1.145967,
0.00604300,0.000000,1.162215,
0.00604320,-0.002441,1.162215,
0.00604340,-0.002441,1.162215,
0.00604360,0.000000,1.162215,
0.00604380,-0.002441,1.129719,
0.00604400,0.000000,1.145967,
0.00604420,0.000000,1.145967,
0.00604440,-0.002441,1.162215,
0.00604460,0.000000,1.145967,
0.00604480,0.000000,1.145967,
0.00604500,0.000000,1.162215,
0.00604520,-0.002441,1.162215,
0.00604540,-0.002441,1.145967,
0.00604560,-0.002441,1.145967,
0.00604580,-0.002441,1.129719,
0.00604600,-0.002441,1.145967,
0.00604620,-0.002441,1.162215,
0.00604640,-0.002441,1.162215,
0.00604660,-0.002441,1.162215,
0.00604680,-0.002441,1.145967,
0.00604700,0.000000,1.162215,
0.00604720,-0.002441,1.145967,
0.00604740,-0.002441,1.145967,
0.00604760,-0.002441,1.145967,
0.00604780,-0.002441,1.145967,
0.00604800,0.000000,1.162215,
0.00604820,0.000000,1.145967,
0.00604840,-0.002441,1.145967,
0.00604860,-0.002441,1.162215,
0.00604880,0.000000,1.162215,
0.00604900,-0.002441,1.145967,
0.00604920,-0.002441,1.145967,
0.00604940,0.000000,1.145967,
0.00604960,0.000000,1.145967,
0.00604980,-0.002441,1.145967,
0.00605000,-0.002441,1.145967,
0.00605020,0.000000,1.162215,
0.00605040,-0.002441,1.162215,
0.00605060,-0.002441,1.162215,
0.00605080,-0.002441,1.145967,
0.00605100,0.000000,1.145967,
0.00605120,0.000000,1.162215,
0.00605140,-0.002441,1.162215,
0.00605160,0.000000,1.162215,
0.00605180,0.000000,1.162215,
0.00605200,0.000000,1.145967,
0.00605220,-0.002441,1.129719,
0.00605240,-0.004883,1.129719,
0.00605260,0.000000,1.145967,
0.00605280,0.000000,1.162215,
0.00605300,0.000000,1.162215,
0.00605320,-0.002441,1.178462,
0.00605340,0.000000,1.162215,
0.00605360,0.000000,1.162215,
0.00605380,-0.002441,1.145967,
0.00605400,-0.002441,1.129719,
0.00605420,0.000000,1.145967,
0.00605440,0.000000,1.145967,
0.00605460,-0.002441,1.145967,
0.00605480,-0.002441,1.162215,
0.00605500,-0.002441,1.162215,
0.00605520,0.000000,1.162215,
0.00605540,-0.002441,1.162215,
0.00605560,-0.002441,1.145967,
0.00605580,-0.002441,1.145967,
0.00605600,-0.002441,1.145967,
0.00605620,0.000000,1.162215,
0.00605640,-0.002441,1.162215,
0.00605660,-0.002441,1.145967,
0.00605680,0.000000,1.145967,
0.00605700,-0.002441,1.145967,
0.00605720,0.000000,1.145967,
0.00605740,0.000000,1.145967,
0.00605760,0.000000,1.145967,
0.00605780,0.000000,1.162215,
0.00605800,0.000000,1.145967,
0.00605820,-0.002441,1.162215,
0.00605840,0.000000,1.145967,
0.00605860,-0.002441,1.145967,
0.00605880,0.000000,1.162215,
0.00605900,-0.002441,1.162215,
0.00605920,0.000000,1.162215,
0.00605940,-0.002441,1.162215,
0.00605960,0.000000,1.145967,
0.00605980,0.000000,1.145967,
0.00606000,0.000000,1.145967,
0.00606020,0.000000,1.145967,
0.00606040,-0.002441,1.162215,
0.00606060,-0.002441,1.162215,
0.00606080,0.000000,1.145967,
0.00606100,0.000000,1.145967,
0.00606120,-0.002441,1.129719,
0.00606140,0.000000,1.145967,
0.00606160,0.000000,1.145967,
0.00606180,-0.002441,1.145967,
0.00606200,-0.002441,1.145967,
0.00606220,-0.002441,1.162215,
0.00606240,0.000000,1.145967,
0.00606260,-0.002441,1.145967,
0.00606280,-0.002441,1.162215,
0.00606300,0.000000,1.162215,
0.00606320,-0.002441,1.145967,
0.00606340,0.000000,1.145967,
0.00606360,-0.002441,1.145967,
0.00606380,-0.002441,1.145967,
0.00606400,0.000000,1.162215,
0.00606420,0.000000,1.145967,
0.00606440,-0.002441,1.145967,
0.00606460,0.000000,1.162215,
0.00606480,-0.002441,1.162215,
0.00606500,-0.002441,1.162215,
0.00606520,-0.002441,1.145967,
0.00606540,0.000000,1.129719,
0.00606560,0.000000,1.162215,
0.00606580,0.000000,1.162215,
0.00606600,-0.002441,1.162215,
0.00606620,-0.002441,1.145967,
0.00606640,0.000000,1.145967,
0.00606660,-0.002441,1.145967,
0.00606680,-0.002441,1.145967,
0.00606700,0.000000,1.162215,
0.00606720,-0.002441,1.162215,
0.00606740,0.000000,1.145967,
0.00606760,-0.002441,1.145967,
0.00606780,0.000000,1.162215,
0.00606800,0.000000,1.162215,
0.00606820,0.000000,1.162215,
0.00606840,-0.002441,1.145967,
0.00606860,0.000000,1.145967,
0.00606880,0.000000,1.145967,
0.00606900,-0.002441,1.129719,
0.00606920,-0.002441,1.129719,
0.00606940,0.002441,1.162215,
0.00606960,0.000000,1.162215,
0.00606980,-0.002441,1.178462,
0.00607000,-0.002441,1.178462,
0.00607020,0.000000,1.162215,
0.00607040,0.000000,1.162215,
0.00607060,-0.002441,1.145967,
0.00607080,-0.002441,1.129719,
0.00607100,0.000000,1.145967,
0.00607120,0.000000,1.129719,
0.00607140,-0.002441,1.145967,
0.00607160,-0.002441,1.162215,
0.00607180,-0.002441,1.162215,
0.00607200,0.000000,1.178462,
0.00607220,-0.002441,1.178462,
0.00607240,-0.002441,1.162215,
0.00607260,-0.002441,1.162215,
0.00607280,-0.002441,1.145967,
0.00607300,-0.002441,1.145967,
0.00607320,-0.002441,1.145967,
0.00607340,0.000000,1.162215,
0.00607360,0.000000,1.162215,
0.00607380,0.000000,1.178462,
0.00607400,-0.002441,1.162215,
0.00607420,-0.002441,1.145967,
0.00607440,0.000000,1.145967,
0.00607460,-0.002441,1.145967,
0.00607480,-0.002441,1.162215,
0.00607500,-0.002441,1.162215,
0.00607520,0.000000,1.162215,
0.00607540,0.000000,1.162215,
0.00607560,0.000000,1.178462,
0.00607580,-0.002441,1.162215,
0.00607600,-0.002441,1.162215,
0.00607620,-0.002441,1.162215,
0.00607640,0.000000,1.145967,
0.00607660,-0.002441,1.162215,
0.00607680,-0.002441,1.145967,
0.00607700,0.000000,1.162215,
0.00607720,-0.002441,1.162215,
0.00607740,0.000000,1.178462,
0.00607760,-0.002441,1.162215,
0.00607780,-0.002441,1.162215,
0.00607800,-0.002441,1.162215,
0.00607820,0.000000,1.162215,
0.00607840,-0.002441,1.162215,
0.00607860,0.000000,1.162215,
0.00607880,0.000000,1.145967,
0.00607900,0.000000,1.162215,
0.00607920,-0.002441,1.162215,
0.00607940,-0.002441,1.162215,
0.00607960,-0.002441,1.145967,
0.00607980,0.000000,1.162215,
0.00608000,-0.002441,1.178462,
0.00608020,-0.002441,1.162215,
0.00608040,0.000000,1.162215,
0.00608060,-0.002441,1.162215,
0.00608080,-0.002441,1.145967,
0.00608100,0.000000,1.162215,
0.00608120,-0.002441,1.162215,
0.00608140,0.000000,1.178462,
0.00608160,-0.002441,1.162215,
0.00608180,-0.002441,1.162215,
0.00608200,-0.002441,1.145967,
0.00608220,-0.002441,1.145967,
0.00608240,-0.002441,1.162215,
0.00608260,-0.002441,1.162215,
0.00608280,-0.002441,1.162215,
0.00608300,-0.002441,1.145967,
0.00608320,-0.002441,1.162215,
0.00608340,-0.002441,1.162215,
0.00608360,-0.002441,1.178462,
0.00608380,0.000000,1.162215,
0.00608400,0.000000,1.162215,
0.00608420,-0.002441,1.162215,
0.00608440,0.000000,1.145967,
0.00608460,-0.002441,1.145967,
0.00608480,0.000000,1.162215,
0.00608500,0.000000,1.162215,
0.00608520,0.000000,1.178462,
0.00608540,0.002441,1.178462,
0.00608560,0.000000,1.162215,
0.00608580,0.000000,1.162215,
0.00608600,-0.002441,1.162215,
0.00608620,0.000000,1.178462,
0.00608640,0.000000,1.178462,
0.00608660,-0.002441,1.178462,
0.00608680,0.000000,1.162215,
0.00608700,0.002441,1.145967,
0.00608720,-0.002441,1.145967,
0.00608740,-0.002441,1.162215,
0.00608760,-0.002441,1.145967,
0.00608780,0.000000,1.162215,
0.00608800,0.000000,1.178462,
0.00608820,0.000000,1.178462,
0.00608840,0.000000,1.178462,
0.00608860,0.000000,1.178462,
0.00608880,-0.002441,1.162215,
0.00608900,-0.002441,1.162215,
0.00608920,-0.002441,1.162215,
0.00608940,-0.002441,1.145967,
0.00608960,-0.002441,1.162215,
0.00608980,0.000000,1.162215,
0.00609000,0.000000,1.162215,
0.00609020,-0.002441,1.162215,
0.00609040,-0.002441,1.178462,
0.00609060,-0.002441,1.178462,
0.00609080,-0.002441,1.178462,
0.00609100,-0.002441,1.162215,
0.00609120,-0.002441,1.162215,
0.00609140,-0.002441,1.162215,
0.00609160,-0.002441,1.162215,
0.00609180,-0.002441,1.162215,
0.00609200,-0.002441,1.162215,
0.00609220,-0.002441,1.162215,
0.00609240,-0.002441,1.162215,
0.00609260,-0.002441,1.162215,
0.00609280,-0.002441,1.162215,
0.00609300,0.000000,1.162215,
0.00609320,0.000000,1.178462,
0.00609340,-0.002441,1.178462,
0.00609360,-0.002441,1.178462,
0.00609380,0.000000,1.162215,
0.00609400,-0.002441,1.162215,
0.00609420,-0.002441,1.162215,
0.00609440,-0.002441,1.162215,
0.00609460,0.000000,1.178462,
0.00609480,-0.002441,1.178462,
0.00609500,-0.002441,1.178462,
0.00609520,-0.002441,1.178462,
0.00609540,-0.002441,1.162215,
0.00609560,0.000000,1.178462,
0.00609580,0.000000,1.178462,
0.00609600,-0.002441,1.178462,
0.00609620,0.000000,1.178462,
0.00609640,-0.002441,1.162215,
0.00609660,-0.002441,1.162215,
0.00609680,-0.002441,1.178462,
0.00609700,-0.002441,1.162215,
0.00609720,0.000000,1.178462,
0.00609740,-0.002441,1.162215,
0.00609760,0.000000,1.162215,
0.00609780,0.000000,1.178462,
0.00609800,0.000000,1.178462,
0.00609820,-0.002441,1.178462,
0.00609840,-0.002441,1.178462,
0.00609860,-0.002441,1.162215,
0.00609880,-0.002441,1.162215,
0.00609900,-0.002441,1.178462,
0.00609920,0.000000,1.178462,
0.00609940,-0.002441,1.178462,
0.00609960,-0.002441,1.178462,
0.00609980,-0.002441,1.162215,
0.00610000,0.000000,1.178462,
0.00610020,-0.002441,1.178462,
0.00610040,0.000000,1.162215,
0.00610060,-0.002441,1.178462,
0.00610080,-0.002441,1.178462,
0.00610100,0.000000,1.178462,
0.00610120,0.000000,1.178462,
0.00610140,0.000000,1.178462,
0.00610160,-0.002441,1.178462,
0.00610180,-0.002441,1.178462,
0.00610200,-0.002441,1.162215,
0.00610220,-0.002441,1.178462,
0.00610240,-0.002441,1.162215,
0.00610260,0.000000,1.178462,
0.00610280,-0.002441,1.178462,
0.00610300,-0.004883,1.178462,
0.00610320,0.000000,1.194710,
0.00610340,-0.002441,1.194710,
0.00610360,-0.002441,1.162215,
0.00610380,-0.002441,1.162215,
0.00610400,0.000000,1.162215,
0.00610420,0.000000,1.162215,
0.00610440,-0.002441,1.162215,
0.00610460,0.000000,1.178462,
0.00610480,0.000000,1.194710,
0.00610500,-0.002441,1.210957,
0.00610520,-0.002441,1.210957,
0.00610540,-0.002441,1.178462,
0.00610560,0.000000,1.178462,
0.00610580,-0.002441,1.178462,
0.00610600,-0.002441,1.162215,
0.00610620,-0.002441,1.178462,
0.00610640,0.000000,1.178462,
0.00610660,-0.002441,1.178462,
0.00610680,-0.002441,1.178462,
0.00610700,-0.002441,1.194710,
0.00610720,-0.002441,1.210957,
0.00610740,0.000000,1.194710,
0.00610760,-0.002441,1.178462,
0.00610780,0.000000,1.178462,
0.00610800,0.000000,1.162215,
0.00610820,0.000000,1.178462,
0.00610840,-0.002441,1.178462,
0.00610860,-0.002441,1.194710,
0.00610880,-0.002441,1.194710,
0.00610900,0.000000,1.194710,
0.00610920,0.000000,1.194710,
0.00610940,-0.002441,1.178462,
0.00610960,0.000000,1.178462,
0.00610980,-0.002441,1.178462,
0.00611000,-0.002441,1.178462,
0.00611020,-0.002441,1.178462,
0.00611040,0.000000,1.194710,
0.00611060,0.000000,1.194710,
0.00611080,-0.002441,1.178462,
0.00611100,-0.002441,1.178462,
0.00611120,-0.002441,1.178462,
0.00611140,0.000000,1.194710,
0.00611160,-0.002441,1.178462,
0.00611180,-0.002441,1.178462,
0.00611200,0.000000,1.194710,
0.00611220,0.000000,1.194710,
0.00611240,0.000000,1.194710,
0.00611260,-0.004883,1.194710,
0.00611280,0.000000,1.194710,
0.00611300,-0.002441,1.194710,
0.00611320,-0.002441,1.194710,
0.00611340,-0.002441,1.178462,
0.00611360,0.000000,1.194710,
0.00611380,0.000000,1.194710,
0.00611400,0.000000,1.178462,
0.00611420,-0.002441,1.178462,
0.00611440,0.000000,1.194710,
0.00611460,0.000000,1.194710,
0.00611480,-0.002441,1.210957,
0.00611500,-0.002441,1.194710,
0.00611520,0.000000,1.194710,
0.00611540,0.000000,1.194710,
0.00611560,0.000000,1.194710,
0.00611580,-0.002441,1.194710,
0.00611600,0.000000,1.194710,
0.00611620,-0.002441,1.194710,
0.00611640,-0.002441,1.194710,
0.00611660,0.000000,1.210957,
0.00611680,0.000000,1.210957,
0.00611700,0.000000,1.194710,
0.00611720,-0.002441,1.194710,
0.00611740,0.000000,1.194710,
0.00611760,0.000000,1.210957,
0.00611780,0.000000,1.194710,
0.00611800,-0.002441,1.178462,
0.00611820,-0.002441,1.178462,
0.00611840,0.000000,1.194710,
0.00611860,-0.002441,1.210957,
0.00611880,0.000000,1.210957,
0.00611900,-0.002441,1.210957,
0.00611920,0.000000,1.210957,
0.00611940,0.000000,1.194710,
0.00611960,-0.002441,1.194710,
0.00611980,-0.002441,1.194710,
0.00612000,0.000000,1.194710,
0.00612020,-0.002441,1.194710,
0.00612040,0.000000,1.210957,
0.00612060,0.000000,1.210957,
0.00612080,0.000000,1.210957,
0.00612100,0.000000,1.210957,
0.00612120,-0.002441,1.194710,
0.00612140,-0.002441,1.194710,
0.00612160,0.000000,1.210957,
0.00612180,-0.002441,1.210957,
0.00612200,-0.002441,1.194710,
0.00612220,-0.002441,1.178462,
0.00612240,0.000000,1.178462,
0.00612260,0.000000,1.194710,
0.00612280,-0.002441,1.194710,
0.00612300,-0.002441,1.210957,
0.00612320,0.000000,1.210957,
0.00612340,-0.002441,1.210957,
0.00612360,0.000000,1.227205,
0.00612380,-0.002441,1.210957,
0.00612400,-0.002441,1.194710,
0.00612420,-0.002441,1.194710,
0.00612440,-0.002441,1.194710,
0.00612460,-0.002441,1.194710,
0.00612480,0.000000,1.194710,
0.00612500,-0.002441,1.210957,
0.00612520,0.000000,1.210957,
0.00612540,0.000000,1.194710,
0.00612560,-0.002441,1.194710,
0.00612580,-0.002441,1.194710,
0.00612600,0.000000,1.210957,
0.00612620,-0.002441,1.194710,
0.00612640,0.000000,1.210957,
0.00612660,0.000000,1.210957,
0.00612680,0.000000,1.210957,
0.00612700,0.000000,1.210957,
0.00612720,0.000000,1.227205,
0.00612740,-0.002441,1.210957,
0.00612760,-0.002441,1.194710,
0.00612780,-0.002441,1.194710,
0.00612800,-0.002441,1.210957,
0.00612820,0.000000,1.210957,
0.00612840,-0.002441,1.210957,
0.00612860,-0.002441,1.210957,
0.00612880,-0.002441,1.210957,
0.00612900,-0.002441,1.210957,
0.00612920,-0.002441,1.210957,
0.00612940,0.000000,1.210957,
0.00612960,0.000000,1.210957,
0.00612980,-0.002441,1.210957,
0.00613000,0.000000,1.210957,
0.00613020,0.000000,1.194710,
0.00613040,-0.002441,1.210957,
0.00613060,0.000000,1.227205,
0.00613080,-0.002441,1.210957,
0.00613100,0.000000,1.210957,
0.00613120,-0.002441,1.194710,
0.00613140,0.000000,1.210957,
0.00613160,-0.002441,1.210957,
0.00613180,0.000000,1.210957,
0.00613200,-0.002441,1.210957,
0.00613220,0.000000,1.227205,
0.00613240,0.000000,1.210957,
0.00613260,-0.004883,1.210957,
0.00613280,-0.002441,1.210957,
0.00613300,0.000000,1.210957,
0.00613320,0.000000,1.210957,
0.00613340,-0.002441,1.210957,
0.00613360,0.000000,1.210957,
0.00613380,-0.002441,1.210957,
0.00613400,0.000000,1.210957,
0.00613420,-0.002441,1.194710,
0.00613440,0.000000,1.210957,
0.00613460,0.000000,1.227205,
0.00613480,0.000000,1.227205,
0.00613500,-0.002441,1.210957,
0.00613520,0.000000,1.227205,
0.00613540,0.000000,1.210957,
0.00613560,-0.002441,1.210957,
0.00613580,-0.002441,1.210957,
0.00613600,0.000000,1.227205,
0.00613620,0.000000,1.227205,
0.00613640,0.000000,1.227205,
0.00613660,0.000000,1.210957,
0.00613680,-0.002441,1.210957,
0.00613700,-0.002441,1.227205,
0.00613720,-0.002441,1.210957,
0.00613740,0.000000,1.210957,
0.00613760,-0.002441,1.210957,
0.00613780,-0.002441,1.210957,
0.00613800,-0.002441,1.210957,
0.00613820,-0.002441,1.210957,
0.00613840,-0.002441,1.227205,
0.00613860,-0.002441,1.227205,
0.00613880,-0.002441,1.227205,
0.00613900,-0.002441,1.194710,
0.00613920,0.000000,1.194710,
0.00613940,0.000000,1.194710,
0.00613960,0.000000,1.227205,
0.00613980,-0.002441,1.227205,
0.00614000,0.000000,1.243452,
0.00614020,0.000000,1.243452,
0.00614040,-0.002441,1.243452,
0.00614060,-0.002441,1.210957,
0.00614080,-0.002441,1.210957,
0.00614100,-0.002441,1.210957,
0.00614120,0.000000,1.194710,
0.00614140,0.000000,1.194710,
0.00614160,0.000000,1.227205,
0.00614180,0.000000,1.227205,
0.00614200,-0.002441,1.227205,
0.00614220,0.000000,1.243452,
0.00614240,0.000000,1.227205,
0.00614260,0.000000,1.227205,
0.00614280,0.000000,1.227205,
0.00614300,-0.002441,1.227205,
0.00614320,0.002441,1.227205,
0.00614340,0.000000,1.227205,
0.00614360,-0.002441,1.227205,
0.00614380,-0.002441,1.227205,
0.00614400,0.000000,1.227205,
0.00614420,0.000000,1.227205,
0.00614440,0.000000,1.210957,
0.00614460,0.002441,1.227205,
0.00614480,0.002441,1.227205,
0.00614500,0.000000,1.227205,
0.00614520,0.000000,1.227205,
0.00614540,-0.002441,1.210957,
0.00614560,-0.002441,1.210957,
0.00614580,0.000000,1.227205,
0.00614600,0.000000,1.243452,
0.00614620,-0.002441,1.227205,
0.00614640,-0.002441,1.227205,
0.00614660,0.000000,1.227205,
0.00614680,0.000000,1.227205,
0.00614700,0.000000,1.227205,
0.00614720,-0.002441,1.210957,
0.00614740,0.000000,1.227205,
0.00614760,0.000000,1.227205,
0.00614780,-0.002441,1.227205,
0.00614800,-0.002441,1.227205,
0.00614820,0.000000,1.227205,
0.00614840,0.000000,1.227205,
0.00614860,-0.002441,1.227205,
0.00614880,-0.002441,1.227205,
0.00614900,0.000000,1.227205,
0.00614920,0.002441,1.227205,
0.00614940,-0.002441,1.227205,
0.00614960,0.000000,1.210957,
0.00614980,0.000000,1.227205,
0.00615000,0.000000,1.227205,
0.00615020,-0.002441,1.243452,
0.00615040,-0.002441,1.227205,
0.00615060,0.000000,1.243452,
0.00615080,-0.002441,1.227205,
0.00615100,-0.002441,1.210957,
0.00615120,0.000000,1.243452,
0.00615140,-0.002441,1.227205,
0.00615160,0.000000,1.227205,
0.00615180,-0.002441,1.243452,
0.00615200,-0.002441,1.243452,
0.00615220,0.000000,1.243452,
0.00615240,-0.002441,1.227205,
0.00615260,-0.002441,1.227205,
0.00615280,-0.002441,1.227205,
0.00615300,-0.002441,1.227205,
0.00615320,-0.002441,1.227205,
0.00615340,0.000000,1.227205,
0.00615360,0.000000,1.243452,
0.00615380,-0.002441,1.243452,
0.00615400,0.000000,1.243452,
0.00615420,0.000000,1.243452,
0.00615440,0.000000,1.227205,
0.00615460,-0.002441,1.243452,
0.00615480,0.000000,1.227205,
0.00615500,0.000000,1.227205,
0.00615520,0.000000,1.227205,
0.00615540,0.000000,1.243452,
0.00615560,-0.002441,1.243452,
0.00615580,0.000000,1.243452,
0.00615600,-0.002441,1.243452,
0.00615620,0.000000,1.243452,
0.00615640,-0.002441,1.243452,
0.00615660,-0.002441,1.243452,
0.00615680,-0.002441,1.227205,
0.00615700,0.000000,1.243452,
0.00615720,0.000000,1.227205,
0.00615740,0.000000,1.243452,
0.00615760,-0.002441,1.227205,
0.00615780,0.000000,1.243452,
0.00615800,-0.002441,1.243452,
0.00615820,-0.002441,1.227205,
0.00615840,-0.002441,1.243452,
0.00615860,0.000000,1.243452,
0.00615880,-0.002441,1.259700,
0.00615900,0.000000,1.243452,
0.00615920,0.000000,1.243452,
0.00615940,-0.002441,1.227205,
0.00615960,0.000000,1.227205,
0.00615980,-0.002441,1.227205,
0.00616000,0.000000,1.243452,
0.00616020,0.000000,1.243452,
0.00616040,0.000000,1.243452,
0.00616060,0.000000,1.243452,
0.00616080,-0.004883,1.243452,
0.00616100,0.000000,1.243452,
0.00616120,-0.002441,1.227205,
0.00616140,-0.002441,1.243452,
0.00616160,-0.002441,1.243452,
0.00616180,0.000000,1.259700,
0.00616200,0.000000,1.243452,
0.00616220,0.000000,1.243452,
0.00616240,0.000000,1.243452,
0.00616260,0.000000,1.243452,
0.00616280,0.000000,1.227205,
0.00616300,0.000000,1.243452,
0.00616320,-0.002441,1.243452,
0.00616340,0.000000,1.259700,
0.00616360,0.000000,1.243452,
0.00616380,-0.002441,1.243452,
0.00616400,-0.002441,1.243452,
0.00616420,0.000000,1.243452,
0.00616440,-0.002441,1.243452,
0.00616460,-0.002441,1.243452,
0.00616480,-0.002441,1.243452,
0.00616500,0.000000,1.243452,
0.00616520,0.000000,1.259700,
0.00616540,0.000000,1.243452,
0.00616560,-0.004883,1.227205,
0.00616580,0.000000,1.243452,
0.00616600,-0.002441,1.243452,
0.00616620,-0.002441,1.243452,
0.00616640,-0.002441,1.259700,
0.00616660,0.000000,1.259700,
0.00616680,-0.002441,1.243452,
0.00616700,0.000000,1.243452,
0.00616720,-0.002441,1.243452,
0.00616740,0.000000,1.243452,
0.00616760,-0.002441,1.243452,
0.00616780,0.000000,1.243452,
0.00616800,-0.002441,1.243452,
0.00616820,-0.002441,1.243452,
0.00616840,0.000000,1.259700,
0.00616860,0.000000,1.259700,
0.00616880,0.000000,1.243452,
0.00616900,-0.002441,1.243452,
0.00616920,0.000000,1.243452,
0.00616940,-0.002441,1.227205,
0.00616960,0.000000,1.243452,
0.00616980,0.000000,1.259700,
0.00617000,-0.002441,1.243452,
0.00617020,0.000000,1.259700,
0.00617040,-0.002441,1.243452,
0.00617060,-0.002441,1.243452,
0.00617080,0.000000,1.243452,
0.00617100,-0.002441,1.243452,
0.00617120,-0.002441,1.227205,
0.00617140,0.000000,1.243452,
0.00617160,0.000000,1.243452,
0.00617180,0.000000,1.243452,
0.00617200,-0.002441,1.243452,
0.00617220,0.000000,1.227205,
0.00617240,-0.002441,1.243452,
0.00617260,0.000000,1.243452,
0.00617280,-0.002441,1.243452,
0.00617300,0.000000,1.259700,
0.00617320,0.000000,1.243452,
0.00617340,0.000000,1.243452,
0.00617360,0.000000,1.243452,
0.00617380,0.000000,1.243452,
0.00617400,0.000000,1.259700,
0.00617420,-0.002441,1.243452,
0.00617440,-0.002441,1.227205,
0.00617460,-0.002441,1.227205,
0.00617480,0.000000,1.243452,
0.00617500,0.000000,1.259700,
0.00617520,0.000000,1.275947,
0.00617540,0.000000,1.259700,
0.00617560,-0.002441,1.259700,
0.00617580,-0.002441,1.243452,
0.00617600,-0.002441,1.227205,
0.00617620,-0.002441,1.227205,
0.00617640,0.000000,1.243452,
0.00617660,-0.002441,1.243452,
0.00617680,0.000000,1.243452,
0.00617700,0.000000,1.259700,
0.00617720,-0.002441,1.259700,
0.00617740,0.000000,1.243452,
0.00617760,-0.002441,1.243452,
0.00617780,0.000000,1.259700,
0.00617800,0.000000,1.259700,
0.00617820,0.000000,1.243452,
0.00617840,-0.002441,1.243452,
0.00617860,-0.002441,1.243452,
0.00617880,0.000000,1.243452,
0.00617900,-0.002441,1.259700,
0.00617920,-0.002441,1.243452,
0.00617940,0.000000,1.243452,
0.00617960,0.000000,1.243452,
0.00617980,0.000000,1.243452,
0.00618000,0.000000,1.259700,
0.00618020,-0.002441,1.259700,
0.00618040,0.000000,1.259700,
0.00618060,0.000000,1.243452,
0.00618080,-0.002441,1.243452,
0.00618100,0.000000,1.243452,
0.00618120,0.000000,1.243452,
0.00618140,0.000000,1.243452,
0.00618160,0.000000,1.243452,
0.00618180,0.000000,1.243452,
0.00618200,-0.002441,1.243452,
0.00618220,-0.002441,1.243452,
0.00618240,-0.002441,1.243452,
0.00618260,0.000000,1.243452,
0.00618280,0.000000,1.259700,
0.00618300,0.000000,1.259700,
0.00618320,-0.002441,1.243452,
0.00618340,0.000000,1.259700,
0.00618360,0.000000,1.243452,
0.00618380,0.000000,1.243452,
0.00618400,-0.002441,1.243452,
0.00618420,-0.002441,1.243452,
0.00618440,0.000000,1.259700,
0.00618460,-0.002441,1.243452,
0.00618480,0.000000,1.259700,
0.00618500,0.000000,1.259700,
0.00618520,-0.002441,1.259700,
0.00618540,0.000000,1.243452,
0.00618560,-0.007324,1.227205,
0.00618580,-0.002441,1.243452,
0.00618600,0.000000,1.243452,
0.00618620,0.000000,1.259700,
0.00618640,-0.002441,1.259700,
0.00618660,-0.002441,1.243452,
0.00618680,-0.002441,1.243452,
0.00618700,-0.002441,1.243452,
0.00618720,-0.002441,1.243452,
0.00618740,0.000000,1.259700,
0.00618760,0.000000,1.259700,
0.00618780,-0.002441,1.243452,
0.00618800,0.000000,1.243452,
0.00618820,-0.002441,1.243452,
0.00618840,-0.002441,1.243452,
0.00618860,-0.002441,1.243452,
0.00618880,-0.002441,1.243452,
0.00618900,-0.002441,1.243452,
0.00618920,-0.002441,1.243452,
0.00618940,0.000000,1.259700,
0.00618960,0.000000,1.259700,
0.00618980,-0.002441,1.243452,
0.00619000,0.000000,1.243452,
0.00619020,0.000000,1.243452,
0.00619040,-0.002441,1.243452,
0.00619060,0.000000,1.259700,
0.00619080,0.000000,1.275947,
0.00619100,0.000000,1.259700,
0.00619120,0.000000,1.259700,
0.00619140,0.000000,1.259700,
0.00619160,0.000000,1.259700,
0.00619180,-0.004883,1.243452,
0.00619200,-0.002441,1.243452,
0.00619220,0.002441,1.259700,
0.00619240,0.000000,1.259700,
0.00619260,-0.002441,1.243452,
0.00619280,-0.002441,1.243452,
0.00619300,0.000000,1.259700,
0.00619320,0.000000,1.259700,
0.00619340,-0.002441,1.259700,
0.00619360,-0.002441,1.259700,
0.00619380,0.000000,1.275947,
0.00619400,0.000000,1.259700,
0.00619420,0.000000,1.259700,
0.00619440,-0.002441,1.243452,
0.00619460,0.000000,1.243452,
0.00619480,-0.002441,1.243452,
0.00619500,-0.002441,1.243452,
0.00619520,-0.002441,1.259700,
0.00619540,0.000000,1.259700,
0.00619560,0.002441,1.259700,
0.00619580,0.000000,1.259700,
0.00619600,0.000000,1.259700,
0.00619620,-0.002441,1.259700,
0.00619640,0.000000,1.259700,
0.00619660,-0.002441,1.243452,
0.00619680,-0.002441,1.243452,
0.00619700,-0.002441,1.259700,
0.00619720,0.000000,1.259700,
0.00619740,0.000000,1.275947,
0.00619760,-0.002441,1.259700,
0.00619780,-0.002441,1.243452,
0.00619800,0.000000,1.259700,
0.00619820,-0.002441,1.243452,
0.00619840,-0.002441,1.243452,
0.00619860,0.000000,1.259700,
0.00619880,0.000000,1.259700,
0.00619900,0.000000,1.259700,
0.00619920,0.000000,1.259700,
0.00619940,0.002441,1.275947,
0.00619960,0.000000,1.259700,
0.00619980,0.000000,1.259700,
0.00620000,0.000000,1.259700,
0.00620020,-0.002441,1.259700,
0.00620040,0.000000,1.259700,
0.00620060,-0.002441,1.259700,
0.00620080,0.000000,1.259700,
0.00620100,0.002441,1.259700,
0.00620120,0.000000,1.259700,
0.00620140,-0.002441,1.259700,
0.00620160,-0.002441,1.259700,
0.00620180,0.000000,1.259700,
0.00620200,0.000000,1.243452,
0.00620220,-0.002441,1.243452,
0.00620240,0.000000,1.259700,
0.00620260,0.002441,1.275947,
0.00620280,0.000000,1.275947,
0.00620300,-0.002441,1.259700,
0.00620320,-0.002441,1.243452,
0.00620340,-0.002441,1.243452,
0.00620360,-0.002441,1.259700,
0.00620380,0.000000,1.259700,
0.00620400,0.000000,1.275947,
0.00620420,0.000000,1.259700,
0.00620440,-0.002441,1.259700,
0.00620460,-0.002441,1.259700,
0.00620480,-0.002441,1.259700,
0.00620500,-0.002441,1.259700,
0.00620520,0.000000,1.259700,
0.00620540,0.000000,1.259700,
0.00620560,0.000000,1.243452,
0.00620580,-0.002441,1.259700,
0.00620600,0.000000,1.259700,
0.00620620,0.000000,1.243452,
0.00620640,-0.002441,1.259700,
0.00620660,-0.002441,1.259700,
0.00620680,0.000000,1.259700,
0.00620700,0.002441,1.259700,
0.00620720,0.000000,1.243452,
0.00620740,0.000000,1.243452,
0.00620760,0.000000,1.259700,
0.00620780,-0.002441,1.259700,
0.00620800,-0.002441,1.243452,
0.00620820,-0.002441,1.243452,
0.00620840,-0.002441,1.243452,
0.00620860,0.000000,1.243452,
0.00620880,-0.002441,1.259700,
0.00620900,0.000000,1.259700,
0.00620920,-0.002441,1.243452,
0.00620940,-0.002441,1.243452,
0.00620960,0.000000,1.227205,
0.00620980,0.000000,1.243452,
0.00621000,0.000000,1.259700,
0.00621020,0.000000,1.275947,
0.00621040,0.000000,1.259700,
0.00621060,-0.002441,1.259700,
0.00621080,-0.002441,1.259700,
0.00621100,-0.002441,1.243452,
0.00621120,-0.002441,1.227205,
0.00621140,-0.002441,1.227205,
0.00621160,0.000000,1.243452,
0.00621180,0.000000,1.259700,
0.00621200,-0.002441,1.259700,
0.00621220,0.000000,1.275947,
0.00621240,-0.002441,1.259700,
0.00621260,0.000000,1.243452,
0.00621280,-0.002441,1.227205,
0.00621300,-0.002441,1.243452,
0.00621320,-0.002441,1.243452,
0.00621340,0.002441,1.259700,
0.00621360,0.000000,1.243452,
0.00621380,-0.002441,1.243452,
0.00621400,0.000000,1.259700,
0.00621420,0.000000,1.243452,
0.00621440,-0.002441,1.243452,
0.00621460,0.000000,1.243452,
0.00621480,0.000000,1.243452,
0.00621500,0.000000,1.259700,
0.00621520,-0.002441,1.259700,
0.00621540,-0.002441,1.243452,
0.00621560,0.000000,1.243452,
0.00621580,-0.002441,1.243452,
0.00621600,-0.002441,1.243452,
0.00621620,-0.002441,1.243452,
0.00621640,0.000000,1.243452,
0.00621660,0.000000,1.243452,
0.00621680,0.000000,1.243452,
0.00621700,-0.002441,1.243452,
0.00621720,0.000000,1.243452,
0.00621740,0.000000,1.243452,
0.00621760,0.000000,1.259700,
0.00621780,0.000000,1.259700,
0.00621800,-0.002441,1.259700,
0.00621820,0.000000,1.243452,
0.00621840,-0.002441,1.227205,
0.00621860,-0.002441,1.227205,
0.00621880,0.000000,1.243452,
0.00621900,0.000000,1.243452,
0.00621920,-0.002441,1.243452,
0.00621940,0.000000,1.243452,
0.00621960,0.000000,1.243452,
0.00621980,0.000000,1.243452,
0.00622000,-0.002441,1.259700,
0.00622020,0.000000,1.259700,
0.00622040,0.000000,1.259700,
0.00622060,-0.002441,1.243452,
0.00622080,-0.002441,1.227205,
0.00622100,-0.002441,1.227205,
0.00622120,0.000000,1.243452,
0.00622140,-0.002441,1.243452,
0.00622160,0.000000,1.243452,
0.00622180,-0.002441,1.243452,
0.00622200,0.000000,1.259700,
0.00622220,0.000000,1.243452,
0.00622240,-0.002441,1.227205,
0.00622260,-0.002441,1.243452,
0.00622280,0.000000,1.243452,
0.00622300,0.000000,1.243452,
0.00622320,-0.002441,1.243452,
0.00622340,-0.002441,1.243452,
0.00622360,0.000000,1.243452,
0.00622380,-0.002441,1.243452,
0.00622400,-0.002441,1.243452,
0.00622420,-0.002441,1.243452,
0.00622440,0.000000,1.243452,
0.00622460,0.000000,1.243452,
0.00622480,-0.002441,1.243452,
0.00622500,-0.002441,1.243452,
0.00622520,-0.002441,1.243452,
0.00622540,0.000000,1.243452,
0.00622560,-0.002441,1.243452,
0.00622580,0.000000,1.243452,
0.00622600,-0.002441,1.243452,
0.00622620,0.000000,1.243452,
0.00622640,0.000000,1.243452,
0.00622660,-0.002441,1.243452,
0.00622680,-0.002441,1.243452,
0.00622700,0.000000,1.259700,
0.00622720,-0.002441,1.243452,
0.00622740,-0.002441,1.227205,
0.00622760,0.000000,1.227205,
0.00622780,-0.002441,1.227205,
0.00622800,-0.002441,1.243452,
0.00622820,0.002441,1.259700,
0.00622840,0.000000,1.243452,
0.00622860,0.000000,1.243452,
0.00622880,-0.002441,1.243452,
0.00622900,0.000000,1.243452,
0.00622920,0.000000,1.243452,
0.00622940,0.000000,1.243452,
0.00622960,-0.002441,1.227205,
0.00622980,0.000000,1.227205,
0.00623000,0.000000,1.243452,
0.00623020,0.000000,1.227205,
0.00623040,-0.002441,1.243452,
0.00623060,-0.002441,1.243452,
0.00623080,-0.002441,1.243452,
0.00623100,0.000000,1.243452,
0.00623120,-0.002441,1.243452,
0.00623140,0.000000,1.243452,
0.00623160,0.000000,1.243452,
0.00623180,-0.002441,1.243452,
0.00623200,-0.004883,1.227205,
0.00623220,-0.002441,1.243452,
0.00623240,0.000000,1.259700,
0.00623260,0.000000,1.259700,
0.00623280,0.000000,1.243452,
0.00623300,0.000000,1.243452,
0.00623320,0.000000,1.243452,
0.00623340,0.000000,1.243452,
0.00623360,-0.002441,1.243452,
0.00623380,-0.002441,1.227205,
0.00623400,-0.002441,1.243452,
0.00623420,-0.002441,1.243452,
0.00623440,0.000000,1.259700,
0.00623460,-0.002441,1.243452,
0.00623480,0.000000,1.243452,
0.00623500,-0.002441,1.243452,
0.00623520,-0.002441,1.243452,
0.00623540,0.000000,1.243452,
0.00623560,0.000000,1.243452,
0.00623580,0.000000,1.259700,
0.00623600,0.000000,1.243452,
0.00623620,0.000000,1.243452,
0.00623640,-0.002441,1.243452,
0.00623660,0.000000,1.243452,
0.00623680,-0.002441,1.227205,
0.00623700,-0.002441,1.243452,
0.00623720,0.000000,1.243452,
0.00623740,-0.002441,1.243452,
0.00623760,-0.002441,1.243452,
0.00623780,-0.002441,1.243452,
0.00623800,0.000000,1.243452,
0.00623820,-0.002441,1.227205,
0.00623840,0.000000,1.243452,
0.00623860,-0.002441,1.243452,
0.00623880,0.000000,1.243452,
0.00623900,0.000000,1.259700,
0.00623920,0.000000,1.243452,
0.00623940,0.000000,1.243452,
0.00623960,0.000000,1.243452,
0.00623980,0.000000,1.227205,
0.00624000,0.000000,1.227205,
0.00624020,-0.002441,1.243452,
0.00624040,-0.002441,1.243452,
0.00624060,-0.002441,1.243452,
0.00624080,0.000000,1.259700,
0.00624100,-0.002441,1.243452,
0.00624120,-0.002441,1.227205,
0.00624140,-0.002441,1.227205,
0.00624160,-0.002441,1.227205,
0.00624180,-0.002441,1.227205,
0.00624200,0.000000,1.243452,
0.00624220,0.000000,1.243452,
0.00624240,0.000000,1.243452,
0.00624260,-0.002441,1.227205,
0.00624280,-0.002441,1.243452,
0.00624300,0.000000,1.227205,
0.00624320,0.000000,1.243452,
0.00624340,-0.002441,1.227205,
0.00624360,0.000000,1.227205,
0.00624380,0.000000,1.243452,
0.00624400,0.000000,1.243452,
0.00624420,-0.002441,1.227205,
0.00624440,0.000000,1.227205,
0.00624460,0.000000,1.210957,
0.00624480,0.000000,1.210957,
0.00624500,-0.002441,1.227205,
0.00624520,-0.002441,1.243452,
0.00624540,0.000000,1.259700,
0.00624560,0.000000,1.275947,
0.00624580,-0.002441,1.259700,
0.00624600,-0.002441,1.227205,
0.00624620,0.000000,1.210957,
0.00624640,-0.002441,1.210957,
0.00624660,-0.002441,1.210957,
0.00624680,-0.002441,1.227205,
0.00624700,0.000000,1.243452,
0.00624720,0.000000,1.243452,
0.00624740,0.000000,1.243452,
0.00624760,0.000000,1.243452,
0.00624780,-0.002441,1.227205,
0.00624800,-0.002441,1.227205,
0.00624820,-0.002441,1.227205,
0.00624840,-0.002441,1.227205,
0.00624860,0.000000,1.227205,
0.00624880,-0.002441,1.243452,
0.00624900,0.000000,1.243452,
0.00624920,0.000000,1.243452,
0.00624940,0.000000,1.227205,
0.00624960,-0.002441,1.227205,
0.00624980,-0.002441,1.210957,
0.00625000,0.000000,1.210957,
0.00625020,0.000000,1.243452,
0.00625040,0.000000,1.243452,
0.00625060,-0.002441,1.227205,
0.00625080,-0.002441,1.227205,
0.00625100,0.000000,1.227205,
0.00625120,-0.002441,1.227205,
0.00625140,-0.002441,1.227205,
0.00625160,-0.002441,1.227205,
0.00625180,0.000000,1.227205,
0.00625200,0.000000,1.227205,
0.00625220,0.000000,1.227205,
0.00625240,-0.002441,1.227205,
0.00625260,0.000000,1.227205,
0.00625280,0.000000,1.210957,
0.00625300,-0.002441,1.227205,
0.00625320,-0.002441,1.227205,
0.00625340,0.000000,1.227205,
0.00625360,0.000000,1.227205,
0.00625380,-0.002441,1.227205,
0.00625400,0.000000,1.227205,
0.00625420,-0.002441,1.227205,
0.00625440,-0.002441,1.227205,
0.00625460,-0.002441,1.210957,
0.00625480,0.000000,1.210957,
0.00625500,-0.002441,1.210957,
0.00625520,0.000000,1.227205,
0.00625540,-0.002441,1.227205,
0.00625560,0.000000,1.227205,
0.00625580,-0.002441,1.227205,
0.00625600,-0.002441,1.210957,
0.00625620,-0.002441,1.210957,
0.00625640,-0.002441,1.210957,
0.00625660,0.000000,1.227205,
0.00625680,0.000000,1.227205,
0.00625700,0.000000,1.227205,
0.00625720,0.002441,1.210957,
0.00625740,-0.002441,1.210957,
0.00625760,0.000000,1.210957,
0.00625780,-0.002441,1.210957,
0.00625800,-0.002441,1.227205,
0.00625820,0.000000,1.227205,
0.00625840,0.000000,1.227205,
0.00625860,0.000000,1.227205,
0.00625880,0.002441,1.210957,
0.00625900,0.000000,1.210957,
0.00625920,0.000000,1.210957,
0.00625940,-0.002441,1.210957,
0.00625960,0.000000,1.210957,
0.00625980,0.000000,1.227205,
0.00626000,0.000000,1.227205,
0.00626020,-0.002441,1.210957,
0.00626040,0.000000,1.227205,
0.00626060,0.000000,1.210957,
0.00626080,-0.002441,1.210957,
0.00626100,-0.002441,1.210957,
0.00626120,0.000000,1.227205,
0.00626140,0.000000,1.210957,
0.00626160,0.000000,1.227205,
0.00626180,-0.002441,1.227205,
0.00626200,0.000000,1.227205,
0.00626220,0.000000,1.227205,
0.00626240,0.000000,1.210957,
0.00626260,-0.002441,1.194710,
0.00626280,0.000000,1.194710,
0.00626300,0.000000,1.194710,
0.00626320,0.000000,1.210957,
0.00626340,-0.002441,1.227205,
0.00626360,0.000000,1.227205,
0.00626380,-0.002441,1.227205,
0.00626400,0.000000,1.227205,
0.00626420,-0.002441,1.210957,
0.00626440,-0.002441,1.210957,
0.00626460,0.000000,1.210957,
0.00626480,0.000000,1.210957,
0.00626500,0.000000,1.194710,
0.00626520,0.000000,1.210957,
0.00626540,0.000000,1.227205,
0.00626560,-0.002441,1.227205,
0.00626580,-0.002441,1.210957,
0.00626600,-0.002441,1.210957,
0.00626620,0.000000,1.227205,
0.00626640,-0.002441,1.227205,
0.00626660,0.000000,1.227205,
0.00626680,-0.002441,1.194710,
0.00626700,0.000000,1.210957,
0.00626720,-0.002441,1.210957,
0.00626740,-0.002441,1.210957,
0.00626760,-0.002441,1.227205,
0.00626780,0.000000,1.227205,
0.00626800,0.000000,1.227205,
0.00626820,0.000000,1.227205,
0.00626840,-0.002441,1.210957,
0.00626860,-0.002441,1.227205,
0.00626880,0.000000,1.210957,
0.00626900,-0.002441,1.210957,
0.00626920,-0.002441,1.210957,
0.00626940,0.000000,1.227205,
0.00626960,0.000000,1.227205,
0.00626980,-0.002441,1.227205,
0.00627000,-0.004883,1.210957,
0.00627020,0.000000,1.227205,
0.00627040,-0.002441,1.210957,
0.00627060,-0.002441,1.227205,
0.00627080,-0.002441,1.210957,
0.00627100,-0.002441,1.210957,
0.00627120,0.000000,1.227205,
0.00627140,0.000000,1.227205,
0.00627160,0.000000,1.227205,
0.00627180,0.000000,1.227205,
0.00627200,0.000000,1.210957,
0.00627220,0.000000,1.210957,
0.00627240,-0.002441,1.210957,
0.00627260,-0.002441,1.210957,
0.00627280,0.000000,1.210957,
0.00627300,-0.002441,1.210957,
0.00627320,-0.002441,1.194710,
0.00627340,0.000000,1.210957,
0.00627360,0.000000,1.210957,
0.00627380,-0.002441,1.227205,
0.00627400,-0.002441,1.227205,
0.00627420,-0.002441,1.227205,
0.00627440,-0.002441,1.227205,
0.00627460,-0.002441,1.210957,
0.00627480,0.000000,1.210957,
0.00627500,0.000000,1.210957,
0.00627520,-0.002441,1.210957,
0.00627540,-0.002441,1.227205,
0.00627560,0.000000,1.227205,
0.00627580,0.000000,1.227205,
0.00627600,-0.004883,1.210957,
0.00627620,0.000000,1.210957,
0.00627640,-0.002441,1.210957,
0.00627660,0.000000,1.227205,
0.00627680,0.000000,1.210957,
0.00627700,-0.002441,1.210957,
0.00627720,0.000000,1.210957,
0.00627740,-0.002441,1.210957,
0.00627760,0.000000,1.227205,
0.00627780,-0.002441,1.227205,
0.00627800,-0.002441,1.210957,
0.00627820,0.000000,1.210957,
0.00627840,0.000000,1.210957,
0.00627860,-0.002441,1.210957,
0.00627880,-0.002441,1.210957,
0.00627900,-0.002441,1.210957,
0.00627920,0.000000,1.210957,
0.00627940,0.000000,1.210957,
0.00627960,-0.002441,1.194710,
0.00627980,0.000000,1.194710,
0.00628000,-0.002441,1.210957,
0.00628020,-0.002441,1.227205,
0.00628040,0.000000,1.227205,
0.00628060,0.000000,1.227205,
0.00628080,0.000000,1.227205,
0.00628100,0.000000,1.227205,
0.00628120,0.000000,1.194710,
0.00628140,-0.002441,1.194710,
0.00628160,-0.002441,1.194710,
0.00628180,-0.002441,1.194710,
0.00628200,-0.002441,1.210957,
0.00628220,-0.002441,1.210957,
0.00628240,-0.002441,1.227205,
0.00628260,0.000000,1.210957,
0.00628280,0.000000,1.227205,
0.00628300,0.000000,1.210957,
0.00628320,-0.002441,1.210957,
0.00628340,-0.002441,1.210957,
0.00628360,-0.002441,1.210957,
0.00628380,-0.002441,1.210957,
0.00628400,0.000000,1.210957,
0.00628420,0.000000,1.210957,
0.00628440,-0.002441,1.210957,
0.00628460,0.000000,1.194710,
0.00628480,0.000000,1.210957,
0.00628500,-0.002441,1.194710,
0.00628520,-0.002441,1.210957,
0.00628540,-0.002441,1.227205,
0.00628560,0.000000,1.210957,
0.00628580,-0.002441,1.210957,
0.00628600,-0.002441,1.194710,
0.00628620,0.000000,1.210957,
0.00628640,-0.002441,1.210957,
0.00628660,-0.002441,1.194710,
0.00628680,-0.002441,1.194710,
0.00628700,0.000000,1.210957,
0.00628720,0.000000,1.210957,
0.00628740,0.000000,1.210957,
0.00628760,-0.002441,1.210957,
0.00628780,0.000000,1.227205,
0.00628800,0.000000,1.210957,
0.00628820,-0.002441,1.210957,
0.00628840,-0.004883,1.194710,
0.00628860,0.000000,1.194710,
0.00628880,0.000000,1.210957,
0.00628900,-0.002441,1.194710,
0.00628920,0.000000,1.210957,
0.00628940,-0.002441,1.210957,
0.00628960,-0.002441,1.210957,
0.00628980,0.000000,1.210957,
0.00629000,-0.002441,1.194710,
0.00629020,0.000000,1.194710,
0.00629040,0.000000,1.194710,
0.00629060,0.000000,1.194710,
0.00629080,0.000000,1.194710,
0.00629100,-0.002441,1.194710,
0.00629120,0.000000,1.210957,
0.00629140,-0.002441,1.210957,
0.00629160,-0.002441,1.194710,
0.00629180,-0.002441,1.194710,
0.00629200,-0.002441,1.210957,
0.00629220,0.000000,1.210957,
0.00629240,0.000000,1.194710,
0.00629260,0.000000,1.194710,
0.00629280,-0.002441,1.194710,
0.00629300,-0.002441,1.194710,
0.00629320,-0.002441,1.194710,
0.00629340,0.000000,1.210957,
0.00629360,-0.002441,1.210957,
0.00629380,0.000000,1.194710,
0.00629400,-0.002441,1.194710,
0.00629420,0.000000,1.210957,
0.00629440,0.000000,1.194710,
0.00629460,0.000000,1.194710,
0.00629480,-0.002441,1.194710,
0.00629500,-0.002441,1.194710,
0.00629520,0.000000,1.210957,
0.00629540,-0.002441,1.194710,
0.00629560,-0.002441,1.210957,
0.00629580,0.002441,1.210957,
0.00629600,-0.002441,1.194710,
0.00629620,0.000000,1.194710,
0.00629640,-0.002441,1.194710,
0.00629660,0.000000,1.210957,
0.00629680,0.000000,1.210957,
0.00629700,0.000000,1.210957,
0.00629720,-0.002441,1.194710,
0.00629740,0.000000,1.194710,
0.00629760,0.000000,1.210957,
0.00629780,0.000000,1.194710,
0.00629800,-0.002441,1.178462,
0.00629820,0.000000,1.178462,
0.00629840,0.000000,1.194710,
0.00629860,-0.002441,1.210957,
0.00629880,0.000000,1.210957,
0.00629900,-0.002441,1.210957,
0.00629920,0.000000,1.210957,
0.00629940,0.000000,1.194710,
0.00629960,0.000000,1.194710,
0.00629980,-0.002441,1.194710,
0.00630000,0.000000,1.194710,
0.00630020,0.000000,1.194710,
0.00630040,0.000000,1.194710,
0.00630060,-0.002441,1.194710,
0.00630080,-0.002441,1.210957,
0.00630100,0.000000,1.210957,
0.00630120,-0.002441,1.210957,
0.00630140,-0.002441,1.210957,
0.00630160,0.000000,1.194710,
0.00630180,0.000000,1.194710,
0.00630200,0.000000,1.194710,
0.00630220,0.000000,1.210957,
0.00630240,-0.002441,1.194710,
0.00630260,-0.002441,1.210957,
0.00630280,-0.002441,1.194710,
0.00630300,-0.002441,1.194710,
0.00630320,0.000000,1.194710,
0.00630340,0.000000,1.194710,
0.00630360,0.000000,1.210957,
0.00630380,0.000000,1.210957,
0.00630400,-0.002441,1.194710,
0.00630420,-0.002441,1.194710,
0.00630440,-0.002441,1.178462,
0.00630460,0.000000,1.210957,
0.00630480,0.000000,1.210957,
0.00630500,-0.002441,1.210957,
0.00630520,-0.002441,1.194710,
0.00630540,-0.002441,1.194710,
0.00630560,0.000000,1.194710,
0.00630580,-0.002441,1.194710,
0.00630600,-0.002441,1.194710,
0.00630620,-0.002441,1.194710,
0.00630640,0.000000,1.210957,
0.00630660,-0.002441,1.210957,
0.00630680,-0.002441,1.210957,
0.00630700,-0.002441,1.210957,
0.00630720,-0.002441,1.194710,
0.00630740,-0.002441,1.194710,
0.00630760,-0.002441,1.194710,
0.00630780,-0.002441,1.194710,
0.00630800,-0.002441,1.210957,
0.00630820,-0.002441,1.194710,
0.00630840,0.000000,1.194710,
0.00630860,0.000000,1.194710,
0.00630880,0.000000,1.210957,
0.00630900,-0.002441,1.210957,
0.00630920,-0.002441,1.194710,
0.00630940,0.000000,1.210957,
0.00630960,0.000000,1.194710,
0.00630980,0.000000,1.194710,
0.00631000,-0.002441,1.194710,
0.00631020,0.002441,1.210957,
0.00631040,-0.002441,1.194710,
0.00631060,-0.002441,1.210957,
0.00631080,-0.002441,1.194710,
0.00631100,0.000000,1.194710,
0.00631120,0.000000,1.210957,
0.00631140,0.000000,1.210957,
0.00631160,0.000000,1.194710,
0.00631180,0.002441,1.210957,
0.00631200,0.000000,1.194710,
0.00631220,-0.004883,1.194710,
0.00631240,-0.002441,1.194710,
0.00631260,-0.002441,1.194710,
0.00631280,0.000000,1.210957,
0.00631300,0.000000,1.210957,
0.00631320,0.000000,1.194710,
0.00631340,0.000000,1.194710,
0.00631360,-0.002441,1.210957,
0.00631380,-0.002441,1.210957,
0.00631400,-0.002441,1.194710,
0.00631420,0.000000,1.194710,
0.00631440,-0.002441,1.194710,
0.00631460,0.000000,1.194710,
0.00631480,0.000000,1.194710,
0.00631500,-0.002441,1.178462,
0.00631520,0.000000,1.210957,
0.00631540,-0.002441,1.227205,
0.00631560,-0.002441,1.227205,
0.00631580,-0.002441,1.227205,
0.00631600,-0.002441,1.210957,
0.00631620,0.000000,1.194710,
0.00631640,-0.002441,1.194710,
0.00631660,-0.002441,1.194710,
0.00631680,0.000000,1.210957,
0.00631700,0.000000,1.194710,
0.00631720,-0.002441,1.210957,
0.00631740,-0.002441,1.210957,
0.00631760,0.000000,1.210957,
0.00631780,-0.002441,1.194710,
0.00631800,0.000000,1.210957,
0.00631820,0.000000,1.194710,
0.00631840,0.000000,1.194710,
0.00631860,-0.002441,1.194710,
0.00631880,0.000000,1.210957,
0.00631900,-0.004883,1.210957,
0.00631920,0.000000,1.210957,
0.00631940,0.000000,1.210957,
0.00631960,0.000000,1.210957,
0.00631980,-0.002441,1.194710,
0.00632000,-0.002441,1.210957,
0.00632020,-0.002441,1.194710,
0.00632040,0.000000,1.194710,
0.00632060,-0.002441,1.194710,
0.00632080,-0.002441,1.210957,
0.00632100,0.000000,1.227205,
0.00632120,-0.002441,1.210957,
0.00632140,0.000000,1.210957,
0.00632160,-0.002441,1.194710,
0.00632180,-0.002441,1.194710,
0.00632200,-0.002441,1.194710,
0.00632220,0.000000,1.210957,
0.00632240,0.000000,1.210957,
0.00632260,0.000000,1.210957,
0.00632280,-0.002441,1.210957,
0.00632300,-0.002441,1.210957,
0.00632320,0.000000,1.194710,
0.00632340,-0.002441,1.194710,
0.00632360,-0.002441,1.194710,
0.00632380,-0.002441,1.194710,
0.00632400,-0.002441,1.210957,
0.00632420,-0.002441,1.194710,
0.00632440,-0.002441,1.210957,
0.00632460,-0.004883,1.210957,
0.00632480,0.000000,1.194710,
0.00632500,-0.002441,1.194710,
0.00632520,-0.002441,1.194710,
0.00632540,-0.002441,1.194710,
0.00632560,0.000000,1.210957,
0.00632580,0.000000,1.210957,
0.00632600,-0.002441,1.194710,
0.00632620,0.000000,1.210957,
0.00632640,-0.002441,1.210957,
0.00632660,-0.002441,1.194710,
0.00632680,-0.002441,1.194710,
0.00632700,-0.002441,1.210957,
0.00632720,-0.002441,1.210957,
0.00632740,0.000000,1.194710,
0.00632760,0.000000,1.194710,
0.00632780,-0.004883,1.194710,
0.00632800,0.000000,1.227205,
0.00632820,0.000000,1.194710,
0.00632840,-0.002441,1.178462,
0.00632860,-0.002441,1.194710,
0.00632880,0.000000,1.210957,
0.00632900,0.000000,1.210957,
0.00632920,-0.002441,1.210957,
0.00632940,0.000000,1.194710,
0.00632960,0.000000,1.210957,
0.00632980,-0.002441,1.194710,
0.00633000,-0.002441,1.194710,
0.00633020,-0.002441,1.194710,
0.00633040,-0.002441,1.210957,
0.00633060,0.000000,1.210957,
0.00633080,0.000000,1.194710,
0.00633100,0.000000,1.194710,
0.00633120,0.000000,1.210957,
0.00633140,-0.002441,1.210957,
0.00633160,-0.002441,1.210957,
0.00633180,-0.002441,1.194710,
0.00633200,0.000000,1.194710,
0.00633220,-0.002441,1.227205,
0.00633240,-0.002441,1.210957,
0.00633260,-0.002441,1.210957,
0.00633280,0.000000,1.194710,
0.00633300,-0.002441,1.178462,
0.00633320,-0.002441,1.178462,
0.00633340,-0.002441,1.194710,
0.00633360,-0.002441,1.210957,
0.00633380,-0.002441,1.227205,
0.00633400,0.000000,1.227205,
0.00633420,-0.002441,1.210957,
0.00633440,-0.002441,1.210957,
0.00633460,-0.002441,1.194710,
0.00633480,-0.002441,1.194710,
0.00633500,-0.002441,1.194710,
0.00633520,-0.004883,1.178462,
0.00633540,0.000000,1.194710,
0.00633560,-0.002441,1.210957,
0.00633580,0.000000,1.210957,
0.00633600,-0.002441,1.194710,
0.00633620,0.000000,1.210957,
0.00633640,-0.002441,1.210957,
0.00633660,-0.002441,1.210957,
0.00633680,-0.002441,1.210957,
0.00633700,0.000000,1.194710,
0.00633720,-0.002441,1.194710,
0.00633740,-0.002441,1.194710,
0.00633760,-0.002441,1.210957,
0.00633780,0.000000,1.210957,
0.00633800,-0.002441,1.210957,
0.00633820,-0.002441,1.210957,
0.00633840,-0.002441,1.210957,
0.00633860,0.000000,1.210957,
0.00633880,0.000000,1.210957,
0.00633900,-0.002441,1.210957,
0.00633920,0.000000,1.210957,
0.00633940,0.000000,1.210957,
0.00633960,-0.002441,1.194710,
0.00633980,-0.002441,1.210957,
0.00634000,-0.002441,1.210957,
0.00634020,0.000000,1.227205,
0.00634040,0.000000,1.210957,
0.00634060,-0.002441,1.194710,
0.00634080,0.000000,1.210957,
0.00634100,-0.002441,1.194710,
0.00634120,-0.002441,1.194710,
0.00634140,-0.002441,1.194710,
0.00634160,0.000000,1.210957,
0.00634180,-0.002441,1.210957,
0.00634200,0.000000,1.210957,
0.00634220,0.000000,1.210957,
0.00634240,-0.002441,1.210957,
0.00634260,0.000000,1.210957,
0.00634280,0.000000,1.194710,
0.00634300,-0.002441,1.194710,
0.00634320,-0.002441,1.210957,
0.00634340,-0.002441,1.194710,
0.00634360,0.000000,1.194710,
0.00634380,-0.002441,1.210957,
0.00634400,-0.002441,1.210957,
0.00634420,-0.002441,1.210957,
0.00634440,0.000000,1.210957,
0.00634460,0.000000,1.194710,
0.00634480,-0.002441,1.210957,
0.00634500,0.000000,1.227205,
0.00634520,-0.002441,1.210957,
0.00634540,0.000000,1.210957,
0.00634560,0.000000,1.210957,
0.00634580,0.000000,1.210957,
0.00634600,-0.002441,1.210957,
0.00634620,-0.002441,1.194710,
0.00634640,0.000000,1.210957,
0.00634660,0.000000,1.194710,
0.00634680,-0.002441,1.210957,
0.00634700,-0.002441,1.210957,
0.00634720,0.000000,1.227205,
0.00634740,-0.002441,1.227205,
0.00634760,-0.002441,1.210957,
0.00634780,-0.002441,1.210957,
0.00634800,0.000000,1.178462,
0.00634820,0.000000,1.194710,
0.00634840,0.000000,1.210957,
0.00634860,-0.002441,1.210957,
0.00634880,0.000000,1.227205,
0.00634900,0.000000,1.210957,
0.00634920,-0.002441,1.210957,
0.00634940,-0.002441,1.210957,
0.00634960,0.000000,1.194710,
0.00634980,0.000000,1.210957,
0.00635000,0.000000,1.210957,
0.00635020,-0.002441,1.210957,
0.00635040,-0.002441,1.227205,
0.00635060,0.000000,1.227205,
0.00635080,-0.002441,1.227205,
0.00635100,0.000000,1.243452,
0.00635120,-0.002441,1.210957,
0.00635140,0.000000,1.194710,
0.00635160,0.000000,1.210957,
0.00635180,-0.002441,1.194710,
0.00635200,-0.002441,1.210957,
0.00635220,0.000000,1.210957,
0.00635240,-0.002441,1.210957,
0.00635260,-0.002441,1.227205,
0.00635280,-0.002441,1.243452,
0.00635300,-0.002441,1.227205,
0.00635320,0.000000,1.210957,
0.00635340,-0.002441,1.210957,
0.00635360,-0.002441,1.210957,
0.00635380,-0.002441,1.194710,
0.00635400,-0.002441,1.210957,
0.00635420,-0.002441,1.194710,
0.00635440,0.000000,1.227205,
0.00635460,0.000000,1.227205,
0.00635480,-0.002441,1.227205,
0.00635500,-0.002441,1.210957,
0.00635520,0.000000,1.227205,
0.00635540,-0.002441,1.210957,
0.00635560,-0.002441,1.210957,
0.00635580,-0.002441,1.210957,
0.00635600,0.000000,1.210957,
0.00635620,0.000000,1.227205,
0.00635640,0.000000,1.227205,
0.00635660,0.000000,1.227205,
0.00635680,0.000000,1.227205,
0.00635700,-0.002441,1.210957,
0.00635720,-0.002441,1.210957,
0.00635740,-0.002441,1.210957,
0.00635760,0.000000,1.210957,
0.00635780,-0.002441,1.227205,
0.00635800,0.000000,1.227205,
0.00635820,-0.002441,1.227205,
0.00635840,0.000000,1.227205,
0.00635860,-0.002441,1.210957,
0.00635880,-0.002441,1.227205,
0.00635900,-0.002441,1.210957,
0.00635920,-0.002441,1.227205,
0.00635940,-0.002441,1.227205,
0.00635960,0.000000,1.227205,
0.00635980,-0.002441,1.227205,
0.00636000,-0.002441,1.227205,
0.00636020,-0.002441,1.210957,
0.00636040,0.000000,1.210957,
0.00636060,-0.002441,1.227205,
0.00636080,-0.002441,1.227205,
0.00636100,0.002441,1.243452,
0.00636120,0.000000,1.210957,
0.00636140,0.000000,1.210957,
0.00636160,-0.002441,1.227205,
0.00636180,0.000000,1.227205,
0.00636200,-0.002441,1.227205,
0.00636220,0.000000,1.210957,
0.00636240,-0.002441,1.210957,
0.00636260,-0.002441,1.227205,
0.00636280,0.000000,1.227205,
0.00636300,-0.002441,1.210957,
0.00636320,0.002441,1.227205,
0.00636340,0.000000,1.227205,
0.00636360,-0.002441,1.227205,
0.00636380,-0.002441,1.210957,
0.00636400,-0.002441,1.227205,
0.00636420,-0.002441,1.227205,
0.00636440,0.000000,1.227205,
0.00636460,-0.002441,1.210957,
0.00636480,0.002441,1.210957,
0.00636500,0.000000,1.227205,
0.00636520,-0.002441,1.227205,
0.00636540,-0.002441,1.210957,
0.00636560,-0.002441,1.210957,
0.00636580,0.000000,1.227205,
0.00636600,-0.002441,1.243452,
0.00636620,-0.002441,1.243452,
0.00636640,0.002441,1.227205,
0.00636660,0.000000,1.210957,
0.00636680,-0.002441,1.210957,
0.00636700,-0.002441,1.227205,
0.00636720,0.000000,1.243452,
0.00636740,-0.002441,1.227205,
0.00636760,-0.002441,1.227205,
0.00636780,-0.002441,1.210957,
0.00636800,0.000000,1.210957,
0.00636820,0.000000,1.210957,
0.00636840,0.000000,1.210957,
0.00636860,-0.002441,1.210957,
0.00636880,0.000000,1.227205,
0.00636900,0.000000,1.243452,
0.00636920,0.000000,1.243452,
0.00636940,-0.002441,1.243452,
0.00636960,0.000000,1.227205,
0.00636980,-0.002441,1.210957,
0.00637000,-0.002441,1.210957,
0.00637020,-0.002441,1.210957,
0.00637040,-0.002441,1.210957,
0.00637060,0.000000,1.227205,
0.00637080,0.000000,1.243452,
0.00637100,-0.002441,1.243452,
0.00637120,-0.002441,1.243452,
0.00637140,0.000000,1.227205,
0.00637160,0.000000,1.210957,
0.00637180,-0.002441,1.227205,
0.00637200,-0.002441,1.210957,
0.00637220,-0.002441,1.227205,
0.00637240,0.000000,1.227205,
0.00637260,0.000000,1.227205,
0.00637280,0.000000,1.227205,
0.00637300,-0.002441,1.227205,
0.00637320,-0.002441,1.227205,
0.00637340,-0.002441,1.227205,
0.00637360,-0.002441,1.243452,
0.00637380,0.000000,1.227205,
0.00637400,0.000000,1.227205,
0.00637420,0.000000,1.227205,
0.00637440,-0.004883,1.227205,
0.00637460,-0.002441,1.227205,
0.00637480,-0.002441,1.227205,
0.00637500,-0.002441,1.227205,
0.00637520,-0.002441,1.243452,
0.00637540,0.000000,1.243452,
0.00637560,0.000000,1.243452,
0.00637580,-0.002441,1.227205,
0.00637600,-0.002441,1.243452,
0.00637620,0.000000,1.243452,
0.00637640,0.000000,1.243452,
0.00637660,-0.004883,1.227205,
0.00637680,0.000000,1.227205,
0.00637700,0.000000,1.243452,
0.00637720,0.000000,1.243452,
0.00637740,-0.002441,1.243452,
0.00637760,-0.002441,1.243452,
0.00637780,0.000000,1.227205,
0.00637800,0.000000,1.227205,
0.00637820,-0.002441,1.227205,
0.00637840,0.000000,1.227205,
0.00637860,0.000000,1.243452,
0.00637880,0.000000,1.243452,
0.00637900,0.000000,1.243452,
0.00637920,-0.004883,1.227205,
0.00637940,0.000000,1.243452,
0.00637960,-0.002441,1.227205,
0.00637980,-0.002441,1.227205,
0.00638000,0.000000,1.227205,
0.00638020,0.000000,1.227205,
0.00638040,0.000000,1.227205,
0.00638060,0.000000,1.243452,
0.00638080,-0.004883,1.243452,
0.00638100,0.000000,1.243452,
0.00638120,0.000000,1.227205,
0.00638140,-0.002441,1.227205,
0.00638160,-0.002441,1.227205,
0.00638180,0.000000,1.243452,
0.00638200,-0.002441,1.243452,
0.00638220,-0.002441,1.243452,
0.00638240,-0.002441,1.227205,
0.00638260,0.000000,1.243452,
0.00638280,0.000000,1.243452,
0.00638300,-0.002441,1.227205,
0.00638320,0.000000,1.227205,
0.00638340,0.000000,1.243452,
0.00638360,-0.002441,1.227205,
0.00638380,-0.002441,1.243452,
0.00638400,-0.002441,1.243452,
0.00638420,0.000000,1.227205,
0.00638440,-0.002441,1.227205,
0.00638460,0.000000,1.227205,
0.00638480,0.000000,1.227205,
0.00638500,0.000000,1.227205,
0.00638520,-0.002441,1.227205,
0.00638540,0.000000,1.243452,
0.00638560,0.000000,1.243452,
0.00638580,0.000000,1.259700,
0.00638600,-0.002441,1.259700,
0.00638620,-0.002441,1.243452,
0.00638640,0.000000,1.227205,
0.00638660,0.000000,1.227205,
0.00638680,-0.002441,1.227205,
0.00638700,-0.002441,1.227205,
0.00638720,0.000000,1.227205,
0.00638740,-0.002441,1.259700,
0.00638760,-0.002441,1.243452,
0.00638780,-0.002441,1.243452,
0.00638800,-0.002441,1.227205,
0.00638820,0.000000,1.243452,
0.00638840,0.000000,1.243452,
0.00638860,0.000000,1.243452,
0.00638880,0.000000,1.227205,
0.00638900,0.000000,1.243452,
0.00638920,-0.002441,1.243452,
0.00638940,-0.002441,1.243452,
0.00638960,-0.002441,1.243452,
0.00638980,0.000000,1.259700,
0.00639000,0.000000,1.243452,
0.00639020,0.000000,1.243452,
0.00639040,-0.002441,1.243452,
0.00639060,0.000000,1.227205,
0.00639080,-0.002441,1.243452,
0.00639100,-0.002441,1.243452,
0.00639120,-0.002441,1.243452,
0.00639140,0.000000,1.243452,
0.00639160,0.000000,1.243452,
0.00639180,0.000000,1.243452,
0.00639200,-0.002441,1.259700,
0.00639220,0.000000,1.243452,
0.00639240,-0.002441,1.243452,
0.00639260,-0.002441,1.243452,
0.00639280,-0.002441,1.259700,
0.00639300,-0.002441,1.259700,
0.00639320,0.000000,1.259700,
0.00639340,0.000000,1.243452,
0.00639360,-0.002441,1.243452,
0.00639380,0.000000,1.243452,
0.00639400,0.000000,1.243452,
0.00639420,-0.002441,1.243452,
0.00639440,-0.002441,1.259700,
0.00639460,0.000000,1.259700,
0.00639480,-0.002441,1.243452,
0.00639500,0.000000,1.243452,
0.00639520,-0.002441,1.243452,
0.00639540,-0.002441,1.259700,
0.00639560,-0.002441,1.243452,
0.00639580,-0.002441,1.227205,
0.00639600,-0.002441,1.243452,
0.00639620,-0.002441,1.243452,
0.00639640,0.000000,1.259700,
0.00639660,0.000000,1.243452,
0.00639680,-0.002441,1.259700,
0.00639700,-0.002441,1.259700,
0.00639720,0.000000,1.259700,
0.00639740,-0.002441,1.243452,
0.00639760,-0.002441,1.243452,
0.00639780,-0.004883,1.243452,
0.00639800,0.000000,1.243452,
0.00639820,0.000000,1.259700,
0.00639840,-0.002441,1.259700,
0.00639860,-0.002441,1.259700,
0.00639880,0.000000,1.243452,
0.00639900,-0.002441,1.259700,
0.00639920,-0.002441,1.243452,
0.00639940,-0.002441,1.259700,
0.00639960,0.000000,1.259700,
0.00639980,-0.002441,1.275947,
0.00640000,-0.002441,1.259700,
0.00640020,-0.002441,1.243452,
0.00640040,-0.002441,1.243452,
0.00640060,-0.002441,1.259700,
0.00640080,-0.002441,1.259700,
0.00640100,0.000000,1.259700,
0.00640120,-0.002441,1.259700,
0.00640140,0.000000,1.243452,
0.00640160,0.000000,1.243452,
0.00640180,0.000000,1.259700,
0.00640200,0.000000,1.259700,
0.00640220,-0.002441,1.259700,
0.00640240,-0.002441,1.259700,
0.00640260,-0.002441,1.259700,
0.00640280,0.000000,1.259700,
0.00640300,0.000000,1.259700,
0.00640320,0.000000,1.259700,
0.00640340,-0.002441,1.259700,
0.00640360,-0.002441,1.243452,
0.00640380,-0.002441,1.243452,
0.00640400,0.000000,1.259700,
0.00640420,-0.002441,1.275947,
0.00640440,0.000000,1.275947,
0.00640460,-0.002441,1.259700,
0.00640480,-0.002441,1.259700,
0.00640500,-0.002441,1.259700,
0.00640520,0.000000,1.259700,
0.00640540,-0.002441,1.259700,
0.00640560,-0.002441,1.243452,
0.00640580,0.000000,1.259700,
0.00640600,0.000000,1.259700,
0.00640620,0.000000,1.275947,
0.00640640,0.000000,1.259700,
0.00640660,-0.004883,1.243452,
0.00640680,-0.002441,1.259700,
0.00640700,-0.002441,1.243452,
0.00640720,-0.002441,1.259700,
0.00640740,-0.002441,1.259700,
0.00640760,0.000000,1.259700,
0.00640780,0.000000,1.259700,
0.00640800,0.000000,1.259700,
0.00640820,0.000000,1.275947,
0.00640840,-0.002441,1.275947,
0.00640860,-0.002441,1.275947,
0.00640880,-0.002441,1.259700,
0.00640900,0.000000,1.259700,
0.00640920,0.000000,1.259700,
0.00640940,0.000000,1.259700,
0.00640960,-0.002441,1.259700,
0.00640980,0.000000,1.259700,
0.00641000,-0.002441,1.259700,
0.00641020,-0.002441,1.259700,
0.00641040,-0.002441,1.259700,
0.00641060,0.000000,1.259700,
0.00641080,0.000000,1.259700,
0.00641100,0.000000,1.259700,
0.00641120,0.000000,1.259700,
0.00641140,0.000000,1.259700,
0.00641160,-0.002441,1.243452,
0.00641180,-0.002441,1.243452,
0.00641200,-0.002441,1.243452,
0.00641220,0.000000,1.259700,
0.00641240,0.000000,1.275947,
0.00641260,-0.002441,1.275947,
0.00641280,-0.002441,1.259700,
0.00641300,-0.002441,1.259700,
0.00641320,-0.002441,1.259700,
0.00641340,-0.002441,1.259700,
0.00641360,-0.002441,1.259700,
0.00641380,-0.002441,1.259700,
0.00641400,0.000000,1.259700,
0.00641420,0.000000,1.259700,
0.00641440,0.000000,1.259700,
0.00641460,-0.002441,1.259700,
0.00641480,-0.002441,1.259700,
0.00641500,-0.002441,1.259700,
0.00641520,-0.002441,1.243452,
0.00641540,-0.002441,1.259700,
0.00641560,0.000000,1.259700,
0.00641580,-0.002441,1.259700,
0.00641600,-0.002441,1.259700,
0.00641620,0.000000,1.259700,
0.00641640,0.000000,1.275947,
0.00641660,-0.002441,1.275947,
0.00641680,0.000000,1.275947,
0.00641700,-0.002441,1.259700,
0.00641720,0.000000,1.243452,
0.00641740,0.000000,1.259700,
0.00641760,0.000000,1.259700,
0.00641780,0.002441,1.275947,
0.00641800,0.000000,1.259700,
0.00641820,-0.002441,1.275947,
0.00641840,-0.002441,1.259700,
0.00641860,0.000000,1.259700,
0.00641880,0.000000,1.259700,
0.00641900,0.000000,1.259700,
0.00641920,-0.002441,1.259700,
0.00641940,0.002441,1.275947,
0.00641960,0.000000,1.259700,
0.00641980,-0.002441,1.259700,
0.00642000,-0.002441,1.243452,
0.00642020,-0.002441,1.243452,
0.00642040,0.000000,1.259700,
0.00642060,0.000000,1.275947,
0.00642080,0.000000,1.292195,
0.00642100,0.002441,1.292195,
0.00642120,-0.002441,1.259700,
0.00642140,0.000000,1.243452,
0.00642160,-0.002441,1.227205,
0.00642180,-0.002441,1.243452,
0.00642200,0.000000,1.259700,
0.00642220,0.000000,1.243452,
0.00642240,0.000000,1.259700,
0.00642260,-0.002441,1.259700,
0.00642280,0.000000,1.275947,
0.00642300,0.000000,1.275947,
0.00642320,-0.002441,1.259700,
0.00642340,-0.002441,1.259700,
0.00642360,-0.002441,1.243452,
0.00642380,-0.002441,1.259700,
0.00642400,-0.002441,1.275947,
0.00642420,-0.002441,1.259700,
0.00642440,0.000000,1.259700,
0.00642460,-0.002441,1.259700,
0.00642480,-0.002441,1.259700,
0.00642500,-0.002441,1.259700,
0.00642520,-0.002441,1.243452,
0.00642540,0.000000,1.259700,
0.00642560,-0.002441,1.275947,
0.00642580,-0.002441,1.259700,
0.00642600,-0.002441,1.259700,
0.00642620,-0.002441,1.259700,
0.00642640,-0.002441,1.259700,
0.00642660,-0.002441,1.259700,
0.00642680,0.000000,1.275947,
0.00642700,-0.002441,1.259700,
0.00642720,-0.002441,1.259700,
0.00642740,0.000000,1.259700,
0.00642760,0.000000,1.259700,
0.00642780,-0.002441,1.259700,
0.00642800,-0.002441,1.259700,
0.00642820,0.000000,1.275947,
0.00642840,-0.002441,1.275947,
0.00642860,-0.002441,1.259700,
0.00642880,-0.002441,1.259700,
0.00642900,-0.002441,1.275947,
0.00642920,-0.002441,1.275947,
0.00642940,-0.002441,1.259700,
0.00642960,-0.002441,1.259700,
0.00642980,-0.002441,1.259700,
0.00643000,0.000000,1.275947,
0.00643020,0.000000,1.259700,
0.00643040,0.000000,1.259700,
0.00643060,-0.002441,1.259700,
0.00643080,-0.002441,1.275947,
0.00643100,0.000000,1.259700,
0.00643120,-0.002441,1.275947,
0.00643140,-0.002441,1.259700,
0.00643160,-0.002441,1.259700,
0.00643180,0.000000,1.275947,
0.00643200,0.000000,1.275947,
0.00643220,-0.004883,1.259700,
0.00643240,-0.002441,1.259700,
0.00643260,-0.002441,1.259700,
0.00643280,-0.002441,1.259700,
0.00643300,-0.002441,1.259700,
0.00643320,0.000000,1.275947,
0.00643340,0.000000,1.275947,
0.00643360,-0.002441,1.275947,
0.00643380,-0.002441,1.275947,
0.00643400,-0.002441,1.275947,
0.00643420,-0.002441,1.259700,
0.00643440,-0.002441,1.275947,
0.00643460,-0.002441,1.275947,
0.00643480,0.000000,1.259700,
0.00643500,0.000000,1.259700,
0.00643520,-0.002441,1.275947,
0.00643540,-0.002441,1.275947,
0.00643560,-0.002441,1.275947,
0.00643580,-0.002441,1.259700,
0.00643600,-0.002441,1.259700,
0.00643620,-0.002441,1.275947,
0.00643640,0.000000,1.275947,
0.00643660,0.000000,1.275947,
0.00643680,-0.002441,1.259700,
0.00643700,-0.002441,1.259700,
0.00643720,0.000000,1.275947,
0.00643740,-0.002441,1.275947,
0.00643760,-0.002441,1.275947,
0.00643780,-0.002441,1.275947,
0.00643800,-0.002441,1.259700,
0.00643820,0.000000,1.259700,
0.00643840,-0.002441,1.259700,
0.00643860,-0.002441,1.259700,
0.00643880,0.000000,1.275947,
0.00643900,-0.002441,1.259700,
0.00643920,-0.002441,1.275947,
0.00643940,-0.002441,1.275947,
0.00643960,-0.002441,1.275947,
0.00643980,-0.002441,1.275947,
0.00644000,-0.002441,1.275947,
0.00644020,-0.002441,1.259700,
0.00644040,0.000000,1.259700,
0.00644060,-0.002441,1.259700,
0.00644080,-0.002441,1.259700,
0.00644100,-0.002441,1.259700,
0.00644120,0.000000,1.275947,
0.00644140,0.000000,1.292195,
0.00644160,0.000000,1.275947,
0.00644180,-0.002441,1.259700,
0.00644200,0.000000,1.275947,
0.00644220,0.000000,1.275947,
0.00644240,-0.002441,1.259700,
0.00644260,-0.002441,1.259700,
0.00644280,0.000000,1.259700,
0.00644300,0.000000,1.259700,
0.00644320,0.000000,1.275947,
0.00644340,0.000000,1.275947,
0.00644360,-0.002441,1.292195,
0.00644380,-0.002441,1.292195,
0.00644400,-0.002441,1.259700,
0.00644420,-0.002441,1.259700,
0.00644440,-0.002441,1.275947,
0.00644460,0.000000,1.275947,
0.00644480,0.000000,1.259700,
0.00644500,-0.002441,1.259700,
0.00644520,-0.002441,1.275947,
0.00644540,-0.002441,1.275947,
0.00644560,-0.002441,1.275947,
0.00644580,-0.002441,1.275947,
0.00644600,-0.002441,1.259700,
0.00644620,0.000000,1.275947,
0.00644640,0.000000,1.275947,
0.00644660,-0.002441,1.275947,
0.00644680,-0.002441,1.275947,
0.00644700,0.000000,1.275947,
0.00644720,-0.004883,1.259700,
0.00644740,-0.002441,1.259700,
0.00644760,-0.002441,1.259700,
0.00644780,0.000000,1.275947,
0.00644800,0.000000,1.259700,
0.00644820,-0.002441,1.259700,
0.00644840,0.000000,1.259700,
0.00644860,-0.002441,1.275947,
0.00644880,-0.002441,1.259700,
0.00644900,-0.002441,1.275947,
0.00644920,0.000000,1.275947,
0.00644940,-0.002441,1.259700,
0.00644960,0.000000,1.259700,
0.00644980,0.000000,1.259700,
0.00645000,0.000000,1.275947,
0.00645020,-0.002441,1.259700,
0.00645040,-0.002441,1.259700,
0.00645060,-0.002441,1.259700,
0.00645080,-0.002441,1.275947,
0.00645100,-0.002441,1.275947,
0.00645120,-0.002441,1.275947,
0.00645140,-0.002441,1.275947,
0.00645160,0.000000,1.259700,
0.00645180,-0.002441,1.259700,
0.00645200,-0.002441,1.243452,
0.00645220,-0.002441,1.259700,
0.00645240,0.000000,1.275947,
0.00645260,-0.002441,1.275947,
0.00645280,0.000000,1.259700,
0.00645300,-0.002441,1.259700,
0.00645320,0.000000,1.275947,
0.00645340,0.000000,1.275947,
0.00645360,0.000000,1.243452,
0.00645380,-0.002441,1.259700,
0.00645400,-0.002441,1.275947,
0.00645420,0.000000,1.275947,
0.00645440,-0.002441,1.259700,
0.00645460,-0.002441,1.259700,
0.00645480,-0.002441,1.259700,
0.00645500,0.000000,1.259700,
0.00645520,-0.002441,1.243452,
0.00645540,-0.002441,1.243452,
0.00645560,-0.002441,1.259700,
0.00645580,0.000000,1.275947,
0.00645600,-0.002441,1.292195,
0.00645620,-0.002441,1.275947,
0.00645640,-0.002441,1.275947,
0.00645660,-0.002441,1.243452,
0.00645680,-0.002441,1.243452,
0.00645700,-0.002441,1.227205,
0.00645720,0.000000,1.243452,
0.00645740,0.000000,1.259700,
0.00645760,0.000000,1.275947,
0.00645780,-0.002441,1.275947,
0.00645800,0.000000,1.275947,
0.00645820,-0.002441,1.259700,
0.00645840,-0.002441,1.259700,
0.00645860,-0.002441,1.243452,
0.00645880,0.000000,1.243452,
0.00645900,0.000000,1.259700,
0.00645920,0.000000,1.259700,
0.00645940,-0.002441,1.259700,
0.00645960,0.000000,1.259700,
0.00645980,-0.002441,1.259700,
0.00646000,-0.002441,1.259700,
0.00646020,-0.002441,1.259700,
0.00646040,0.000000,1.259700,
0.00646060,-0.002441,1.259700,
0.00646080,-0.002441,1.259700,
0.00646100,-0.002441,1.259700,
0.00646120,-0.002441,1.275947,
0.00646140,-0.002441,1.259700,
0.00646160,-0.002441,1.259700,
0.00646180,-0.002441,1.259700,
0.00646200,0.000000,1.259700,
0.00646220,0.000000,1.259700,
0.00646240,-0.002441,1.259700,
0.00646260,-0.002441,1.259700,
0.00646280,-0.002441,1.259700,
0.00646300,-0.002441,1.275947,
0.00646320,-0.002441,1.243452,
0.00646340,-0.002441,1.243452,
0.00646360,-0.002441,1.259700,
0.00646380,0.000000,1.259700,
0.00646400,-0.002441,1.259700,
0.00646420,-0.002441,1.259700,
0.00646440,-0.002441,1.259700,
0.00646460,0.000000,1.259700,
0.00646480,-0.002441,1.259700,
0.00646500,-0.002441,1.259700,
0.00646520,0.000000,1.259700,
0.00646540,-0.002441,1.259700,
0.00646560,0.000000,1.275947,
0.00646580,0.000000,1.259700,
0.00646600,0.000000,1.259700,
0.00646620,-0.002441,1.259700,
0.00646640,-0.002441,1.259700,
0.00646660,-0.002441,1.243452,
0.00646680,-0.002441,1.259700,
0.00646700,0.000000,1.259700,
0.00646720,0.000000,1.259700,
0.00646740,0.000000,1.259700,
0.00646760,0.000000,1.259700,
0.00646780,-0.002441,1.259700,
0.00646800,-0.002441,1.275947,
0.00646820,-0.002441,1.259700,
0.00646840,0.000000,1.243452,
0.00646860,-0.002441,1.243452,
0.00646880,0.000000,1.259700,
0.00646900,-0.004883,1.259700,
0.00646920,0.000000,1.259700,
0.00646940,-0.002441,1.259700,
0.00646960,-0.002441,1.259700,
0.00646980,-0.002441,1.243452,
0.00647000,0.000000,1.259700,
0.00647020,0.000000,1.259700,
0.00647040,0.000000,1.275947,
0.00647060,-0.002441,1.259700,
0.00647080,-0.002441,1.259700,
0.00647100,0.000000,1.259700,
0.00647120,0.000000,1.259700,
0.00647140,-0.004883,1.243452,
0.00647160,-0.002441,1.259700,
0.00647180,0.000000,1.259700,
0.00647200,0.000000,1.259700,
0.00647220,-0.002441,1.259700,
0.00647240,-0.002441,1.259700,
0.00647260,0.000000,1.259700,
0.00647280,-0.002441,1.259700,
0.00647300,-0.002441,1.243452,
0.00647320,-0.002441,1.243452,
0.00647340,0.000000,1.243452,
0.00647360,-0.002441,1.259700,
0.00647380,-0.002441,1.259700,
0.00647400,-0.002441,1.259700,
0.00647420,-0.002441,1.259700,
0.00647440,0.000000,1.259700,
0.00647460,0.000000,1.275947,
0.00647480,-0.002441,1.259700,
0.00647500,0.000000,1.275947,
0.00647520,-0.002441,1.243452,
0.00647540,-0.002441,1.243452,
0.00647560,0.002441,1.259700,
0.00647580,-0.002441,1.259700,
0.00647600,-0.002441,1.259700,
0.00647620,-0.002441,1.259700,
0.00647640,-0.002441,1.259700,
0.00647660,0.000000,1.275947,
0.00647680,-0.002441,1.275947,
0.00647700,-0.002441,1.275947,
0.00647720,0.002441,1.275947,
0.00647740,-0.002441,1.259700,
0.00647760,-0.002441,1.243452,
0.00647780,-0.002441,1.243452,
0.00647800,-0.002441,1.243452,
0.00647820,0.000000,1.259700,
0.00647840,0.000000,1.275947,
0.00647860,-0.002441,1.259700,
0.00647880,0.000000,1.259700,
0.00647900,0.000000,1.259700,
0.00647920,-0.002441,1.259700,
0.00647940,-0.004883,1.243452,
0.00647960,-0.002441,1.259700,
0.00647980,-0.002441,1.259700,
0.00648000,-0.002441,1.259700,
0.00648020,0.000000,1.259700,
0.00648040,0.000000,1.259700,
0.00648060,-0.002441,1.259700,
0.00648080,-0.002441,1.259700,
0.00648100,0.000000,1.259700,
0.00648120,-0.002441,1.259700,
0.00648140,0.000000,1.275947,
0.00648160,0.000000,1.275947,
0.00648180,-0.002441,1.259700,
0.00648200,-0.002441,1.243452,
0.00648220,-0.002441,1.259700,
0.00648240,-0.002441,1.259700,
0.00648260,-0.002441,1.259700,
0.00648280,-0.002441,1.259700,
0.00648300,0.000000,1.259700,
0.00648320,0.000000,1.259700,
0.00648340,0.000000,1.259700,
0.00648360,-0.002441,1.259700,
0.00648380,-0.004883,1.243452,
0.00648400,-0.002441,1.243452,
0.00648420,-0.002441,1.243452,
0.00648440,-0.002441,1.259700,
0.00648460,-0.002441,1.259700,
0.00648480,-0.002441,1.259700,
0.00648500,-0.002441,1.259700,
0.00648520,0.000000,1.259700,
0.00648540,-0.002441,1.243452,
0.00648560,-0.002441,1.243452,
0.00648580,-0.002441,1.227205,
0.00648600,-0.002441,1.243452,
0.00648620,-0.002441,1.259700,
0.00648640,0.000000,1.259700,
0.00648660,-0.002441,1.259700,
0.00648680,-0.004883,1.243452,
0.00648700,-0.002441,1.259700,
0.00648720,0.000000,1.259700,
0.00648740,-0.002441,1.243452,
0.00648760,0.000000,1.243452,
0.00648780,-0.002441,1.243452,
0.00648800,0.000000,1.243452,
0.00648820,0.000000,1.243452,
0.00648840,-0.002441,1.259700,
0.00648860,-0.002441,1.259700,
0.00648880,0.000000,1.259700,
0.00648900,-0.002441,1.243452,
0.00648920,-0.002441,1.243452,
0.00648940,0.000000,1.259700,
0.00648960,0.000000,1.243452,
0.00648980,-0.002441,1.243452,
0.00649000,-0.004883,1.227205,
0.00649020,-0.002441,1.243452,
0.00649040,0.000000,1.243452,
0.00649060,-0.002441,1.243452,
0.00649080,-0.002441,1.243452,
0.00649100,-0.002441,1.259700,
0.00649120,-0.002441,1.275947,
0.00649140,0.000000,1.259700,
0.00649160,-0.002441,1.259700,
0.00649180,0.000000,1.243452,
0.00649200,-0.002441,1.227205,
0.00649220,-0.002441,1.227205,
0.00649240,-0.002441,1.243452,
0.00649260,-0.002441,1.243452,
0.00649280,0.000000,1.275947,
0.00649300,0.000000,1.259700,
0.00649320,0.000000,1.259700,
0.00649340,-0.002441,1.259700,
0.00649360,0.000000,1.243452,
0.00649380,-0.002441,1.227205,
0.00649400,-0.002441,1.227205,
0.00649420,-0.002441,1.243452,
0.00649440,0.000000,1.243452,
0.00649460,-0.002441,1.243452,
0.00649480,-0.002441,1.243452,
0.00649500,0.000000,1.259700,
0.00649520,0.000000,1.243452,
0.00649540,-0.002441,1.243452,
0.00649560,-0.002441,1.227205,
0.00649580,-0.002441,1.243452,
0.00649600,0.000000,1.259700,
0.00649620,-0.002441,1.227205,
0.00649640,0.000000,1.243452,
0.00649660,0.000000,1.243452,
0.00649680,0.000000,1.259700,
0.00649700,-0.002441,1.243452,
0.00649720,-0.002441,1.243452,
0.00649740,0.000000,1.227205,
0.00649760,-0.002441,1.243452,
0.00649780,0.000000,1.243452,
0.00649800,-0.002441,1.227205,
0.00649820,0.000000,1.243452,
0.00649840,0.000000,1.227205,
0.00649860,-0.002441,1.227205,
0.00649880,-0.002441,1.227205,
0.00649900,0.000000,1.243452,
0.00649920,0.000000,1.243452,
0.00649940,0.000000,1.243452,
0.00649960,-0.002441,1.227205,
0.00649980,0.000000,1.227205,
0.00650000,0.000000,1.227205,
0.00650020,-0.002441,1.227205,
0.00650040,-0.002441,1.243452,
0.00650060,0.000000,1.243452,
0.00650080,0.000000,1.243452,
0.00650100,-0.002441,1.243452,
0.00650120,0.000000,1.227205,
0.00650140,-0.002441,1.227205,
0.00650160,-0.002441,1.243452,
0.00650180,-0.002441,1.243452,
0.00650200,-0.002441,1.243452,
0.00650220,0.000000,1.243452,
0.00650240,-0.002441,1.227205,
0.00650260,-0.002441,1.243452,
0.00650280,-0.002441,1.243452,
0.00650300,0.000000,1.243452,
0.00650320,-0.002441,1.227205,
0.00650340,0.000000,1.227205,
0.00650360,0.000000,1.227205,
0.00650380,0.000000,1.227205,
0.00650400,0.000000,1.243452,
0.00650420,0.000000,1.243452,
0.00650440,0.000000,1.227205,
0.00650460,-0.002441,1.227205,
0.00650480,-0.002441,1.243452,
0.00650500,-0.002441,1.227205,
0.00650520,-0.002441,1.227205,
0.00650540,-0.002441,1.227205,
0.00650560,0.000000,1.243452,
0.00650580,-0.002441,1.227205,
0.00650600,-0.002441,1.227205,
0.00650620,0.000000,1.227205,
0.00650640,0.000000,1.227205,
0.00650660,-0.002441,1.227205,
0.00650680,-0.002441,1.227205,
0.00650700,-0.002441,1.243452,
0.00650720,-0.002441,1.243452,
0.00650740,0.000000,1.243452,
0.00650760,-0.002441,1.227205,
0.00650780,0.000000,1.210957,
0.00650800,-0.002441,1.227205,
0.00650820,-0.002441,1.227205,
0.00650840,-0.002441,1.210957,
0.00650860,0.000000,1.210957,
0.00650880,0.000000,1.210957,
0.00650900,-0.002441,1.227205,
0.00650920,-0.002441,1.243452,
0.00650940,0.000000,1.243452,
0.00650960,-0.002441,1.227205,
0.00650980,0.000000,1.243452,
0.00651000,-0.002441,1.227205,
0.00651020,-0.002441,1.227205,
0.00651040,0.000000,1.227205,
0.00651060,0.000000,1.227205,
0.00651080,0.000000,1.227205,
0.00651100,0.000000,1.227205,
0.00651120,0.000000,1.227205,
0.00651140,-0.002441,1.227205,
0.00651160,-0.002441,1.227205,
0.00651180,0.000000,1.227205,
0.00651200,0.000000,1.227205,
0.00651220,0.000000,1.227205,
0.00651240,0.000000,1.227205,
0.00651260,-0.002441,1.243452,
0.00651280,0.000000,1.243452,
0.00651300,0.000000,1.210957,
0.00651320,-0.002441,1.210957,
0.00651340,-0.002441,1.227205,
0.00651360,-0.002441,1.243452,
0.00651380,0.000000,1.243452,
0.00651400,0.000000,1.227205,
0.00651420,-0.002441,1.227205,
0.00651440,-0.002441,1.227205,
0.00651460,0.000000,1.227205,
0.00651480,-0.002441,1.227205,
0.00651500,-0.002441,1.243452,
0.00651520,0.000000,1.243452,
0.00651540,0.000000,1.227205,
0.00651560,-0.002441,1.227205,
0.00651580,0.000000,1.243452,
0.00651600,0.000000,1.210957,
0.00651620,-0.002441,1.227205,
0.00651640,0.000000,1.227205,
0.00651660,0.000000,1.227205,
0.00651680,-0.002441,1.243452,
0.00651700,0.000000,1.227205,
0.00651720,0.000000,1.227205,
0.00651740,0.000000,1.227205,
0.00651760,0.000000,1.227205,
0.00651780,-0.002441,1.227205,
0.00651800,0.000000,1.227205,
0.00651820,0.000000,1.227205,
0.00651840,-0.002441,1.227205,
0.00651860,-0.002441,1.227205,
0.00651880,0.000000,1.227205,
0.00651900,0.000000,1.227205,
0.00651920,0.000000,1.243452,
0.00651940,0.000000,1.227205,
0.00651960,-0.002441,1.227205,
0.00651980,0.000000,1.227205,
0.00652000,0.000000,1.227205,
0.00652020,0.000000,1.227205,
0.00652040,0.000000,1.227205,
0.00652060,-0.002441,1.227205,
0.00652080,-0.002441,1.227205,
0.00652100,-0.002441,1.227205,
0.00652120,-0.002441,1.210957,
0.00652140,0.000000,1.227205,
0.00652160,-0.002441,1.227205,
0.00652180,-0.002441,1.210957,
0.00652200,-0.002441,1.210957,
0.00652220,-0.002441,1.227205,
0.00652240,-0.002441,1.227205,
0.00652260,-0.002441,1.227205,
0.00652280,-0.002441,1.227205,
0.00652300,-0.002441,1.227205,
0.00652320,0.000000,1.227205,
0.00652340,0.000000,1.227205,
0.00652360,-0.002441,1.227205,
0.00652380,-0.002441,1.227205,
0.00652400,-0.002441,1.227205,
0.00652420,0.000000,1.227205,
0.00652440,-0.002441,1.227205,
0.00652460,-0.002441,1.227205,
0.00652480,-0.002441,1.227205,
0.00652500,0.000000,1.227205,
0.00652520,-0.002441,1.210957,
0.00652540,0.002441,1.227205,
0.00652560,-0.002441,1.210957,
0.00652580,-0.002441,1.210957,
0.00652600,-0.002441,1.227205,
0.00652620,0.000000,1.243452,
0.00652640,-0.002441,1.243452,
0.00652660,-0.002441,1.227205,
0.00652680,-0.002441,1.210957,
0.00652700,0.000000,1.210957,
0.00652720,-0.002441,1.194710,
0.00652740,-0.002441,1.194710,
0.00652760,-0.002441,1.194710,
0.00652780,0.000000,1.227205,
0.00652800,0.000000,1.227205,
0.00652820,0.000000,1.227205,
0.00652840,-0.002441,1.210957,
0.00652860,-0.002441,1.210957,
0.00652880,0.000000,1.210957,
0.00652900,0.000000,1.210957,
0.00652920,-0.002441,1.210957,
0.00652940,-0.002441,1.210957,
0.00652960,0.000000,1.210957,
0.00652980,0.000000,1.210957,
0.00653000,0.000000,1.210957,
0.00653020,-0.002441,1.210957,
0.00653040,-0.002441,1.227205,
0.00653060,0.000000,1.210957,
0.00653080,-0.004883,1.194710,
0.00653100,-0.002441,1.210957,
0.00653120,-0.002441,1.210957,
0.00653140,0.000000,1.210957,
0.00653160,0.000000,1.210957,
0.00653180,0.000000,1.194710,
0.00653200,-0.002441,1.210957,
0.00653220,-0.002441,1.210957,
0.00653240,0.000000,1.210957,
0.00653260,0.000000,1.194710,
0.00653280,-0.002441,1.194710,
0.00653300,0.000000,1.194710,
0.00653320,0.000000,1.210957,
0.00653340,0.002441,1.210957,
0.00653360,-0.002441,1.210957,
0.00653380,0.000000,1.210957,
0.00653400,0.000000,1.194710,
0.00653420,0.000000,1.194710,
0.00653440,0.000000,1.210957,
0.00653460,0.000000,1.210957,
0.00653480,0.000000,1.210957,
0.00653500,0.002441,1.210957,
0.00653520,-0.002441,1.210957,
0.00653540,-0.002441,1.194710,
0.00653560,0.000000,1.194710,
0.00653580,0.000000,1.194710,
0.00653600,0.000000,1.210957,
0.00653620,-0.002441,1.210957,
0.00653640,-0.002441,1.194710,
0.00653660,0.002441,1.210957,
0.00653680,0.000000,1.210957,
0.00653700,-0.002441,1.210957,
0.00653720,-0.002441,1.194710,
0.00653740,0.000000,1.194710,
0.00653760,-0.002441,1.194710,
0.00653780,0.002441,1.210957,
0.00653800,-0.002441,1.194710,
0.00653820,0.000000,1.194710,
0.00653840,0.000000,1.210957,
0.00653860,-0.002441,1.210957,
0.00653880,-0.002441,1.194710,
0.00653900,-0.002441,1.194710,
0.00653920,-0.002441,1.178462,
0.00653940,0.000000,1.194710,
0.00653960,0.000000,1.210957,
0.00653980,-0.002441,1.194710,
0.00654000,0.000000,1.210957,
0.00654020,-0.002441,1.194710,
0.00654040,-0.002441,1.194710,
0.00654060,-0.002441,1.194710,
0.00654080,0.000000,1.194710,
0.00654100,-0.002441,1.194710,
0.00654120,-0.002441,1.194710,
0.00654140,-0.002441,1.178462,
0.00654160,-0.002441,1.194710,
0.00654180,-0.002441,1.194710,
0.00654200,-0.002441,1.194710,
0.00654220,-0.002441,1.210957,
0.00654240,0.000000,1.194710,
0.00654260,0.000000,1.210957,
0.00654280,0.000000,1.210957,
0.00654300,-0.002441,1.194710,
0.00654320,0.000000,1.194710,
0.00654340,-0.002441,1.178462,
0.00654360,-0.002441,1.178462,
0.00654380,-0.002441,1.178462,
0.00654400,-0.002441,1.178462,
0.00654420,0.000000,1.194710,
0.00654440,0.000000,1.194710,
0.00654460,-0.002441,1.210957,
0.00654480,0.000000,1.210957,
0.00654500,-0.002441,1.194710,
0.00654520,0.000000,1.194710,
0.00654540,-0.002441,1.178462,
0.00654560,0.000000,1.178462,
0.00654580,0.000000,1.178462,
0.00654600,0.000000,1.178462,
0.00654620,0.000000,1.194710,
0.00654640,0.000000,1.194710,
0.00654660,-0.002441,1.194710,
0.00654680,-0.002441,1.194710,
0.00654700,-0.002441,1.194710,
0.00654720,-0.002441,1.194710,
0.00654740,-0.002441,1.194710,
0.00654760,0.000000,1.194710,
0.00654780,-0.002441,1.194710,
0.00654800,-0.002441,1.178462,
0.00654820,-0.002441,1.178462,
0.00654840,-0.002441,1.194710,
0.00654860,-0.002441,1.194710,
0.00654880,0.000000,1.194710,
0.00654900,0.000000,1.194710,
0.00654920,0.000000,1.194710,
0.00654940,-0.004883,1.194710,
0.00654960,0.000000,1.194710,
0.00654980,-0.002441,1.194710,
0.00655000,-0.002441,1.178462,
0.00655020,-0.002441,1.194710,
0.00655040,0.000000,1.194710,
0.00655060,0.000000,1.194710,
0.00655080,-0.002441,1.194710,
0.00655100,0.000000,1.194710,
0.00655120,0.000000,1.194710,
0.00655140,0.000000,1.194710,
0.00655160,0.000000,1.194710,
0.00655180,-0.002441,1.194710,
0.00655200,-0.002441,1.210957,
0.00655220,-0.002441,1.194710,
0.00655240,-0.002441,1.178462,
0.00655260,-0.002441,1.194710,
0.00655280,0.000000,1.210957,
0.00655300,0.000000,1.210957,
0.00655320,-0.002441,1.178462,
0.00655340,-0.002441,1.194710,
0.00655360,-0.002441,1.194710,
0.00655380,0.000000,1.194710,
0.00655400,-0.002441,1.194710,
0.00655420,-0.002441,1.178462,
0.00655440,-0.002441,1.194710,
0.00655460,-0.002441,1.194710,
0.00655480,-0.002441,1.194710,
0.00655500,-0.002441,1.178462,
0.00655520,-0.002441,1.194710,
0.00655540,0.000000,1.178462,
0.00655560,0.000000,1.194710,
0.00655580,-0.002441,1.194710,
0.00655600,0.000000,1.194710,
0.00655620,0.000000,1.194710,
0.00655640,0.000000,1.194710,
0.00655660,0.000000,1.178462,
0.00655680,-0.002441,1.178462,
0.00655700,0.000000,1.194710,
0.00655720,-0.002441,1.178462,
0.00655740,-0.002441,1.194710,
0.00655760,0.000000,1.194710,
0.00655780,-0.002441,1.194710,
0.00655800,-0.002441,1.178462,
0.00655820,-0.002441,1.178462,
0.00655840,0.000000,1.194710,
0.00655860,0.000000,1.210957,
0.00655880,-0.004883,1.178462,
0.00655900,0.000000,1.178462,
0.00655920,0.000000,1.178462,
0.00655940,-0.002441,1.178462,
0.00655960,-0.002441,1.178462,
0.00655980,-0.002441,1.178462,
0.00656000,0.000000,1.178462,
0.00656020,-0.002441,1.178462,
0.00656040,-0.002441,1.178462,
0.00656060,0.000000,1.178462,
0.00656080,0.000000,1.178462,
0.00656100,0.000000,1.194710,
0.00656120,-0.002441,1.194710,
0.00656140,-0.002441,1.210957,
0.00656160,0.000000,1.194710,
0.00656180,0.000000,1.178462,
0.00656200,0.000000,1.178462,
0.00656220,0.000000,1.162215,
0.00656240,-0.002441,1.162215,
0.00656260,-0.002441,1.178462,
0.00656280,-0.002441,1.178462,
0.00656300,-0.002441,1.194710,
0.00656320,-0.002441,1.210957,
0.00656340,0.000000,1.194710,
0.00656360,-0.002441,1.178462,
0.00656380,-0.002441,1.178462,
0.00656400,0.000000,1.178462,
0.00656420,0.000000,1.178462,
0.00656440,-0.002441,1.178462,
0.00656460,-0.002441,1.178462,
0.00656480,-0.002441,1.178462,
0.00656500,-0.002441,1.194710,
0.00656520,-0.002441,1.194710,
0.00656540,-0.002441,1.178462,
0.00656560,0.000000,1.162215,
0.00656580,0.000000,1.178462,
0.00656600,-0.002441,1.162215,
0.00656620,-0.002441,1.178462,
0.00656640,-0.002441,1.194710,
0.00656660,0.000000,1.178462,
0.00656680,0.002441,1.194710,
0.00656700,-0.002441,1.178462,
0.00656720,0.000000,1.194710,
0.00656740,0.000000,1.178462,
0.00656760,-0.002441,1.162215,
0.00656780,-0.002441,1.162215,
0.00656800,0.000000,1.178462,
0.00656820,-0.002441,1.178462,
0.00656840,0.000000,1.178462,
0.00656860,-0.002441,1.178462,
0.00656880,0.000000,1.178462,
0.00656900,-0.002441,1.178462,
0.00656920,-0.002441,1.162215,
0.00656940,-0.002441,1.178462,
0.00656960,-0.002441,1.194710,
0.00656980,-0.002441,1.162215,
0.00657000,0.000000,1.162215,
0.00657020,0.000000,1.178462,
0.00657040,-0.002441,1.178462,
0.00657060,0.000000,1.178462,
0.00657080,-0.002441,1.162215,
0.00657100,-0.002441,1.162215,
0.00657120,0.000000,1.178462,
0.00657140,0.000000,1.178462,
0.00657160,-0.002441,1.178462,
0.00657180,-0.002441,1.178462,
0.00657200,-0.002441,1.178462,
0.00657220,0.000000,1.162215,
0.00657240,-0.002441,1.162215,
0.00657260,-0.002441,1.162215,
0.00657280,-0.002441,1.178462,
0.00657300,-0.002441,1.178462,
0.00657320,0.000000,1.178462,
0.00657340,-0.002441,1.162215,
0.00657360,0.000000,1.162215,
0.00657380,-0.002441,1.178462,
0.00657400,-0.002441,1.178462,
0.00657420,0.000000,1.162215,
0.00657440,0.000000,1.162215,
0.00657460,-0.002441,1.162215,
0.00657480,0.000000,1.178462,
0.00657500,-0.002441,1.178462,
0.00657520,0.000000,1.178462,
0.00657540,-0.002441,1.162215,
0.00657560,0.000000,1.178462,
0.00657580,-0.002441,1.162215,
0.00657600,0.000000,1.178462,
0.00657620,0.000000,1.178462,
0.00657640,0.000000,1.178462,
0.00657660,-0.002441,1.178462,
0.00657680,0.000000,1.178462,
0.00657700,-0.002441,1.178462,
0.00657720,-0.002441,1.162215,
0.00657740,-0.002441,1.178462,
0.00657760,0.000000,1.178462,
0.00657780,0.002441,1.194710,
0.00657800,0.000000,1.178462,
0.00657820,0.000000,1.162215,
0.00657840,0.000000,1.162215,
0.00657860,-0.002441,1.145967,
0.00657880,-0.002441,1.162215,
0.00657900,-0.002441,1.162215,
0.00657920,0.000000,1.178462,
0.00657940,0.000000,1.178462,
0.00657960,0.000000,1.178462,
0.00657980,-0.002441,1.178462,
0.00658000,-0.002441,1.178462,
0.00658020,0.000000,1.178462,
0.00658040,-0.002441,1.162215,
0.00658060,-0.002441,1.162215,
0.00658080,0.000000,1.162215,
0.00658100,0.000000,1.162215,
0.00658120,0.000000,1.178462,
0.00658140,-0.002441,1.162215,
0.00658160,-0.002441,1.162215,
0.00658180,0.000000,1.178462,
0.00658200,0.000000,1.162215,
0.00658220,-0.002441,1.162215,
0.00658240,0.000000,1.178462,
0.00658260,0.000000,1.178462,
0.00658280,0.000000,1.178462,
0.00658300,-0.002441,1.162215,
0.00658320,0.000000,1.162215,
0.00658340,0.000000,1.178462,
0.00658360,-0.002441,1.178462,
0.00658380,-0.002441,1.178462,
0.00658400,-0.002441,1.178462,
0.00658420,0.000000,1.162215,
0.00658440,0.000000,1.178462,
0.00658460,0.000000,1.178462,
0.00658480,0.000000,1.194710,
0.00658500,-0.002441,1.178462,
0.00658520,0.000000,1.162215,
0.00658540,-0.002441,1.162215,
0.00658560,0.000000,1.178462,
0.00658580,0.000000,1.178462,
0.00658600,0.000000,1.178462,
0.00658620,0.000000,1.178462,
0.00658640,0.000000,1.178462,
0.00658660,0.000000,1.162215,
0.00658680,0.000000,1.178462,
0.00658700,-0.004883,1.162215,
0.00658720,-0.002441,1.162215,
0.00658740,0.000000,1.178462,
0.00658760,-0.002441,1.194710,
0.00658780,-0.002441,1.178462,
0.00658800,-0.002441,1.162215,
0.00658820,-0.002441,1.162215,
0.00658840,-0.002441,1.178462,
0.00658860,-0.002441,1.178462,
0.00658880,-0.002441,1.178462,
0.00658900,0.000000,1.178462,
0.00658920,0.000000,1.162215,
0.00658940,0.002441,1.178462,
0.00658960,-0.002441,1.162215,
0.00658980,0.000000,1.178462,
0.00659000,0.000000,1.162215,
0.00659020,-0.002441,1.162215,
0.00659040,0.000000,1.162215,
0.00659060,0.000000,1.162215,
0.00659080,-0.002441,1.178462,
0.00659100,-0.002441,1.178462,
0.00659120,0.000000,1.162215,
0.00659140,0.000000,1.178462,
0.00659160,-0.002441,1.178462,
0.00659180,0.000000,1.178462,
0.00659200,0.000000,1.178462,
0.00659220,0.000000,1.178462,
0.00659240,0.000000,1.162215,
0.00659260,0.000000,1.162215,
0.00659280,0.002441,1.194710,
0.00659300,0.000000,1.178462,
0.00659320,0.000000,1.162215,
0.00659340,-0.002441,1.162215,
0.00659360,-0.002441,1.162215,
0.00659380,0.000000,1.178462,
0.00659400,0.000000,1.194710,
0.00659420,0.000000,1.178462,
0.00659440,0.002441,1.178462,
0.00659460,-0.002441,1.178462,
0.00659480,0.000000,1.178462,
0.00659500,0.000000,1.178462,
0.00659520,-0.002441,1.162215,
0.00659540,0.000000,1.162215,
0.00659560,0.000000,1.162215,
0.00659580,0.000000,1.162215,
0.00659600,0.000000,1.178462,
0.00659620,0.000000,1.194710,
0.00659640,-0.002441,1.194710,
0.00659660,-0.002441,1.194710,
0.00659680,0.000000,1.178462,
0.00659700,0.000000,1.178462,
0.00659720,0.000000,1.162215,
0.00659740,0.000000,1.162215,
0.00659760,-0.002441,1.162215,
0.00659780,0.000000,1.178462,
0.00659800,0.000000,1.162215,
0.00659820,-0.002441,1.178462,
0.00659840,-0.002441,1.178462,
0.00659860,0.002441,1.194710,
0.00659880,0.000000,1.178462,
0.00659900,0.000000,1.178462,
0.00659920,0.000000,1.178462,
0.00659940,-0.002441,1.178462,
0.00659960,-0.002441,1.162215,
0.00659980,-0.002441,1.162215,
0.00660000,-0.002441,1.178462,
0.00660020,0.000000,1.178462,
0.00660040,-0.002441,1.178462,
0.00660060,-0.002441,1.178462,
0.00660080,-0.002441,1.178462,
0.00660100,-0.002441,1.178462,
0.00660120,0.000000,1.162215,
0.00660140,-0.002441,1.162215,
0.00660160,-0.002441,1.178462,
0.00660180,0.000000,1.178462,
0.00660200,0.000000,1.178462,
0.00660220,-0.002441,1.162215,
0.00660240,-0.002441,1.178462,
0.00660260,-0.002441,1.178462,
0.00660280,-0.002441,1.162215,
0.00660300,-0.002441,1.162215,
0.00660320,0.000000,1.162215,
0.00660340,0.000000,1.178462,
0.00660360,-0.002441,1.178462,
0.00660380,0.000000,1.162215,
0.00660400,0.000000,1.178462,
0.00660420,-0.002441,1.194710,
0.00660440,-0.002441,1.178462,
0.00660460,-0.002441,1.178462,
0.00660480,-0.002441,1.162215,
0.00660500,-0.002441,1.178462,
0.00660520,0.000000,1.178462,
0.00660540,0.000000,1.178462,
0.00660560,-0.002441,1.178462,
0.00660580,0.000000,1.178462,
0.00660600,-0.004883,1.162215,
0.00660620,0.000000,1.162215,
0.00660640,-0.002441,1.162215,
0.00660660,-0.002441,1.178462,
0.00660680,-0.002441,1.194710,
0.00660700,0.000000,1.178462,
0.00660720,-0.004883,1.178462,
0.00660740,0.000000,1.178462,
0.00660760,0.000000,1.178462,
0.00660780,-0.002441,1.178462,
0.00660800,0.000000,1.178462,
0.00660820,0.000000,1.178462,
0.00660840,-0.002441,1.178462,
0.00660860,-0.002441,1.178462,
0.00660880,0.000000,1.178462,
0.00660900,0.000000,1.178462,
0.00660920,0.000000,1.162215,
0.00660940,-0.002441,1.162215,
0.00660960,-0.002441,1.178462,
0.00660980,0.000000,1.194710,
0.00661000,0.000000,1.178462,
0.00661020,-0.002441,1.178462,
0.00661040,-0.002441,1.178462,
0.00661060,0.000000,1.194710,
0.00661080,-0.002441,1.178462,
0.00661100,0.000000,1.178462,
0.00661120,-0.002441,1.178462,
0.00661140,-0.002441,1.178462,
0.00661160,0.000000,1.178462,
0.00661180,-0.002441,1.178462,
0.00661200,0.000000,1.178462,
0.00661220,0.000000,1.194710,
0.00661240,-0.002441,1.178462,
0.00661260,-0.002441,1.178462,
0.00661280,0.000000,1.178462,
0.00661300,0.000000,1.178462,
0.00661320,0.000000,1.194710,
0.00661340,0.000000,1.162215,
0.00661360,0.000000,1.162215,
0.00661380,0.002441,1.178462,
0.00661400,0.000000,1.178462,
0.00661420,-0.002441,1.162215,
0.00661440,0.000000,1.178462,
0.00661460,-0.002441,1.194710,
0.00661480,0.000000,1.194710,
0.00661500,0.000000,1.194710,
0.00661520,0.000000,1.178462,
0.00661540,0.000000,1.162215,
0.00661560,0.000000,1.145967,
0.00661580,0.000000,1.162215,
0.00661600,-0.002441,1.162215,
0.00661620,0.000000,1.178462,
0.00661640,0.000000,1.178462,
0.00661660,0.000000,1.178462,
0.00661680,-0.002441,1.178462,
0.00661700,0.000000,1.194710,
0.00661720,-0.002441,1.178462,
0.00661740,-0.002441,1.162215,
0.00661760,-0.002441,1.178462,
0.00661780,0.000000,1.178462,
0.00661800,0.000000,1.162215,
0.00661820,-0.002441,1.194710,
0.00661840,0.000000,1.194710,
0.00661860,-0.002441,1.178462,
0.00661880,0.000000,1.178462,
0.00661900,-0.002441,1.162215,
0.00661920,0.000000,1.178462,
0.00661940,0.000000,1.178462,
0.00661960,0.000000,1.178462,
0.00661980,-0.002441,1.178462,
0.00662000,0.000000,1.178462,
0.00662020,0.000000,1.178462,
0.00662040,-0.002441,1.178462,
0.00662060,-0.002441,1.162215,
0.00662080,-0.002441,1.178462,
0.00662100,0.000000,1.194710,
0.00662120,0.000000,1.194710,
0.00662140,-0.002441,1.178462,
0.00662160,0.000000,1.178462,
0.00662180,0.000000,1.178462,
0.00662200,-0.002441,1.178462,
0.00662220,-0.002441,1.178462,
0.00662240,0.000000,1.194710,
0.00662260,0.000000,1.178462,
0.00662280,0.000000,1.178462,
0.00662300,0.000000,1.162215,
0.00662320,0.000000,1.178462,
0.00662340,0.000000,1.178462,
0.00662360,0.000000,1.178462,
0.00662380,-0.002441,1.178462,
0.00662400,-0.002441,1.178462,
0.00662420,0.000000,1.178462,
0.00662440,0.000000,1.178462,
0.00662460,0.000000,1.178462,
0.00662480,0.000000,1.178462,
0.00662500,0.000000,1.178462,
0.00662520,0.000000,1.178462,
0.00662540,0.000000,1.178462,
0.00662560,0.000000,1.162215,
0.00662580,0.000000,1.178462,
0.00662600,0.000000,1.178462,
0.00662620,0.000000,1.194710,
0.00662640,-0.002441,1.178462,
0.00662660,-0.002441,1.178462,
0.00662680,0.000000,1.178462,
0.00662700,-0.002441,1.178462,
0.00662720,-0.002441,1.178462,
0.00662740,0.000000,1.178462,
0.00662760,-0.002441,1.178462,
0.00662780,0.000000,1.194710,
0.00662800,0.000000,1.178462,
0.00662820,0.000000,1.194710,
0.00662840,0.000000,1.178462,
0.00662860,0.000000,1.178462,
0.00662880,-0.002441,1.162215,
0.00662900,0.000000,1.178462,
0.00662920,0.000000,1.178462,
0.00662940,0.000000,1.178462,
0.00662960,0.000000,1.178462,
0.00662980,0.000000,1.178462,
0.00663000,0.000000,1.178462,
0.00663020,-0.002441,1.178462,
0.00663040,-0.002441,1.162215,
0.00663060,0.000000,1.178462,
0.00663080,0.000000,1.178462,
0.00663100,0.000000,1.178462,
0.00663120,0.000000,1.178462,
0.00663140,0.000000,1.210957,
0.00663160,0.000000,1.210957,
0.00663180,-0.004883,1.194710,
0.00663200,-0.002441,1.178462,
0.00663220,-0.002441,1.162215,
0.00663240,0.002441,1.162215,
0.00663260,-0.002441,1.178462,
0.00663280,-0.002441,1.178462,
0.00663300,0.000000,1.194710,
0.00663320,-0.002441,1.178462,
0.00663340,0.000000,1.178462,
0.00663360,-0.002441,1.194710,
0.00663380,0.000000,1.194710,
0.00663400,0.000000,1.194710,
0.00663420,0.000000,1.194710,
0.00663440,-0.002441,1.178462,
0.00663460,-0.002441,1.178462,
0.00663480,0.000000,1.178462,
0.00663500,0.000000,1.178462,
0.00663520,-0.002441,1.178462,
0.00663540,0.000000,1.194710,
0.00663560,0.002441,1.194710,
0.00663580,0.000000,1.178462,
0.00663600,0.000000,1.178462,
0.00663620,-0.002441,1.178462,
0.00663640,-0.002441,1.194710,
0.00663660,0.000000,1.194710,
0.00663680,-0.002441,1.178462,
0.00663700,-0.002441,1.178462,
0.00663720,-0.002441,1.178462,
0.00663740,-0.002441,1.178462,
0.00663760,0.000000,1.194710,
0.00663780,0.000000,1.194710,
0.00663800,0.002441,1.194710,
0.00663820,0.000000,1.178462,
0.00663840,-0.002441,1.162215,
0.00663860,0.000000,1.178462,
0.00663880,0.000000,1.194710,
0.00663900,0.000000,1.178462,
0.00663920,-0.002441,1.178462,
0.00663940,0.000000,1.178462,
0.00663960,-0.002441,1.178462,
0.00663980,-0.002441,1.194710,
0.00664000,-0.002441,1.178462,
0.00664020,-0.002441,1.178462,
0.00664040,-0.002441,1.178462,
0.00664060,0.000000,1.194710,
0.00664080,-0.002441,1.194710,
0.00664100,0.000000,1.194710,
0.00664120,0.000000,1.178462,
0.00664140,-0.002441,1.194710,
0.00664160,-0.002441,1.194710,
0.00664180,-0.004883,1.194710,
0.00664200,0.000000,1.194710,
0.00664220,0.000000,1.194710,
0.00664240,-0.002441,1.194710,
0.00664260,-0.002441,1.178462,
0.00664280,0.000000,1.178462,
0.00664300,0.000000,1.178462,
0.00664320,0.000000,1.194710,
0.00664340,-0.002441,1.194710,
0.00664360,0.002441,1.194710,
0.00664380,0.000000,1.194710,
0.00664400,0.000000,1.194710,
0.00664420,-0.002441,1.178462,
0.00664440,0.000000,1.194710,
0.00664460,0.000000,1.178462,
0.00664480,-0.002441,1.178462,
0.00664500,0.000000,1.194710,
0.00664520,0.000000,1.194710,
0.00664540,0.000000,1.194710,
0.00664560,0.000000,1.178462,
0.00664580,0.000000,1.194710,
0.00664600,0.000000,1.194710,
0.00664620,-0.002441,1.210957,
0.00664640,-0.002441,1.178462,
0.00664660,0.000000,1.194710,
0.00664680,0.000000,1.194710,
0.00664700,-0.002441,1.194710,
0.00664720,0.000000,1.194710,
0.00664740,0.002441,1.210957,
0.00664760,-0.002441,1.210957,
0.00664780,-0.002441,1.194710,
0.00664800,0.000000,1.194710,
0.00664820,0.000000,1.178462,
0.00664840,-0.002441,1.194710,
0.00664860,0.000000,1.194710,
0.00664880,0.000000,1.194710,
0.00664900,0.002441,1.194710,
0.00664920,0.000000,1.178462,
0.00664940,-0.002441,1.194710,
0.00664960,-0.002441,1.194710,
0.00664980,-0.002441,1.210957,
0.00665000,0.000000,1.210957,
0.00665020,0.000000,1.194710,
0.00665040,0.000000,1.194710,
0.00665060,0.000000,1.178462,
0.00665080,0.000000,1.178462,
0.00665100,-0.002441,1.178462,
0.00665120,0.000000,1.178462,
0.00665140,-0.002441,1.194710,
0.00665160,0.000000,1.194710,
0.00665180,0.000000,1.210957,
0.00665200,0.000000,1.210957,
0.00665220,-0.002441,1.194710,
0.00665240,0.000000,1.194710,
0.00665260,0.000000,1.178462,
0.00665280,-0.002441,1.178462,
0.00665300,-0.002441,1.194710,
0.00665320,-0.002441,1.194710,
0.00665340,0.000000,1.194710,
0.00665360,0.000000,1.194710,
0.00665380,0.000000,1.194710,
0.00665400,-0.002441,1.194710,
0.00665420,0.000000,1.194710,
0.00665440,-0.002441,1.178462,
0.00665460,-0.002441,1.194710,
0.00665480,0.000000,1.210957,
0.00665500,0.000000,1.210957,
0.00665520,0.000000,1.194710,
0.00665540,0.000000,1.194710,
0.00665560,-0.002441,1.194710,
0.00665580,-0.002441,1.178462,
0.00665600,-0.002441,1.178462,
0.00665620,0.000000,1.194710,
0.00665640,0.000000,1.194710,
0.00665660,0.000000,1.194710,
0.00665680,0.000000,1.194710,
0.00665700,0.000000,1.194710,
0.00665720,0.000000,1.194710,
0.00665740,0.000000,1.178462,
0.00665760,-0.002441,1.178462,
0.00665780,-0.002441,1.194710,
0.00665800,-0.002441,1.194710,
0.00665820,0.000000,1.194710,
0.00665840,0.000000,1.194710,
0.00665860,0.000000,1.194710,
0.00665880,0.000000,1.194710,
0.00665900,-0.002441,1.194710,
0.00665920,-0.002441,1.194710,
0.00665940,-0.002441,1.194710,
0.00665960,0.000000,1.194710,
0.00665980,0.000000,1.194710,
0.00666000,0.000000,1.210957,
0.00666020,-0.002441,1.210957,
0.00666040,-0.002441,1.194710,
0.00666060,0.000000,1.194710,
0.00666080,-0.002441,1.178462,
0.00666100,-0.002441,1.194710,
0.00666120,-0.002441,1.194710,
0.00666140,0.000000,1.194710,
0.00666160,0.000000,1.194710,
0.00666180,-0.002441,1.178462,
0.00666200,0.000000,1.194710,
0.00666220,-0.002441,1.194710,
0.00666240,-0.002441,1.194710,
0.00666260,-0.002441,1.194710,
0.00666280,0.000000,1.194710,
0.00666300,0.000000,1.194710,
0.00666320,0.000000,1.194710,
0.00666340,0.000000,1.194710,
0.00666360,0.000000,1.194710,
0.00666380,0.000000,1.194710,
0.00666400,-0.002441,1.178462,
0.00666420,-0.002441,1.178462,
0.00666440,0.000000,1.178462,
0.00666460,-0.002441,1.194710,
0.00666480,-0.002441,1.194710,
0.00666500,-0.002441,1.194710,
0.00666520,0.000000,1.194710,
0.00666540,0.000000,1.194710,
0.00666560,-0.002441,1.178462,
0.00666580,0.000000,1.178462,
0.00666600,0.000000,1.194710,
0.00666620,-0.002441,1.194710,
0.00666640,-0.002441,1.210957,
0.00666660,-0.002441,1.210957,
0.00666680,0.000000,1.210957,
0.00666700,0.000000,1.194710,
0.00666720,-0.002441,1.178462,
0.00666740,-0.002441,1.178462,
0.00666760,-0.002441,1.178462,
0.00666780,0.000000,1.194710,
0.00666800,0.000000,1.194710,
0.00666820,0.000000,1.194710,
0.00666840,0.000000,1.194710,
0.00666860,0.000000,1.210957,
0.00666880,0.000000,1.194710,
0.00666900,-0.002441,1.194710,
0.00666920,-0.002441,1.194710,
0.00666940,0.000000,1.194710,
0.00666960,0.000000,1.194710,
0.00666980,0.000000,1.194710,
0.00667000,-0.002441,1.210957,
0.00667020,0.000000,1.194710,
0.00667040,-0.002441,1.194710,
0.00667060,-0.002441,1.194710,
0.00667080,0.000000,1.194710,
0.00667100,0.000000,1.210957,
0.00667120,0.000000,1.194710,
0.00667140,0.002441,1.194710,
0.00667160,0.000000,1.210957,
0.00667180,0.000000,1.178462,
0.00667200,-0.002441,1.194710,
0.00667220,0.000000,1.178462,
0.00667240,0.000000,1.194710,
0.00667260,0.000000,1.210957,
0.00667280,-0.002441,1.210957,
0.00667300,0.000000,1.194710,
0.00667320,0.000000,1.194710,
0.00667340,-0.002441,1.194710,
0.00667360,-0.002441,1.194710,
0.00667380,0.000000,1.194710,
0.00667400,0.000000,1.194710,
0.00667420,0.000000,1.194710,
0.00667440,-0.002441,1.194710,
0.00667460,-0.002441,1.194710,
0.00667480,-0.002441,1.194710,
0.00667500,-0.002441,1.194710,
0.00667520,-0.002441,1.194710,
0.00667540,-0.002441,1.210957,
0.00667560,-0.002441,1.194710,
0.00667580,0.000000,1.194710,
0.00667600,0.000000,1.210957,
0.00667620,0.000000,1.194710,
0.00667640,0.000000,1.194710,
0.00667660,-0.002441,1.194710,
0.00667680,-0.002441,1.210957,
0.00667700,-0.002441,1.194710,
0.00667720,-0.002441,1.194710,
0.00667740,-0.002441,1.194710,
0.00667760,0.000000,1.194710,
0.00667780,-0.002441,1.194710,
0.00667800,0.000000,1.210957,
0.00667820,-0.002441,1.194710,
0.00667840,0.000000,1.178462,
0.00667860,-0.002441,1.194710,
0.00667880,0.000000,1.194710,
0.00667900,-0.002441,1.210957,
0.00667920,0.000000,1.210957,
0.00667940,0.000000,1.210957,
0.00667960,0.000000,1.194710,
0.00667980,0.000000,1.194710,
0.00668000,-0.002441,1.194710,
0.00668020,0.000000,1.194710,
0.00668040,0.000000,1.210957,
0.00668060,0.000000,1.210957,
0.00668080,-0.002441,1.210957,
0.00668100,-0.002441,1.194710,
0.00668120,0.000000,1.194710,
0.00668140,0.000000,1.210957,
0.00668160,-0.002441,1.210957,
0.00668180,-0.002441,1.194710,
0.00668200,0.000000,1.194710,
0.00668220,0.000000,1.194710,
0.00668240,0.000000,1.227205,
0.00668260,0.000000,1.210957,
0.00668280,0.000000,1.210957,
0.00668300,0.000000,1.210957,
0.00668320,-0.002441,1.210957,
0.00668340,-0.002441,1.210957,
0.00668360,0.000000,1.210957,
0.00668380,0.000000,1.178462,
0.00668400,0.000000,1.194710,
0.00668420,0.000000,1.194710,
0.00668440,-0.002441,1.210957,
0.00668460,-0.002441,1.227205,
0.00668480,-0.002441,1.210957,
0.00668500,0.000000,1.210957,
0.00668520,0.000000,1.210957,
0.00668540,0.000000,1.210957,
0.00668560,-0.002441,1.210957,
0.00668580,0.000000,1.194710,
0.00668600,0.000000,1.178462,
0.00668620,-0.002441,1.178462,
0.00668640,0.000000,1.194710,
0.00668660,0.000000,1.210957,
0.00668680,-0.002441,1.210957,
0.00668700,-0.002441,1.227205,
0.00668720,-0.002441,1.210957,
0.00668740,0.000000,1.178462,
0.00668760,0.000000,1.194710,
0.00668780,-0.002441,1.194710,
0.00668800,-0.002441,1.194710,
0.00668820,-0.002441,1.194710,
0.00668840,0.000000,1.210957,
0.00668860,0.000000,1.194710,
0.00668880,-0.002441,1.210957,
0.00668900,-0.002441,1.210957,
0.00668920,-0.002441,1.210957,
0.00668940,-0.002441,1.194710,
0.00668960,-0.002441,1.194710,
0.00668980,-0.002441,1.194710,
0.00669000,-0.002441,1.210957,
0.00669020,0.000000,1.210957,
0.00669040,0.000000,1.210957,
0.00669060,-0.002441,1.194710,
0.00669080,-0.002441,1.210957,
0.00669100,-0.002441,1.194710,
0.00669120,-0.002441,1.194710,
0.00669140,-0.002441,1.210957,
0.00669160,0.000000,1.194710,
0.00669180,0.000000,1.210957,
0.00669200,0.000000,1.210957,
0.00669220,0.000000,1.194710,
0.00669240,0.000000,1.210957,
0.00669260,0.000000,1.194710,
0.00669280,-0.002441,1.194710,
0.00669300,-0.002441,1.194710,
0.00669320,0.000000,1.210957,
0.00669340,0.000000,1.210957,
0.00669360,-0.002441,1.210957,
0.00669380,-0.002441,1.194710,
0.00669400,0.000000,1.194710,
0.00669420,0.000000,1.194710,
0.00669440,0.000000,1.210957,
0.00669460,0.000000,1.210957,
0.00669480,-0.002441,1.227205,
0.00669500,0.000000,1.210957,
0.00669520,0.000000,1.194710,
0.00669540,0.000000,1.194710,
0.00669560,0.000000,1.210957,
0.00669580,-0.002441,1.194710,
0.00669600,0.000000,1.194710,
0.00669620,-0.002441,1.194710,
0.00669640,-0.002441,1.194710,
0.00669660,0.000000,1.210957,
0.00669680,0.000000,1.210957,
0.00669700,0.000000,1.210957,
0.00669720,0.000000,1.210957,
0.00669740,-0.002441,1.194710,
0.00669760,0.000000,1.194710,
0.00669780,-0.002441,1.194710,
0.00669800,-0.002441,1.210957,
0.00669820,0.000000,1.210957,
0.00669840,0.000000,1.210957,
0.00669860,-0.002441,1.210957,
0.00669880,0.000000,1.210957,
0.00669900,0.000000,1.210957,
0.00669920,-0.002441,1.210957,
0.00669940,0.000000,1.194710,
0.00669960,0.000000,1.194710,
0.00669980,0.000000,1.194710,
0.00670000,-0.002441,1.210957,
0.00670020,-0.002441,1.210957,
0.00670040,0.000000,1.194710,
0.00670060,0.000000,1.178462,
0.00670080,0.000000,1.178462,
0.00670100,-0.002441,1.194710,
0.00670120,0.000000,1.210957,
0.00670140,0.000000,1.227205,
0.00670160,-0.002441,1.227205,
0.00670180,-0.002441,1.227205,
0.00670200,0.000000,1.210957,
0.00670220,0.000000,1.194710,
0.00670240,0.000000,1.194710,
0.00670260,-0.002441,1.178462,
0.00670280,-0.002441,1.178462,
0.00670300,0.000000,1.194710,
0.00670320,0.000000,1.194710,
0.00670340,0.000000,1.210957,
0.00670360,0.002441,1.210957,
0.00670380,-0.002441,1.210957,
0.00670400,-0.002441,1.210957,
0.00670420,-0.002441,1.194710,
0.00670440,0.000000,1.210957,
0.00670460,0.000000,1.194710,
0.00670480,0.000000,1.194710,
0.00670500,0.000000,1.210957,
0.00670520,0.002441,1.210957,
0.00670540,-0.002441,1.194710,
0.00670560,-0.002441,1.210957,
0.00670580,-0.002441,1.194710,
0.00670600,0.000000,1.194710,
0.00670620,0.000000,1.210957,
0.00670640,0.000000,1.210957,
0.00670660,0.000000,1.210957,
0.00670680,0.002441,1.210957,
0.00670700,0.002441,1.210957,
0.00670720,-0.002441,1.210957,
0.00670740,-0.002441,1.194710,
0.00670760,-0.002441,1.194710,
0.00670780,0.000000,1.210957,
0.00670800,0.000000,1.210957,
0.00670820,0.000000,1.210957,
0.00670840,-0.002441,1.194710,
0.00670860,0.000000,1.194710,
0.00670880,0.000000,1.194710,
0.00670900,-0.002441,1.210957,
0.00670920,-0.002441,1.210957,
0.00670940,0.000000,1.210957,
0.00670960,-0.002441,1.210957,
0.00670980,0.000000,1.194710,
0.00671000,-0.002441,1.210957,
0.00671020,-0.002441,1.210957,
0.00671040,-0.002441,1.227205,
0.00671060,0.000000,1.194710,
0.00671080,0.000000,1.194710,
0.00671100,0.000000,1.194710,
0.00671120,0.000000,1.194710,
0.00671140,0.000000,1.210957,
0.00671160,-0.002441,1.194710,
0.00671180,0.000000,1.210957,
0.00671200,0.000000,1.210957,
0.00671220,0.000000,1.210957,
0.00671240,-0.002441,1.210957,
0.00671260,-0.002441,1.210957,
0.00671280,0.000000,1.210957,
0.00671300,0.000000,1.194710,
0.00671320,0.002441,1.210957,
0.00671340,-0.002441,1.210957,
0.00671360,0.000000,1.210957,
0.00671380,-0.002441,1.194710,
0.00671400,-0.002441,1.194710,
0.00671420,0.000000,1.210957,
0.00671440,0.000000,1.210957,
0.00671460,0.000000,1.210957,
0.00671480,-0.002441,1.210957,
0.00671500,-0.002441,1.210957,
0.00671520,-0.002441,1.194710,
0.00671540,-0.002441,1.210957,
0.00671560,-0.002441,1.210957,
0.00671580,0.000000,1.210957,
0.00671600,0.000000,1.210957,
0.00671620,-0.002441,1.210957,
0.00671640,-0.002441,1.210957,
0.00671660,0.000000,1.210957,
0.00671680,0.000000,1.210957,
0.00671700,0.000000,1.210957,
0.00671720,-0.002441,1.210957,
0.00671740,0.000000,1.210957,
0.00671760,0.000000,1.210957,
0.00671780,0.000000,1.227205,
0.00671800,-0.002441,1.227205,
0.00671820,-0.002441,1.210957,
0.00671840,-0.002441,1.194710,
0.00671860,-0.002441,1.178462,
0.00671880,-0.002441,1.194710,
0.00671900,-0.002441,1.194710,
0.00671920,0.000000,1.194710,
0.00671940,0.000000,1.210957,
0.00671960,-0.002441,1.210957,
0.00671980,0.000000,1.227205,
0.00672000,-0.002441,1.210957,
0.00672020,-0.002441,1.210957,
0.00672040,-0.002441,1.227205,
0.00672060,0.000000,1.210957,
0.00672080,0.000000,1.210957,
0.00672100,-0.002441,1.178462,
0.00672120,0.000000,1.194710,
0.00672140,0.000000,1.210957,
0.00672160,-0.002441,1.210957,
0.00672180,-0.002441,1.227205,
0.00672200,-0.002441,1.227205,
0.00672220,0.000000,1.227205,
0.00672240,0.000000,1.210957,
0.00672260,0.000000,1.210957,
0.00672280,-0.002441,1.194710,
0.00672300,-0.002441,1.194710,
0.00672320,0.000000,1.194710,
0.00672340,-0.004883,1.210957,
0.00672360,-0.002441,1.210957,
0.00672380,-0.002441,1.227205,
0.00672400,0.000000,1.227205,
0.00672420,0.000000,1.210957,
0.00672440,0.000000,1.227205,
0.00672460,0.000000,1.227205,
0.00672480,0.000000,1.210957,
0.00672500,-0.002441,1.194710,
0.00672520,-0.002441,1.194710,
0.00672540,0.000000,1.194710,
0.00672560,0.000000,1.210957,
0.00672580,0.000000,1.227205,
0.00672600,-0.002441,1.210957,
0.00672620,0.000000,1.227205,
0.00672640,0.000000,1.210957,
0.00672660,-0.002441,1.194710,
0.00672680,-0.002441,1.210957,
0.00672700,-0.002441,1.210957,
0.00672720,0.000000,1.227205,
0.00672740,-0.002441,1.227205,
0.00672760,-0.002441,1.227205,
0.00672780,0.000000,1.210957,
0.00672800,0.000000,1.227205,
0.00672820,-0.002441,1.227205,
0.00672840,0.000000,1.210957,
0.00672860,0.000000,1.194710,
0.00672880,0.000000,1.194710,
0.00672900,-0.002441,1.210957,
0.00672920,0.000000,1.210957,
0.00672940,0.000000,1.210957,
0.00672960,-0.002441,1.194710,
0.00672980,-0.002441,1.210957,
0.00673000,-0.002441,1.210957,
0.00673020,-0.002441,1.227205,
0.00673040,0.000000,1.227205,
0.00673060,0.000000,1.210957,
0.00673080,0.000000,1.194710,
0.00673100,-0.002441,1.210957,
0.00673120,-0.002441,1.210957,
0.00673140,-0.002441,1.210957,
0.00673160,0.000000,1.210957,
0.00673180,-0.002441,1.210957,
0.00673200,0.000000,1.210957,
0.00673220,-0.002441,1.210957,
0.00673240,0.000000,1.210957,
0.00673260,0.000000,1.210957,
0.00673280,0.000000,1.194710,
0.00673300,-0.002441,1.194710,
0.00673320,-0.002441,1.194710,
0.00673340,0.000000,1.210957,
0.00673360,-0.002441,1.210957,
0.00673380,-0.002441,1.210957,
0.00673400,0.000000,1.210957,
0.00673420,0.000000,1.194710,
0.00673440,0.000000,1.194710,
0.00673460,-0.002441,1.194710,
0.00673480,0.000000,1.194710,
0.00673500,0.000000,1.210957,
0.00673520,0.000000,1.227205,
0.00673540,-0.002441,1.210957,
0.00673560,-0.002441,1.194710,
0.00673580,0.000000,1.194710,
0.00673600,0.000000,1.194710,
0.00673620,-0.002441,1.194710,
0.00673640,-0.002441,1.210957,
0.00673660,0.000000,1.227205,
0.00673680,0.000000,1.227205,
0.00673700,0.000000,1.227205,
0.00673720,-0.002441,1.210957,
0.00673740,0.000000,1.178462,
0.00673760,0.000000,1.178462,
0.00673780,0.000000,1.194710,
0.00673800,0.000000,1.194710,
0.00673820,0.000000,1.210957,
0.00673840,-0.002441,1.194710,
0.00673860,-0.002441,1.210957,
0.00673880,0.000000,1.210957,
0.00673900,-0.002441,1.210957,
0.00673920,0.000000,1.210957,
0.00673940,-0.002441,1.194710,
0.00673960,0.000000,1.178462,
0.00673980,-0.002441,1.194710,
0.00674000,0.000000,1.210957,
0.00674020,-0.002441,1.210957,
0.00674040,0.000000,1.210957,
0.00674060,-0.002441,1.210957,
0.00674080,0.000000,1.194710,
0.00674100,-0.002441,1.210957,
0.00674120,-0.002441,1.210957,
0.00674140,-0.002441,1.210957,
0.00674160,0.000000,1.210957,
0.00674180,0.000000,1.194710,
0.00674200,0.000000,1.210957,
0.00674220,0.000000,1.194710,
0.00674240,0.000000,1.194710,
0.00674260,-0.002441,1.194710,
0.00674280,0.000000,1.194710,
0.00674300,-0.002441,1.194710,
0.00674320,0.000000,1.210957,
0.00674340,0.000000,1.194710,
0.00674360,0.000000,1.194710,
0.00674380,0.000000,1.194710,
0.00674400,-0.002441,1.194710,
0.00674420,-0.002441,1.178462,
0.00674440,-0.002441,1.178462,
0.00674460,0.000000,1.194710,
0.00674480,0.000000,1.210957,
0.00674500,0.000000,1.194710,
0.00674520,0.000000,1.194710,
0.00674540,0.000000,1.194710,
0.00674560,-0.002441,1.194710,
0.00674580,-0.002441,1.194710,
0.00674600,-0.002441,1.178462,
0.00674620,0.000000,1.178462,
0.00674640,0.000000,1.194710,
0.00674660,-0.002441,1.178462,
0.00674680,-0.002441,1.194710,
0.00674700,-0.002441,1.194710,
0.00674720,0.000000,1.194710,
0.00674740,-0.002441,1.194710,
0.00674760,-0.002441,1.194710,
0.00674780,-0.002441,1.194710,
0.00674800,0.000000,1.194710,
0.00674820,0.000000,1.194710,
0.00674840,0.000000,1.194710,
0.00674860,-0.002441,1.194710,
0.00674880,-0.002441,1.194710,
0.00674900,0.000000,1.178462,
0.00674920,-0.002441,1.194710,
0.00674940,-0.002441,1.194710,
0.00674960,-0.002441,1.178462,
0.00674980,0.000000,1.194710,
0.00675000,0.000000,1.178462,
0.00675020,0.000000,1.194710,
0.00675040,-0.002441,1.194710,
0.00675060,0.000000,1.194710,
0.00675080,-0.002441,1.178462,
0.00675100,0.000000,1.194710,
0.00675120,0.000000,1.210957,
0.00675140,0.000000,1.194710,
0.00675160,0.000000,1.194710,
0.00675180,0.000000,1.194710,
0.00675200,0.000000,1.194710,
0.00675220,-0.002441,1.178462,
0.00675240,-0.002441,1.178462,
0.00675260,0.000000,1.210957,
0.00675280,-0.002441,1.210957,
0.00675300,0.000000,1.194710,
0.00675320,0.000000,1.194710,
0.00675340,0.000000,1.210957,
0.00675360,0.000000,1.178462,
0.00675380,-0.002441,1.178462,
0.00675400,-0.002441,1.178462,
0.00675420,0.000000,1.194710,
0.00675440,0.000000,1.194710,
0.00675460,-0.002441,1.194710,
0.00675480,0.000000,1.194710,
0.00675500,-0.002441,1.194710,
0.00675520,0.000000,1.210957,
0.00675540,0.000000,1.210957,
0.00675560,-0.002441,1.194710,
0.00675580,0.000000,1.178462,
0.00675600,0.000000,1.178462,
0.00675620,0.000000,1.178462,
0.00675640,0.000000,1.178462,
0.00675660,-0.002441,1.194710,
0.00675680,0.000000,1.194710,
0.00675700,-0.002441,1.194710,
0.00675720,-0.002441,1.194710,
0.00675740,-0.002441,1.194710,
0.00675760,0.000000,1.194710,
0.00675780,0.000000,1.194710,
0.00675800,0.000000,1.194710,
0.00675820,0.000000,1.178462,
0.00675840,0.000000,1.194710,
0.00675860,0.000000,1.210957,
0.00675880,-0.002441,1.194710,
0.00675900,-0.002441,1.194710,
0.00675920,0.000000,1.194710,
0.00675940,-0.002441,1.194710,
0.00675960,0.000000,1.210957,
0.00675980,0.002441,1.194710,
0.00676000,-0.002441,1.194710,
0.00676020,-0.002441,1.194710,
0.00676040,-0.002441,1.194710,
0.00676060,0.000000,1.194710,
0.00676080,0.000000,1.210957,
0.00676100,-0.002441,1.194710,
0.00676120,0.000000,1.178462,
0.00676140,0.004883,1.194710,
0.00676160,0.000000,1.210957,
0.00676180,-0.002441,1.210957,
0.00676200,-0.002441,1.210957,
0.00676220,0.000000,1.194710,
0.00676240,0.000000,1.194710,
0.00676260,0.000000,1.194710,
0.00676280,-0.002441,1.178462,
0.00676300,0.000000,1.178462,
0.00676320,0.000000,1.194710,
0.00676340,-0.002441,1.194710,
0.00676360,-0.002441,1.194710,
0.00676380,0.000000,1.194710,
0.00676400,-0.002441,1.194710,
0.00676420,-0.002441,1.194710,
0.00676440,-0.002441,1.194710,
0.00676460,-0.002441,1.194710,
0.00676480,0.000000,1.178462,
0.00676500,-0.002441,1.178462,
0.00676520,-0.002441,1.194710,
0.00676540,-0.002441,1.194710,
0.00676560,0.000000,1.194710,
0.00676580,0.000000,1.210957,
0.00676600,0.000000,1.194710,
0.00676620,-0.002441,1.178462,
0.00676640,-0.002441,1.194710,
0.00676660,0.000000,1.194710,
0.00676680,0.000000,1.194710,
0.00676700,-0.002441,1.178462,
0.00676720,-0.002441,1.194710,
0.00676740,0.000000,1.194710,
0.00676760,0.000000,1.194710,
0.00676780,0.000000,1.194710,
0.00676800,0.000000,1.178462,
0.00676820,-0.002441,1.194710,
0.00676840,0.000000,1.178462,
0.00676860,0.000000,1.178462,
0.00676880,0.000000,1.194710,
0.00676900,-0.002441,1.194710,
0.00676920,0.000000,1.178462,
0.00676940,0.000000,1.178462,
0.00676960,-0.002441,1.178462,
0.00676980,0.000000,1.194710,
0.00677000,-0.002441,1.194710,
0.00677020,-0.002441,1.178462,
0.00677040,0.000000,1.194710,
0.00677060,0.000000,1.178462,
0.00677080,-0.002441,1.178462,
0.00677100,-0.002441,1.178462,
0.00677120,-0.002441,1.178462,
0.00677140,0.000000,1.194710,
0.00677160,-0.002441,1.194710,
0.00677180,0.000000,1.210957,
0.00677200,0.000000,1.210957,
0.00677220,0.000000,1.194710,
0.00677240,-0.002441,1.178462,
0.00677260,-0.002441,1.162215,
0.00677280,0.000000,1.162215,
0.00677300,-0.002441,1.162215,
0.00677320,-0.002441,1.178462,
0.00677340,-0.002441,1.178462,
0.00677360,0.000000,1.194710,
0.00677380,0.000000,1.194710,
0.00677400,-0.002441,1.194710,
0.00677420,-0.002441,1.194710,
0.00677440,-0.002441,1.194710,
0.00677460,0.000000,1.162215,
0.00677480,-0.002441,1.162215,
0.00677500,-0.002441,1.178462,
0.00677520,0.000000,1.194710,
0.00677540,0.000000,1.194710,
0.00677560,0.000000,1.178462,
0.00677580,-0.002441,1.178462,
0.00677600,0.000000,1.194710,
0.00677620,0.000000,1.194710,
0.00677640,-0.002441,1.178462,
0.00677660,0.000000,1.178462,
0.00677680,0.000000,1.178462,
0.00677700,0.000000,1.178462,
0.00677720,-0.002441,1.178462,
0.00677740,0.000000,1.194710,
0.00677760,0.000000,1.194710,
0.00677780,0.000000,1.194710,
0.00677800,-0.002441,1.178462,
0.00677820,0.000000,1.178462,
0.00677840,0.000000,1.178462,
0.00677860,0.000000,1.178462,
0.00677880,0.000000,1.162215,
0.00677900,-0.002441,1.162215,
0.00677920,0.000000,1.178462,
0.00677940,-0.002441,1.178462,
0.00677960,-0.002441,1.162215,
0.00677980,-0.002441,1.178462,
0.00678000,0.000000,1.178462,
0.00678020,0.000000,1.178462,
0.00678040,0.000000,1.162215,
0.00678060,0.000000,1.162215,
0.00678080,0.000000,1.178462,
0.00678100,0.000000,1.178462,
0.00678120,-0.002441,1.178462,
0.00678140,-0.002441,1.162215,
0.00678160,0.000000,1.178462,
0.00678180,0.000000,1.178462,
0.00678200,-0.002441,1.178462,
0.00678220,-0.002441,1.178462,
0.00678240,0.000000,1.178462,
0.00678260,0.000000,1.162215,
0.00678280,-0.002441,1.162215,
0.00678300,0.000000,1.178462,
0.00678320,-0.002441,1.194710,
0.00678340,0.000000,1.178462,
0.00678360,0.000000,1.178462,
0.00678380,0.000000,1.178462,
0.00678400,0.000000,1.194710,
0.00678420,0.000000,1.178462,
0.00678440,-0.002441,1.162215,
0.00678460,0.000000,1.162215,
0.00678480,0.000000,1.162215,
0.00678500,0.000000,1.178462,
0.00678520,-0.002441,1.178462,
0.00678540,0.000000,1.178462,
0.00678560,-0.002441,1.178462,
0.00678580,-0.002441,1.162215,
0.00678600,-0.002441,1.162215,
0.00678620,-0.002441,1.162215,
0.00678640,0.000000,1.162215,
0.00678660,0.000000,1.178462,
0.00678680,0.000000,1.178462,
0.00678700,-0.002441,1.178462,
0.00678720,0.000000,1.178462,
0.00678740,0.000000,1.162215,
0.00678760,-0.002441,1.162215,
0.00678780,-0.002441,1.178462,
0.00678800,-0.002441,1.178462,
0.00678820,0.000000,1.178462,
0.00678840,0.000000,1.178462,
0.00678860,-0.002441,1.162215,
0.00678880,0.000000,1.162215,
0.00678900,-0.002441,1.162215,
0.00678920,0.000000,1.162215,
0.00678940,-0.002441,1.162215,
0.00678960,0.000000,1.178462,
0.00678980,-0.002441,1.162215,
0.00679000,0.000000,1.178462,
0.00679020,-0.002441,1.178462,
0.00679040,0.000000,1.162215,
0.00679060,-0.002441,1.162215,
0.00679080,-0.002441,1.162215,
0.00679100,-0.002441,1.162215,
0.00679120,-0.002441,1.162215,
0.00679140,-0.002441,1.162215,
0.00679160,0.000000,1.162215,
0.00679180,-0.002441,1.162215,
0.00679200,0.000000,1.178462,
0.00679220,-0.002441,1.178462,
0.00679240,0.000000,1.178462,
0.00679260,-0.002441,1.178462,
0.00679280,-0.002441,1.178462,
0.00679300,-0.002441,1.162215,
0.00679320,0.000000,1.162215,
0.00679340,0.000000,1.162215,
0.00679360,0.000000,1.178462,
0.00679380,0.000000,1.178462,
0.00679400,-0.002441,1.162215,
0.00679420,-0.002441,1.162215,
0.00679440,0.000000,1.178462,
0.00679460,-0.002441,1.178462,
0.00679480,0.000000,1.178462,
0.00679500,-0.002441,1.178462,
0.00679520,-0.002441,1.178462,
0.00679540,0.000000,1.162215,
0.00679560,-0.002441,1.178462,
0.00679580,-0.002441,1.178462,
0.00679600,-0.002441,1.162215,
0.00679620,0.000000,1.162215,
0.00679640,0.000000,1.178462,
0.00679660,-0.002441,1.178462,
0.00679680,0.000000,1.162215,
0.00679700,0.000000,1.162215,
0.00679720,-0.002441,1.162215,
0.00679740,-0.002441,1.178462,
0.00679760,0.000000,1.178462,
0.00679780,-0.002441,1.178462,
0.00679800,0.000000,1.178462,
0.00679820,0.000000,1.162215,
0.00679840,-0.002441,1.162215,
0.00679860,0.000000,1.178462,
0.00679880,0.000000,1.178462,
0.00679900,-0.002441,1.178462,
0.00679920,0.000000,1.178462,
0.00679940,0.000000,1.162215,
0.00679960,0.000000,1.178462,
0.00679980,0.000000,1.162215,
0.00680000,0.000000,1.178462,
0.00680020,0.000000,1.178462,
0.00680040,-0.002441,1.162215,
0.00680060,-0.002441,1.162215,
0.00680080,0.000000,1.178462,
0.00680100,0.000000,1.178462,
0.00680120,0.000000,1.194710,
0.00680140,0.000000,1.162215,
0.00680160,0.000000,1.162215,
0.00680180,-0.002441,1.162215,
0.00680200,0.000000,1.162215,
0.00680220,-0.002441,1.162215,
0.00680240,0.000000,1.178462,
0.00680260,-0.002441,1.178462,
0.00680280,-0.002441,1.178462,
0.00680300,-0.002441,1.162215,
0.00680320,-0.002441,1.162215,
0.00680340,-0.002441,1.162215,
0.00680360,-0.002441,1.162215,
0.00680380,-0.002441,1.145967,
0.00680400,0.000000,1.162215,
0.00680420,0.000000,1.162215,
0.00680440,-0.002441,1.178462,
0.00680460,0.000000,1.162215,
0.00680480,0.000000,1.178462,
0.00680500,-0.002441,1.178462,
0.00680520,-0.002441,1.178462,
0.00680540,-0.002441,1.162215,
0.00680560,0.000000,1.162215,
0.00680580,0.000000,1.162215,
0.00680600,-0.002441,1.162215,
0.00680620,0.000000,1.162215,
0.00680640,0.000000,1.178462,
0.00680660,-0.002441,1.178462,
0.00680680,-0.002441,1.178462,
0.00680700,-0.002441,1.178462,
0.00680720,0.000000,1.178462,
0.00680740,0.000000,1.178462,
0.00680760,0.000000,1.162215,
0.00680780,0.000000,1.162215,
0.00680800,0.000000,1.162215,
0.00680820,-0.002441,1.145967,
0.00680840,0.000000,1.162215,
0.00680860,-0.002441,1.162215,
0.00680880,-0.002441,1.178462,
0.00680900,-0.002441,1.194710,
0.00680920,0.000000,1.178462,
0.00680940,0.000000,1.162215,
0.00680960,0.000000,1.162215,
0.00680980,-0.002441,1.145967,
0.00681000,-0.002441,1.145967,
0.00681020,-0.002441,1.162215,
0.00681040,-0.002441,1.162215,
0.00681060,-0.002441,1.178462,
0.00681080,0.000000,1.178462,
0.00681100,-0.002441,1.162215,
0.00681120,-0.002441,1.162215,
0.00681140,-0.002441,1.162215,
0.00681160,-0.002441,1.145967,
0.00681180,-0.002441,1.145967,
0.00681200,0.000000,1.162215,
0.00681220,-0.002441,1.162215,
0.00681240,0.000000,1.162215,
0.00681260,-0.002441,1.162215,
0.00681280,-0.002441,1.145967,
0.00681300,-0.002441,1.162215,
0.00681320,-0.002441,1.162215,
0.00681340,-0.002441,1.162215,
0.00681360,0.000000,1.162215,
0.00681380,0.000000,1.145967,
0.00681400,0.000000,1.162215,
0.00681420,-0.002441,1.162215,
0.00681440,0.000000,1.162215,
0.00681460,0.000000,1.162215,
0.00681480,-0.002441,1.162215,
0.00681500,-0.002441,1.145967,
0.00681520,0.000000,1.162215,
0.00681540,0.000000,1.162215,
0.00681560,0.000000,1.162215,
0.00681580,-0.002441,1.145967,
0.00681600,0.002441,1.162215,
0.00681620,0.000000,1.162215,
0.00681640,0.000000,1.162215,
0.00681660,-0.002441,1.162215,
0.00681680,-0.002441,1.178462,
0.00681700,0.000000,1.178462,
0.00681720,0.000000,1.162215,
0.00681740,-0.002441,1.145967,
0.00681760,0.002441,1.162215,
0.00681780,0.000000,1.145967,
0.00681800,0.000000,1.162215,
0.00681820,-0.002441,1.162215,
0.00681840,0.000000,1.162215,
0.00681860,0.000000,1.162215,
0.00681880,0.000000,1.162215,
0.00681900,-0.002441,1.162215,
0.00681920,0.000000,1.178462,
0.00681940,0.000000,1.162215,
0.00681960,-0.002441,1.145967,
0.00681980,-0.002441,1.145967,
0.00682000,-0.002441,1.162215,
0.00682020,0.000000,1.162215,
0.00682040,0.000000,1.178462,
0.00682060,-0.002441,1.162215,
0.00682080,-0.002441,1.162215,
0.00682100,0.000000,1.162215,
0.00682120,-0.002441,1.162215,
0.00682140,-0.002441,1.162215,
0.00682160,-0.002441,1.162215,
0.00682180,0.000000,1.162215,
0.00682200,0.000000,1.162215,
0.00682220,-0.002441,1.145967,
0.00682240,-0.002441,1.145967,
0.00682260,0.000000,1.162215,
0.00682280,0.000000,1.162215,
0.00682300,-0.002441,1.162215,
0.00682320,-0.002441,1.162215,
0.00682340,-0.002441,1.178462,
0.00682360,-0.002441,1.178462,
0.00682380,-0.002441,1.162215,
0.00682400,-0.002441,1.145967,
0.00682420,-0.004883,1.145967,
0.00682440,-0.002441,1.145967,
0.00682460,-0.002441,1.145967,
0.00682480,0.000000,1.162215,
0.00682500,-0.002441,1.162215,
0.00682520,0.000000,1.162215,
0.00682540,-0.002441,1.162215,
0.00682560,0.000000,1.178462,
0.00682580,0.000000,1.162215,
0.00682600,0.000000,1.145967,
0.00682620,-0.002441,1.145967,
0.00682640,0.000000,1.162215,
0.00682660,0.002441,1.162215,
0.00682680,0.000000,1.162215,
0.00682700,0.000000,1.162215,
0.00682720,0.000000,1.162215,
0.00682740,-0.002441,1.162215,
0.00682760,-0.002441,1.162215,
0.00682780,-0.002441,1.162215,
0.00682800,-0.002441,1.162215,
0.00682820,0.000000,1.162215,
0.00682840,0.000000,1.162215,
0.00682860,0.000000,1.162215,
0.00682880,-0.002441,1.162215,
0.00682900,-0.002441,1.162215,
0.00682920,0.000000,1.162215,
0.00682940,-0.002441,1.145967,
0.00682960,-0.002441,1.145967,
0.00682980,0.000000,1.162215,
0.00683000,0.000000,1.178462,
0.00683020,-0.002441,1.162215,
0.00683040,-0.004883,1.145967,
0.00683060,0.000000,1.162215,
0.00683080,-0.002441,1.162215,
0.00683100,-0.002441,1.162215,
0.00683120,-0.002441,1.162215,
0.00683140,0.000000,1.145967,
0.00683160,0.000000,1.162215,
0.00683180,-0.002441,1.162215,
0.00683200,0.000000,1.178462,
0.00683220,0.000000,1.178462,
0.00683240,-0.002441,1.178462,
0.00683260,-0.002441,1.145967,
0.00683280,-0.002441,1.162215,
0.00683300,-0.002441,1.162215,
0.00683320,-0.002441,1.162215,
0.00683340,-0.002441,1.162215,
0.00683360,-0.002441,1.162215,
0.00683380,-0.002441,1.178462,
0.00683400,0.000000,1.162215,
0.00683420,-0.002441,1.145967,
0.00683440,-0.002441,1.145967,
0.00683460,-0.002441,1.162215,
0.00683480,-0.002441,1.162215,
0.00683500,0.000000,1.162215,
0.00683520,0.000000,1.162215,
0.00683540,0.000000,1.162215,
0.00683560,0.000000,1.162215,
0.00683580,-0.002441,1.145967,
0.00683600,-0.002441,1.162215,
0.00683620,0.000000,1.162215,
0.00683640,0.000000,1.178462,
0.00683660,-0.002441,1.162215,
0.00683680,-0.002441,1.145967,
0.00683700,0.000000,1.162215,
0.00683720,0.000000,1.162215,
0.00683740,-0.002441,1.162215,
0.00683760,-0.002441,1.162215,
0.00683780,0.000000,1.162215,
0.00683800,0.000000,1.162215,
0.00683820,-0.002441,1.162215,
0.00683840,-0.002441,1.162215,
0.00683860,0.002441,1.145967,
0.00683880,-0.002441,1.145967,
0.00683900,-0.002441,1.162215,
0.00683920,-0.002441,1.162215,
0.00683940,0.000000,1.162215,
0.00683960,0.000000,1.162215,
0.00683980,0.000000,1.162215,
0.00684000,-0.002441,1.162215,
0.00684020,0.000000,1.178462,
0.00684040,-0.002441,1.178462,
0.00684060,-0.002441,1.145967,
0.00684080,-0.002441,1.162215,
0.00684100,-0.002441,1.145967,
0.00684120,0.000000,1.129719,
0.00684140,-0.002441,1.145967,
0.00684160,-0.002441,1.162215,
0.00684180,-0.002441,1.178462,
0.00684200,0.000000,1.178462,
0.00684220,-0.002441,1.178462,
0.00684240,0.000000,1.178462,
0.00684260,0.000000,1.178462,
0.00684280,0.000000,1.145967,
0.00684300,0.000000,1.129719,
0.00684320,0.000000,1.145967,
0.00684340,-0.002441,1.162215,
0.00684360,-0.002441,1.162215,
0.00684380,-0.002441,1.162215,
0.00684400,-0.002441,1.162215,
0.00684420,-0.002441,1.178462,
0.00684440,0.000000,1.178462,
0.00684460,0.000000,1.162215,
0.00684480,-0.002441,1.162215,
0.00684500,0.000000,1.145967,
0.00684520,-0.002441,1.162215,
0.00684540,-0.002441,1.145967,
0.00684560,-0.002441,1.178462,
0.00684580,-0.002441,1.178462,
0.00684600,0.000000,1.178462,
0.00684620,-0.002441,1.162215,
0.00684640,-0.002441,1.162215,
0.00684660,0.000000,1.178462,
0.00684680,-0.002441,1.162215,
0.00684700,-0.002441,1.145967,
0.00684720,-0.002441,1.145967,
0.00684740,0.000000,1.162215,
0.00684760,-0.002441,1.162215,
0.00684780,-0.002441,1.162215,
0.00684800,-0.002441,1.178462,
0.00684820,0.000000,1.162215,
0.00684840,-0.002441,1.145967,
0.00684860,-0.002441,1.145967,
0.00684880,-0.002441,1.145967,
0.00684900,-0.002441,1.145967,
0.00684920,0.000000,1.162215,
0.00684940,-0.002441,1.162215,
0.00684960,0.000000,1.162215,
0.00684980,-0.002441,1.162215,
0.00685000,-0.002441,1.162215,
0.00685020,-0.002441,1.162215,
0.00685040,-0.002441,1.162215,
0.00685060,0.000000,1.162215,
0.00685080,0.000000,1.162215,
0.00685100,-0.002441,1.162215,
0.00685120,-0.002441,1.145967,
0.00685140,0.000000,1.162215,
0.00685160,0.000000,1.162215,
0.00685180,-0.002441,1.162215,
0.00685200,-0.002441,1.162215,
0.00685220,-0.002441,1.162215,
0.00685240,0.000000,1.162215,
0.00685260,-0.002441,1.145967,
0.00685280,0.000000,1.162215,
0.00685300,0.000000,1.162215,
0.00685320,0.000000,1.178462,
0.00685340,-0.002441,1.162215,
0.00685360,0.000000,1.145967,
0.00685380,0.000000,1.162215,
0.00685400,-0.002441,1.145967,
0.00685420,-0.002441,1.162215,
0.00685440,0.000000,1.145967,
0.00685460,0.000000,1.162215,
0.00685480,-0.002441,1.162215,
0.00685500,-0.002441,1.162215,
0.00685520,-0.002441,1.162215,
0.00685540,-0.002441,1.145967,
0.00685560,0.000000,1.162215,
0.00685580,-0.002441,1.162215,
0.00685600,-0.002441,1.162215,
0.00685620,0.000000,1.162215,
0.00685640,-0.002441,1.162215,
0.00685660,-0.002441,1.145967,
0.00685680,-0.004883,1.145967,
0.00685700,-0.002441,1.162215,
0.00685720,-0.002441,1.162215,
0.00685740,-0.002441,1.162215,
0.00685760,-0.002441,1.178462,
0.00685780,-0.002441,1.162215,
0.00685800,-0.002441,1.162215,
0.00685820,-0.002441,1.162215,
0.00685840,-0.002441,1.162215,
0.00685860,0.000000,1.162215,
0.00685880,0.000000,1.145967,
0.00685900,0.000000,1.145967,
0.00685920,0.000000,1.162215,
0.00685940,0.000000,1.162215,
0.00685960,-0.002441,1.145967,
0.00685980,-0.002441,1.145967,
0.00686000,-0.002441,1.145967,
0.00686020,-0.002441,1.162215,
0.00686040,0.000000,1.178462,
0.00686060,-0.002441,1.178462,
0.00686080,-0.002441,1.162215,
0.00686100,0.000000,1.162215,
0.00686120,0.000000,1.145967,
0.00686140,-0.002441,1.145967,
0.00686160,-0.002441,1.145967,
0.00686180,-0.002441,1.162215,
0.00686200,-0.002441,1.162215,
0.00686220,0.000000,1.162215,
0.00686240,-0.002441,1.162215,
0.00686260,0.000000,1.178462,
0.00686280,-0.002441,1.162215,
0.00686300,-0.002441,1.145967,
0.00686320,-0.002441,1.145967,
0.00686340,-0.002441,1.162215,
0.00686360,0.000000,1.162215,
0.00686380,0.000000,1.178462,
0.00686400,-0.002441,1.162215,
0.00686420,-0.002441,1.162215,
0.00686440,0.000000,1.162215,
0.00686460,-0.002441,1.145967,
0.00686480,-0.002441,1.145967,
0.00686500,-0.002441,1.162215,
0.00686520,0.000000,1.145967,
0.00686540,0.000000,1.145967,
0.00686560,0.000000,1.162215,
0.00686580,-0.002441,1.162215,
0.00686600,-0.002441,1.162215,
0.00686620,-0.002441,1.162215,
0.00686640,-0.002441,1.145967,
0.00686660,-0.002441,1.145967,
0.00686680,0.000000,1.162215,
0.00686700,0.000000,1.162215,
0.00686720,0.000000,1.162215,
0.00686740,-0.002441,1.162215,
0.00686760,0.000000,1.162215,
0.00686780,-0.002441,1.162215,
0.00686800,-0.002441,1.162215,
0.00686820,-0.002441,1.162215,
0.00686840,0.000000,1.162215,
0.00686860,-0.002441,1.145967,
0.00686880,0.000000,1.162215,
0.00686900,0.000000,1.162215,
0.00686920,-0.002441,1.162215,
0.00686940,-0.002441,1.162215,
0.00686960,-0.002441,1.145967,
0.00686980,0.000000,1.162215,
0.00687000,-0.002441,1.162215,
0.00687020,-0.002441,1.178462,
0.00687040,-0.002441,1.162215,
0.00687060,0.002441,1.145967,
0.00687080,-0.002441,1.145967,
0.00687100,0.000000,1.162215,
0.00687120,-0.002441,1.162215,
0.00687140,0.000000,1.162215,
0.00687160,-0.002441,1.178462,
0.00687180,-0.002441,1.162215,
0.00687200,-0.002441,1.162215,
0.00687220,0.002441,1.162215,
0.00687240,0.000000,1.145967,
0.00687260,-0.002441,1.145967,
0.00687280,-0.002441,1.162215,
0.00687300,0.000000,1.162215,
0.00687320,0.000000,1.162215,
0.00687340,0.000000,1.162215,
0.00687360,0.000000,1.162215,
0.00687380,0.000000,1.162215,
0.00687400,0.000000,1.162215,
0.00687420,-0.002441,1.162215,
0.00687440,-0.002441,1.162215,
0.00687460,-0.002441,1.162215,
0.00687480,-0.002441,1.162215,
0.00687500,-0.002441,1.162215,
0.00687520,-0.002441,1.162215,
0.00687540,-0.002441,1.162215,
0.00687560,-0.002441,1.162215,
0.00687580,-0.002441,1.145967,
0.00687600,-0.002441,1.145967,
0.00687620,-0.002441,1.145967,
0.00687640,0.000000,1.162215,
0.00687660,-0.002441,1.162215,
0.00687680,0.000000,1.178462,
0.00687700,-0.002441,1.178462,
0.00687720,-0.002441,1.194710,
0.00687740,-0.002441,1.178462,
0.00687760,0.000000,1.178462,
0.00687780,-0.002441,1.162215,
0.00687800,-0.002441,1.145967,
0.00687820,0.000000,1.145967,
0.00687840,0.000000,1.145967,
0.00687860,-0.002441,1.162215,
0.00687880,0.000000,1.178462,
0.00687900,-0.002441,1.178462,
0.00687920,-0.002441,1.178462,
0.00687940,-0.002441,1.178462,
0.00687960,0.000000,1.178462,
0.00687980,0.000000,1.162215,
0.00688000,0.000000,1.162215,
0.00688020,-0.002441,1.178462,
0.00688040,-0.002441,1.178462,
0.00688060,-0.002441,1.178462,
0.00688080,-0.002441,1.162215,
0.00688100,-0.002441,1.162215,
0.00688120,-0.002441,1.178462,
0.00688140,0.000000,1.178462,
0.00688160,0.000000,1.162215,
0.00688180,0.000000,1.178462,
0.00688200,-0.002441,1.178462,
0.00688220,-0.002441,1.178462,
0.00688240,0.000000,1.178462,
0.00688260,-0.002441,1.145967,
0.00688280,0.000000,1.162215,
0.00688300,-0.002441,1.178462,
0.00688320,-0.002441,1.178462,
0.00688340,-0.002441,1.178462,
0.00688360,0.000000,1.178462,
0.00688380,-0.002441,1.162215,
0.00688400,-0.004883,1.162215,
0.00688420,-0.002441,1.178462,
0.00688440,0.000000,1.162215,
0.00688460,-0.002441,1.178462,
0.00688480,0.000000,1.178462,
0.00688500,-0.004883,1.162215,
0.00688520,0.000000,1.178462,
0.00688540,-0.002441,1.162215,
0.00688560,-0.002441,1.162215,
0.00688580,-0.002441,1.178462,
0.00688600,0.000000,1.178462,
0.00688620,0.000000,1.162215,
0.00688640,-0.002441,1.162215,
0.00688660,0.000000,1.178462,
0.00688680,-0.002441,1.178462,
0.00688700,-0.002441,1.178462,
0.00688720,-0.002441,1.162215,
0.00688740,0.000000,1.162215,
0.00688760,0.000000,1.178462,
0.00688780,0.000000,1.178462,
0.00688800,-0.002441,1.178462,
0.00688820,-0.004883,1.162215,
0.00688840,-0.002441,1.162215,
0.00688860,-0.002441,1.162215,
0.00688880,-0.002441,1.178462,
0.00688900,-0.002441,1.178462,
0.00688920,-0.002441,1.178462,
0.00688940,0.000000,1.178462,
0.00688960,0.000000,1.178462,
0.00688980,-0.002441,1.178462,
0.00689000,0.000000,1.162215,
0.00689020,-0.002441,1.178462,
0.00689040,-0.002441,1.178462,
0.00689060,0.000000,1.178462,
0.00689080,-0.002441,1.178462,
0.00689100,0.000000,1.178462,
0.00689120,-0.002441,1.194710,
0.00689140,-0.002441,1.178462,
0.00689160,0.000000,1.178462,
0.00689180,0.000000,1.178462,
0.00689200,0.000000,1.178462,
0.00689220,-0.002441,1.178462,
0.00689240,0.000000,1.162215,
0.00689260,0.000000,1.178462,
0.00689280,0.000000,1.194710,
0.00689300,-0.002441,1.194710,
0.00689320,0.000000,1.194710,
0.00689340,-0.002441,1.178462,
0.00689360,-0.002441,1.162215,
0.00689380,-0.002441,1.178462,
0.00689400,-0.002441,1.194710,
0.00689420,-0.002441,1.178462,
0.00689440,0.000000,1.162215,
0.00689460,-0.002441,1.162215,
0.00689480,-0.002441,1.178462,
0.00689500,0.000000,1.178462,
0.00689520,-0.002441,1.178462,
0.00689540,-0.002441,1.194710,
0.00689560,-0.002441,1.194710,
0.00689580,-0.002441,1.178462,
0.00689600,-0.002441,1.178462,
0.00689620,-0.002441,1.162215,
0.00689640,0.000000,1.162215,
0.00689660,-0.002441,1.162215,
0.00689680,-0.002441,1.178462,
0.00689700,-0.002441,1.178462,
0.00689720,-0.002441,1.178462,
0.00689740,0.000000,1.178462,
0.00689760,-0.002441,1.162215,
0.00689780,-0.002441,1.178462,
0.00689800,0.000000,1.178462,
0.00689820,-0.002441,1.178462,
0.00689840,-0.002441,1.178462,
0.00689860,0.000000,1.162215,
0.00689880,-0.002441,1.178462,
0.00689900,0.000000,1.178462,
0.00689920,-0.002441,1.178462,
0.00689940,-0.002441,1.162215,
0.00689960,0.000000,1.178462,
0.00689980,-0.002441,1.178462,
0.00690000,-0.002441,1.178462,
0.00690020,-0.002441,1.178462,
0.00690040,-0.002441,1.178462,
0.00690060,-0.002441,1.178462,
0.00690080,-0.002441,1.178462,
0.00690100,0.000000,1.194710,
0.00690120,-0.002441,1.178462,
0.00690140,-0.002441,1.178462,
0.00690160,-0.002441,1.178462,
0.00690180,-0.002441,1.178462,
0.00690200,-0.002441,1.178462,
0.00690220,0.000000,1.178462,
0.00690240,-0.002441,1.178462,
0.00690260,0.000000,1.178462,
0.00690280,0.000000,1.178462,
0.00690300,-0.002441,1.178462,
0.00690320,-0.002441,1.178462,
0.00690340,0.000000,1.178462,
0.00690360,-0.004883,1.178462,
0.00690380,-0.002441,1.194710,
0.00690400,0.000000,1.178462,
0.00690420,-0.002441,1.178462,
0.00690440,-0.002441,1.194710,
0.00690460,-0.002441,1.178462,
0.00690480,-0.002441,1.178462,
0.00690500,-0.002441,1.178462,
0.00690520,-0.002441,1.178462,
0.00690540,-0.002441,1.178462,
0.00690560,-0.002441,1.194710,
0.00690580,0.000000,1.194710,
0.00690600,-0.002441,1.178462,
0.00690620,-0.002441,1.178462,
0.00690640,0.000000,1.178462,
0.00690660,-0.002441,1.178462,
0.00690680,-0.002441,1.194710,
0.00690700,-0.002441,1.194710,
0.00690720,0.000000,1.194710,
0.00690740,-0.002441,1.194710,
0.00690760,0.000000,1.178462,
0.00690780,-0.002441,1.178462,
0.00690800,-0.002441,1.178462,
0.00690820,-0.002441,1.178462,
0.00690840,-0.002441,1.178462,
0.00690860,0.000000,1.178462,
0.00690880,-0.002441,1.178462,
0.00690900,-0.002441,1.178462,
0.00690920,0.000000,1.178462,
0.00690940,-0.002441,1.178462,
0.00690960,-0.002441,1.178462,
0.00690980,-0.002441,1.178462,
0.00691000,0.000000,1.178462,
0.00691020,-0.002441,1.178462,
0.00691040,0.000000,1.178462,
0.00691060,-0.002441,1.178462,
0.00691080,0.000000,1.194710,
0.00691100,-0.002441,1.178462,
0.00691120,-0.002441,1.178462,
0.00691140,-0.002441,1.162215,
0.00691160,0.000000,1.178462,
0.00691180,-0.002441,1.178462,
0.00691200,-0.002441,1.194710,
0.00691220,0.000000,1.210957,
0.00691240,-0.002441,1.210957,
0.00691260,0.000000,1.194710,
0.00691280,-0.002441,1.178462,
0.00691300,-0.002441,1.162215,
0.00691320,-0.002441,1.178462,
0.00691340,-0.002441,1.178462,
0.00691360,0.000000,1.194710,
0.00691380,-0.002441,1.194710,
0.00691400,-0.004883,1.194710,
0.00691420,-0.002441,1.210957,
0.00691440,-0.002441,1.194710,
0.00691460,0.000000,1.194710,
0.00691480,-0.002441,1.178462,
0.00691500,0.000000,1.178462,
0.00691520,0.000000,1.194710,
0.00691540,-0.002441,1.194710,
0.00691560,-0.002441,1.194710,
0.00691580,0.000000,1.194710,
0.00691600,-0.002441,1.194710,
0.00691620,-0.002441,1.194710,
0.00691640,0.000000,1.194710,
0.00691660,-0.002441,1.194710,
0.00691680,-0.002441,1.194710,
0.00691700,0.000000,1.194710,
0.00691720,0.000000,1.194710,
0.00691740,-0.002441,1.194710,
0.00691760,-0.002441,1.194710,
0.00691780,0.000000,1.194710,
0.00691800,0.000000,1.194710,
0.00691820,0.000000,1.194710,
0.00691840,-0.002441,1.194710,
0.00691860,-0.002441,1.194710,
0.00691880,0.000000,1.194710,
0.00691900,-0.002441,1.178462,
0.00691920,-0.002441,1.194710,
0.00691940,-0.002441,1.194710,
0.00691960,0.000000,1.210957,
0.00691980,-0.002441,1.210957,
0.00692000,0.000000,1.194710,
0.00692020,-0.002441,1.194710,
0.00692040,-0.002441,1.194710,
0.00692060,-0.002441,1.194710,
0.00692080,-0.002441,1.178462,
0.00692100,-0.002441,1.178462,
0.00692120,0.000000,1.194710,
0.00692140,-0.002441,1.194710,
0.00692160,-0.002441,1.210957,
0.00692180,0.000000,1.194710,
0.00692200,-0.002441,1.194710,
0.00692220,-0.002441,1.194710,
0.00692240,-0.002441,1.210957,
0.00692260,0.000000,1.194710,
0.00692280,-0.002441,1.194710,
0.00692300,-0.002441,1.194710,
0.00692320,-0.002441,1.194710,
0.00692340,0.000000,1.194710,
0.00692360,-0.002441,1.210957,
0.00692380,-0.002441,1.210957,
0.00692400,-0.002441,1.194710,
0.00692420,-0.002441,1.194710,
0.00692440,-0.002441,1.194710,
0.00692460,-0.002441,1.210957,
0.00692480,-0.002441,1.194710,
0.00692500,-0.002441,1.194710,
0.00692520,0.000000,1.178462,
0.00692540,-0.002441,1.194710,
0.00692560,0.000000,1.210957,
0.00692580,-0.002441,1.194710,
0.00692600,-0.002441,1.210957,
0.00692620,-0.002441,1.210957,
0.00692640,0.000000,1.194710,
0.00692660,-0.002441,1.194710,
0.00692680,0.000000,1.194710,
0.00692700,-0.002441,1.194710,
0.00692720,-0.002441,1.210957,
0.00692740,-0.002441,1.210957,
0.00692760,-0.002441,1.194710,
0.00692780,0.000000,1.210957,
0.00692800,-0.002441,1.210957,
0.00692820,-0.002441,1.210957,
0.00692840,0.002441,1.210957,
0.00692860,0.000000,1.210957,
0.00692880,-0.002441,1.210957,
0.00692900,-0.002441,1.210957,
0.00692920,0.000000,1.194710,
0.00692940,-0.002441,1.194710,
0.00692960,0.000000,1.194710,
0.00692980,-0.002441,1.194710,
0.00693000,0.002441,1.210957,
0.00693020,-0.002441,1.210957,
0.00693040,0.000000,1.210957,
0.00693060,-0.002441,1.210957,
0.00693080,0.000000,1.210957,
0.00693100,0.000000,1.210957,
0.00693120,-0.002441,1.194710,
0.00693140,-0.002441,1.194710,
0.00693160,0.000000,1.210957,
0.00693180,0.000000,1.210957,
0.00693200,-0.002441,1.194710,
0.00693220,-0.002441,1.194710,
0.00693240,-0.002441,1.210957,
0.00693260,-0.002441,1.227205,
0.00693280,-0.002441,1.210957,
0.00693300,-0.002441,1.194710,
0.00693320,-0.002441,1.194710,
0.00693340,0.000000,1.210957,
0.00693360,-0.002441,1.227205,
0.00693380,-0.002441,1.210957,
0.00693400,-0.002441,1.210957,
0.00693420,0.000000,1.210957,
0.00693440,-0.002441,1.210957,
0.00693460,-0.002441,1.210957,
0.00693480,-0.002441,1.210957,
0.00693500,0.000000,1.227205,
0.00693520,-0.002441,1.227205,
0.00693540,-0.002441,1.210957,
0.00693560,0.000000,1.210957,
0.00693580,0.000000,1.210957,
0.00693600,0.000000,1.210957,
0.00693620,-0.002441,1.210957,
0.00693640,0.000000,1.210957,
0.00693660,-0.002441,1.210957,
0.00693680,0.000000,1.210957,
0.00693700,-0.002441,1.194710,
0.00693720,-0.002441,1.194710,
0.00693740,0.000000,1.210957,
0.00693760,0.000000,1.227205,
0.00693780,-0.002441,1.227205,
0.00693800,0.000000,1.227205,
0.00693820,0.000000,1.227205,
0.00693840,-0.002441,1.210957,
0.00693860,-0.002441,1.194710,
0.00693880,0.000000,1.210957,
0.00693900,-0.002441,1.210957,
0.00693920,-0.002441,1.227205,
0.00693940,0.000000,1.210957,
0.00693960,-0.002441,1.194710,
0.00693980,-0.002441,1.210957,
0.00694000,-0.002441,1.194710,
0.00694020,0.000000,1.210957,
0.00694040,-0.002441,1.227205,
0.00694060,-0.002441,1.210957,
0.00694080,-0.002441,1.210957,
0.00694100,-0.002441,1.210957,
0.00694120,-0.002441,1.227205,
0.00694140,-0.002441,1.227205,
0.00694160,-0.002441,1.210957,
0.00694180,-0.002441,1.210957,
0.00694200,-0.002441,1.194710,
0.00694220,-0.002441,1.210957,
0.00694240,-0.002441,1.194710,
0.00694260,-0.002441,1.210957,
0.00694280,-0.004883,1.210957,
0.00694300,0.000000,1.227205,
0.00694320,-0.002441,1.210957,
0.00694340,-0.002441,1.194710,
0.00694360,-0.002441,1.210957,
0.00694380,-0.002441,1.210957,
0.00694400,-0.002441,1.210957,
0.00694420,-0.004883,1.210957,
0.00694440,-0.002441,1.210957,
0.00694460,0.000000,1.210957,
0.00694480,-0.002441,1.210957,
0.00694500,-0.002441,1.210957,
0.00694520,-0.002441,1.210957,
0.00694540,0.000000,1.227205,
0.00694560,0.000000,1.227205,
0.00694580,0.000000,1.210957,
0.00694600,-0.002441,1.227205,
0.00694620,-0.002441,1.210957,
0.00694640,-0.002441,1.194710,
0.00694660,-0.004883,1.194710,
0.00694680,-0.002441,1.194710,
0.00694700,0.000000,1.227205,
0.00694720,-0.002441,1.227205,
0.00694740,-0.002441,1.227205,
0.00694760,-0.002441,1.227205,
0.00694780,-0.002441,1.227205,
0.00694800,-0.002441,1.194710,
0.00694820,-0.002441,1.194710,
0.00694840,-0.002441,1.194710,
0.00694860,-0.002441,1.194710,
0.00694880,-0.002441,1.210957,
0.00694900,0.000000,1.227205,
0.00694920,0.000000,1.227205,
0.00694940,0.000000,1.227205,
0.00694960,-0.002441,1.210957,
0.00694980,0.000000,1.210957,
0.00695000,0.000000,1.194710,
0.00695020,-0.002441,1.210957,
0.00695040,0.000000,1.227205,
0.00695060,0.000000,1.210957,
0.00695080,-0.002441,1.210957,
0.00695100,0.000000,1.227205,
0.00695120,-0.002441,1.210957,
0.00695140,-0.002441,1.194710,
0.00695160,-0.002441,1.210957,
0.00695180,0.000000,1.227205,
0.00695200,0.000000,1.227205,
0.00695220,-0.002441,1.210957,
0.00695240,-0.002441,1.210957,
0.00695260,0.000000,1.210957,
0.00695280,0.000000,1.210957,
0.00695300,-0.002441,1.210957,
0.00695320,-0.002441,1.194710,
0.00695340,0.000000,1.210957,
0.00695360,0.000000,1.227205,
0.00695380,-0.002441,1.210957,
0.00695400,-0.002441,1.210957,
0.00695420,0.000000,1.227205,
0.00695440,0.000000,1.227205,
0.00695460,-0.002441,1.227205,
0.00695480,-0.002441,1.210957,
0.00695500,0.000000,1.210957,
0.00695520,0.000000,1.210957,
0.00695540,0.000000,1.227205,
0.00695560,-0.002441,1.210957,
0.00695580,0.000000,1.210957,
0.00695600,0.000000,1.210957,
0.00695620,-0.002441,1.210957,
0.00695640,-0.002441,1.210957,
0.00695660,-0.002441,1.227205,
0.00695680,-0.002441,1.227205,
0.00695700,-0.002441,1.210957,
0.00695720,0.000000,1.210957,
0.00695740,-0.002441,1.210957,
0.00695760,-0.004883,1.227205,
0.00695780,-0.002441,1.227205,
0.00695800,0.000000,1.227205,
0.00695820,-0.002441,1.227205,
0.00695840,-0.002441,1.227205,
0.00695860,-0.002441,1.227205,
0.00695880,0.000000,1.227205,
0.00695900,0.000000,1.227205,
0.00695920,0.000000,1.227205,
0.00695940,-0.002441,1.227205,
0.00695960,-0.002441,1.227205,
0.00695980,0.000000,1.243452,
0.00696000,-0.002441,1.227205,
0.00696020,-0.002441,1.227205,
0.00696040,-0.002441,1.227205,
0.00696060,0.000000,1.227205,
0.00696080,-0.002441,1.227205,
0.00696100,-0.002441,1.210957,
0.00696120,-0.002441,1.210957,
0.00696140,0.000000,1.227205,
0.00696160,0.000000,1.227205,
0.00696180,0.000000,1.227205,
0.00696200,-0.002441,1.227205,
0.00696220,0.000000,1.227205,
0.00696240,-0.002441,1.210957,
0.00696260,-0.002441,1.227205,
0.00696280,-0.002441,1.227205,
0.00696300,0.000000,1.227205,
0.00696320,-0.002441,1.227205,
0.00696340,0.000000,1.243452,
0.00696360,-0.002441,1.243452,
0.00696380,-0.002441,1.227205,
0.00696400,-0.002441,1.227205,
0.00696420,-0.002441,1.210957,
0.00696440,-0.002441,1.227205,
0.00696460,-0.002441,1.227205,
0.00696480,-0.002441,1.210957,
0.00696500,-0.002441,1.210957,
0.00696520,-0.002441,1.210957,
0.00696540,-0.002441,1.227205,
0.00696560,0.000000,1.243452,
0.00696580,-0.002441,1.243452,
0.00696600,-0.002441,1.243452,
0.00696620,-0.002441,1.243452,
0.00696640,0.000000,1.227205,
0.00696660,0.000000,1.210957,
0.00696680,0.000000,1.227205,
0.00696700,-0.002441,1.243452,
0.00696720,-0.002441,1.227205,
0.00696740,-0.002441,1.227205,
0.00696760,-0.002441,1.243452,
0.00696780,-0.002441,1.243452,
0.00696800,0.000000,1.243452,
0.00696820,-0.002441,1.243452,
0.00696840,-0.002441,1.227205,
0.00696860,-0.002441,1.227205,
0.00696880,0.000000,1.243452,
0.00696900,0.000000,1.227205,
0.00696920,0.000000,1.227205,
0.00696940,-0.002441,1.227205,
0.00696960,-0.002441,1.243452,
0.00696980,0.000000,1.243452,
0.00697000,-0.002441,1.243452,
0.00697020,0.000000,1.227205,
0.00697040,-0.002441,1.227205,
0.00697060,-0.002441,1.227205,
0.00697080,-0.002441,1.227205,
0.00697100,-0.002441,1.227205,
0.00697120,0.000000,1.243452,
0.00697140,0.000000,1.243452,
0.00697160,-0.002441,1.243452,
0.00697180,-0.002441,1.243452,
0.00697200,-0.002441,1.227205,
0.00697220,-0.002441,1.227205,
0.00697240,-0.002441,1.227205,
0.00697260,-0.002441,1.227205,
0.00697280,0.000000,1.227205,
0.00697300,0.000000,1.243452,
0.00697320,0.000000,1.243452,
0.00697340,-0.002441,1.243452,
0.00697360,-0.002441,1.227205,
0.00697380,-0.002441,1.227205,
0.00697400,-0.002441,1.227205,
0.00697420,-0.002441,1.243452,
0.00697440,-0.002441,1.243452,
0.00697460,0.000000,1.243452,
0.00697480,-0.002441,1.227205,
0.00697500,-0.002441,1.243452,
0.00697520,-0.002441,1.227205,
0.00697540,-0.002441,1.227205,
0.00697560,-0.002441,1.227205,
0.00697580,-0.002441,1.243452,
0.00697600,-0.002441,1.243452,
0.00697620,0.000000,1.243452,
0.00697640,-0.002441,1.243452,
0.00697660,-0.002441,1.243452,
0.00697680,-0.002441,1.227205,
0.00697700,0.000000,1.227205,
0.00697720,-0.002441,1.227205,
0.00697740,-0.002441,1.243452,
0.00697760,-0.002441,1.243452,
0.00697780,0.000000,1.243452,
0.00697800,-0.002441,1.227205,
0.00697820,0.000000,1.227205,
0.00697840,-0.002441,1.227205,
0.00697860,0.000000,1.227205,
0.00697880,-0.002441,1.210957,
0.00697900,-0.002441,1.243452,
0.00697920,-0.002441,1.243452,
0.00697940,0.000000,1.243452,
0.00697960,-0.002441,1.227205,
0.00697980,0.000000,1.243452,
0.00698000,-0.002441,1.243452,
0.00698020,-0.002441,1.227205,
0.00698040,-0.002441,1.227205,
0.00698060,0.000000,1.243452,
0.00698080,-0.002441,1.227205,
0.00698100,0.000000,1.243452,
0.00698120,-0.002441,1.227205,
0.00698140,0.000000,1.243452,
0.00698160,-0.002441,1.227205,
0.00698180,-0.002441,1.227205,
0.00698200,-0.002441,1.243452,
0.00698220,0.000000,1.243452,
0.00698240,-0.002441,1.259700,
0.00698260,-0.002441,1.259700,
0.00698280,-0.002441,1.243452,
0.00698300,-0.002441,1.227205,
0.00698320,-0.002441,1.210957,
0.00698340,-0.002441,1.227205,
0.00698360,-0.002441,1.227205,
0.00698380,-0.002441,1.227205,
0.00698400,0.000000,1.243452,
0.00698420,0.000000,1.259700,
0.00698440,-0.002441,1.243452,
0.00698460,-0.002441,1.243452,
0.00698480,-0.002441,1.243452,
0.00698500,-0.002441,1.227205,
0.00698520,0.000000,1.227205,
0.00698540,0.000000,1.227205,
0.00698560,0.000000,1.259700,
0.00698580,-0.002441,1.243452,
0.00698600,0.000000,1.227205,
0.00698620,-0.002441,1.227205,
0.00698640,0.000000,1.243452,
0.00698660,-0.002441,1.243452,
0.00698680,-0.002441,1.227205,
0.00698700,0.000000,1.243452,
0.00698720,0.000000,1.243452,
0.00698740,-0.002441,1.243452,
0.00698760,-0.002441,1.227205,
0.00698780,0.000000,1.227205,
0.00698800,-0.002441,1.243452,
0.00698820,-0.002441,1.227205,
0.00698840,-0.002441,1.227205,
0.00698860,-0.002441,1.243452,
0.00698880,0.000000,1.243452,
0.00698900,0.000000,1.243452,
0.00698920,-0.002441,1.227205,
0.00698940,0.002441,1.243452,
0.00698960,0.000000,1.243452,
0.00698980,-0.002441,1.243452,
0.00699000,-0.002441,1.259700,
0.00699020,-0.002441,1.243452,
0.00699040,-0.002441,1.227205,
0.00699060,0.000000,1.227205,
0.00699080,0.000000,1.227205,
0.00699100,0.002441,1.259700,
0.00699120,0.000000,1.227205,
0.00699140,-0.002441,1.227205,
0.00699160,0.000000,1.227205,
0.00699180,-0.002441,1.243452,
0.00699200,0.000000,1.259700,
0.00699220,0.000000,1.259700,
0.00699240,-0.002441,1.243452,
0.00699260,0.000000,1.243452,
0.00699280,-0.002441,1.227205,
0.00699300,-0.002441,1.243452,
0.00699320,-0.002441,1.259700,
0.00699340,0.000000,1.243452,
0.00699360,0.000000,1.243452,
0.00699380,0.000000,1.243452,
0.00699400,-0.002441,1.243452,
0.00699420,-0.002441,1.243452,
0.00699440,-0.002441,1.243452,
0.00699460,-0.002441,1.243452,
0.00699480,-0.002441,1.243452,
0.00699500,-0.002441,1.243452,
0.00699520,0.000000,1.243452,
0.00699540,-0.002441,1.243452,
0.00699560,-0.002441,1.243452,
0.00699580,-0.004883,1.243452,
0.00699600,-0.002441,1.259700,
0.00699620,0.000000,1.243452,
0.00699640,-0.002441,1.227205,
0.00699660,0.000000,1.243452,
0.00699680,0.000000,1.243452,
0.00699700,-0.002441,1.259700,
0.00699720,0.000000,1.259700,
0.00699740,-0.002441,1.259700,
0.00699760,0.000000,1.259700,
0.00699780,-0.002441,1.243452,
0.00699800,-0.002441,1.243452,
0.00699820,-0.002441,1.243452,
0.00699840,-0.002441,1.243452,
0.00699860,-0.002441,1.243452,
0.00699880,0.000000,1.243452,
0.00699900,0.000000,1.259700,
0.00699920,-0.002441,1.243452,
0.00699940,-0.002441,1.243452,
0.00699960,0.000000,1.227205,
0.00699980,-0.002441,1.227205,
0.00700000,0.000000,1.243452,
0.00700020,0.000000,1.259700,
0.00700040,-0.004883,1.243452,
0.00700060,-0.002441,1.243452,
0.00700080,-0.002441,1.275947,
0.00700100,-0.002441,1.259700,
0.00700120,-0.002441,1.243452,
0.00700140,-0.002441,1.243452,
0.00700160,-0.002441,1.243452,
0.00700180,0.000000,1.227205,
0.00700200,-0.004883,1.227205,
0.00700220,-0.002441,1.243452,
0.00700240,0.000000,1.259700,
0.00700260,-0.002441,1.259700,
0.00700280,-0.002441,1.259700,
0.00700300,-0.002441,1.259700,
0.00700320,-0.002441,1.259700,
0.00700340,0.000000,1.243452,
0.00700360,-0.002441,1.243452,
0.00700380,-0.002441,1.243452,
0.00700400,0.000000,1.243452,
0.00700420,-0.002441,1.243452,
0.00700440,-0.002441,1.259700,
0.00700460,-0.002441,1.259700,
0.00700480,0.000000,1.243452,
0.00700500,0.000000,1.259700,
0.00700520,-0.002441,1.259700,
0.00700540,-0.002441,1.243452,
0.00700560,0.000000,1.259700,
0.00700580,-0.002441,1.243452,
0.00700600,-0.002441,1.243452,
0.00700620,-0.002441,1.243452,
0.00700640,-0.002441,1.259700,
0.00700660,-0.002441,1.259700,
0.00700680,-0.002441,1.259700,
0.00700700,0.000000,1.259700,
0.00700720,-0.002441,1.259700,
0.00700740,-0.002441,1.259700,
0.00700760,-0.002441,1.259700,
0.00700780,-0.002441,1.259700,
0.00700800,-0.002441,1.243452,
0.00700820,-0.002441,1.243452,
0.00700840,-0.002441,1.243452,
0.00700860,-0.002441,1.259700,
0.00700880,0.000000,1.275947,
0.00700900,-0.002441,1.259700,
0.00700920,-0.002441,1.259700,
0.00700940,-0.002441,1.243452,
0.00700960,0.000000,1.259700,
0.00700980,0.000000,1.243452,
0.00701000,0.000000,1.243452,
0.00701020,0.000000,1.259700,
0.00701040,0.000000,1.259700,
0.00701060,0.000000,1.259700,
0.00701080,-0.002441,1.243452,
0.00701100,-0.002441,1.227205,
0.00701120,0.000000,1.259700,
0.00701140,0.000000,1.259700,
0.00701160,0.000000,1.259700,
0.00701180,-0.002441,1.243452,
0.00701200,0.000000,1.259700,
0.00701220,0.000000,1.243452,
0.00701240,0.000000,1.259700,
0.00701260,-0.002441,1.243452,
0.00701280,0.000000,1.259700,
0.00701300,0.002441,1.259700,
0.00701320,-0.002441,1.243452,
0.00701340,-0.002441,1.243452,
0.00701360,0.000000,1.243452,
0.00701380,0.000000,1.243452,
0.00701400,-0.002441,1.243452,
0.00701420,-0.002441,1.227205,
0.00701440,-0.002441,1.243452,
0.00701460,0.000000,1.259700,
0.00701480,0.000000,1.259700,
0.00701500,0.000000,1.243452,
0.00701520,-0.002441,1.243452,
0.00701540,0.000000,1.243452,
0.00701560,-0.002441,1.243452,
0.00701580,-0.002441,1.243452,
0.00701600,-0.002441,1.243452,
0.00701620,0.000000,1.243452,
0.00701640,0.000000,1.243452,
0.00701660,0.000000,1.243452,
0.00701680,-0.002441,1.243452,
0.00701700,-0.002441,1.243452,
0.00701720,-0.002441,1.259700,
0.00701740,-0.002441,1.243452,
0.00701760,0.000000,1.275947,
0.00701780,-0.002441,1.259700,
0.00701800,-0.002441,1.243452,
0.00701820,0.000000,1.227205,
0.00701840,-0.002441,1.227205,
0.00701860,-0.002441,1.243452,
0.00701880,-0.002441,1.227205,
0.00701900,-0.002441,1.243452,
0.00701920,0.002441,1.275947,
0.00701940,0.000000,1.259700,
0.00701960,0.000000,1.259700,
0.00701980,-0.002441,1.259700,
0.00702000,0.000000,1.259700,
0.00702020,-0.004883,1.243452,
0.00702040,-0.002441,1.243452,
0.00702060,-0.002441,1.243452,
0.00702080,0.000000,1.259700,
0.00702100,-0.002441,1.259700,
0.00702120,0.000000,1.259700,
0.00702140,-0.002441,1.243452,
0.00702160,0.000000,1.227205,
0.00702180,-0.002441,1.243452,
0.00702200,0.000000,1.243452,
0.00702220,-0.002441,1.227205,
0.00702240,0.000000,1.243452,
0.00702260,-0.002441,1.243452,
0.00702280,0.000000,1.243452,
0.00702300,-0.002441,1.243452,
0.00702320,0.000000,1.259700,
0.00702340,0.000000,1.259700,
0.00702360,-0.002441,1.243452,
0.00702380,0.000000,1.227205,
0.00702400,-0.002441,1.227205,
0.00702420,0.000000,1.243452,
0.00702440,-0.002441,1.259700,
0.00702460,0.000000,1.259700,
0.00702480,0.000000,1.243452,
0.00702500,0.000000,1.243452,
0.00702520,-0.002441,1.227205,
0.00702540,-0.002441,1.243452,
0.00702560,-0.002441,1.243452,
0.00702580,-0.004883,1.243452,
0.00702600,0.000000,1.259700,
0.00702620,0.000000,1.259700,
0.00702640,0.000000,1.259700,
0.00702660,-0.002441,1.243452,
0.00702680,0.000000,1.243452,
0.00702700,-0.002441,1.227205,
0.00702720,0.000000,1.243452,
0.00702740,0.000000,1.243452,
0.00702760,-0.002441,1.243452,
0.00702780,-0.004883,1.227205,
0.00702800,0.000000,1.243452,
0.00702820,0.000000,1.243452,
0.00702840,-0.002441,1.243452,
0.00702860,-0.002441,1.243452,
0.00702880,0.000000,1.243452,
0.00702900,0.000000,1.243452,
0.00702920,-0.002441,1.243452,
0.00702940,-0.002441,1.243452,
0.00702960,-0.002441,1.243452,
0.00702980,0.000000,1.243452,
0.00703000,0.000000,1.227205,
0.00703020,-0.004883,1.243452,
0.00703040,0.000000,1.243452,
0.00703060,0.000000,1.243452,
0.00703080,0.000000,1.243452,
0.00703100,0.000000,1.243452,
0.00703120,0.000000,1.243452,
0.00703140,0.000000,1.243452,
0.00703160,-0.002441,1.243452,
0.00703180,-0.002441,1.243452,
0.00703200,0.000000,1.243452,
0.00703220,-0.002441,1.243452,
0.00703240,-0.002441,1.259700,
0.00703260,0.000000,1.259700,
0.00703280,0.000000,1.243452,
0.00703300,-0.002441,1.243452,
0.00703320,-0.002441,1.243452,
0.00703340,0.000000,1.243452,
0.00703360,0.000000,1.259700,
0.00703380,-0.002441,1.259700,
0.00703400,-0.002441,1.243452,
0.00703420,0.000000,1.243452,
0.00703440,-0.002441,1.243452,
0.00703460,-0.002441,1.243452,
0.00703480,-0.002441,1.243452,
0.00703500,-0.002441,1.227205,
0.00703520,-0.002441,1.243452,
0.00703540,-0.002441,1.259700,
0.00703560,-0.002441,1.259700,
0.00703580,0.000000,1.259700,
0.00703600,-0.002441,1.259700,
0.00703620,-0.002441,1.243452,
0.00703640,-0.002441,1.243452,
0.00703660,-0.002441,1.243452,
0.00703680,-0.002441,1.227205,
0.00703700,0.000000,1.243452,
0.00703720,0.000000,1.243452,
0.00703740,-0.002441,1.243452,
0.00703760,-0.002441,1.243452,
0.00703780,0.000000,1.243452,
0.00703800,-0.002441,1.243452,
0.00703820,-0.002441,1.243452,
0.00703840,0.000000,1.243452,
0.00703860,0.000000,1.243452,
0.00703880,0.000000,1.243452,
0.00703900,-0.002441,1.243452,
0.00703920,0.000000,1.243452,
0.00703940,0.000000,1.243452,
0.00703960,-0.002441,1.243452,
0.00703980,-0.002441,1.243452,
0.00704000,0.000000,1.243452,
0.00704020,0.000000,1.259700,
0.00704040,0.000000,1.243452,
0.00704060,-0.002441,1.243452,
0.00704080,0.000000,1.243452,
0.00704100,0.000000,1.243452,
0.00704120,-0.004883,1.243452,
0.00704140,-0.002441,1.243452,
0.00704160,0.000000,1.259700,
0.00704180,0.000000,1.259700,
0.00704200,0.000000,1.243452,
0.00704220,-0.002441,1.243452,
0.00704240,0.000000,1.243452,
0.00704260,-0.002441,1.243452,
0.00704280,-0.002441,1.243452,
0.00704300,-0.002441,1.243452,
0.00704320,0.000000,1.243452,
0.00704340,0.000000,1.243452,
0.00704360,0.000000,1.243452,
0.00704380,-0.002441,1.243452,
0.00704400,-0.002441,1.243452,
0.00704420,-0.002441,1.243452,
0.00704440,-0.002441,1.243452,
0.00704460,-0.002441,1.227205,
0.00704480,0.000000,1.243452,
0.00704500,-0.002441,1.243452,
0.00704520,0.000000,1.243452,
0.00704540,-0.002441,1.243452,
0.00704560,0.000000,1.243452,
0.00704580,0.000000,1.243452,
0.00704600,-0.002441,1.243452,
0.00704620,-0.002441,1.243452,
0.00704640,0.000000,1.243452,
0.00704660,-0.002441,1.243452,
0.00704680,0.000000,1.259700,
0.00704700,-0.002441,1.259700,
0.00704720,0.002441,1.243452,
0.00704740,-0.002441,1.227205,
0.00704760,-0.002441,1.227205,
0.00704780,-0.002441,1.243452,
0.00704800,-0.002441,1.259700,
0.00704820,0.000000,1.259700,
0.00704840,0.000000,1.243452,
0.00704860,-0.002441,1.243452,
0.00704880,0.002441,1.243452,
0.00704900,0.000000,1.227205,
0.00704920,-0.002441,1.243452,
0.00704940,0.000000,1.243452,
0.00704960,-0.002441,1.259700,
0.00704980,-0.002441,1.243452,
0.00705000,0.000000,1.243452,
0.00705020,0.000000,1.243452,
0.00705040,0.000000,1.243452,
0.00705060,0.000000,1.243452,
0.00705080,0.000000,1.227205,
0.00705100,-0.002441,1.227205,
0.00705120,-0.002441,1.227205,
0.00705140,0.000000,1.227205,
0.00705160,0.000000,1.227205,
0.00705180,-0.002441,1.227205,
0.00705200,-0.002441,1.227205,
0.00705220,0.000000,1.259700,
0.00705240,0.000000,1.259700,
0.00705260,0.000000,1.259700,
0.00705280,-0.002441,1.259700,
0.00705300,0.000000,1.259700,
0.00705320,0.000000,1.243452,
0.00705340,0.000000,1.227205,
0.00705360,-0.002441,1.194710,
0.00705380,0.000000,1.227205,
0.00705400,0.000000,1.227205,
0.00705420,-0.002441,1.243452,
0.00705440,-0.002441,1.259700,
0.00705460,0.000000,1.259700,
0.00705480,-0.002441,1.259700,
0.00705500,0.000000,1.243452,
0.00705520,0.000000,1.243452,
0.00705540,0.000000,1.227205,
0.00705560,-0.002441,1.227205,
0.00705580,0.000000,1.227205,
0.00705600,-0.002441,1.227205,
0.00705620,0.000000,1.227205,
0.00705640,0.000000,1.243452,
0.00705660,0.000000,1.243452,
0.00705680,-0.002441,1.227205,
0.00705700,-0.002441,1.243452,
0.00705720,-0.002441,1.243452,
0.00705740,0.000000,1.227205,
0.00705760,-0.002441,1.227205,
0.00705780,0.000000,1.227205,
0.00705800,0.000000,1.227205,
0.00705820,0.000000,1.243452,
0.00705840,-0.002441,1.259700,
0.00705860,0.000000,1.243452,
0.00705880,-0.002441,1.227205,
0.00705900,-0.002441,1.227205,
0.00705920,-0.002441,1.227205,
0.00705940,0.000000,1.243452,
0.00705960,0.000000,1.243452,
0.00705980,0.000000,1.227205,
0.00706000,-0.002441,1.227205,
0.00706020,0.000000,1.227205,
0.00706040,0.000000,1.243452,
0.00706060,-0.002441,1.227205,
0.00706080,-0.002441,1.227205,
0.00706100,0.000000,1.243452,
0.00706120,0.000000,1.227205,
0.00706140,0.000000,1.227205,
0.00706160,-0.004883,1.210957,
0.00706180,-0.002441,1.227205,
0.00706200,-0.002441,1.227205,
0.00706220,-0.004883,1.227205,
0.00706240,-0.002441,1.227205,
0.00706260,0.000000,1.227205,
0.00706280,0.000000,1.227205,
0.00706300,0.000000,1.227205,
0.00706320,0.000000,1.227205,
0.00706340,0.000000,1.227205,
0.00706360,0.000000,1.227205,
0.00706380,-0.002441,1.227205,
0.00706400,0.000000,1.210957,
0.00706420,0.000000,1.227205,
0.00706440,0.000000,1.227205,
0.00706460,0.000000,1.243452,
0.00706480,-0.002441,1.227205,
0.00706500,0.000000,1.243452,
0.00706520,0.000000,1.210957,
0.00706540,-0.002441,1.227205,
0.00706560,0.000000,1.227205,
0.00706580,0.000000,1.227205,
0.00706600,0.000000,1.210957,
0.00706620,0.000000,1.210957,
0.00706640,0.000000,1.227205,
0.00706660,0.000000,1.243452,
0.00706680,0.000000,1.227205,
0.00706700,-0.002441,1.210957,
0.00706720,-0.002441,1.210957,
0.00706740,-0.002441,1.227205,
0.00706760,0.000000,1.227205,
0.00706780,0.000000,1.210957,
0.00706800,0.000000,1.210957,
0.00706820,0.000000,1.227205,
0.00706840,0.000000,1.243452,
0.00706860,-0.002441,1.227205,
0.00706880,-0.002441,1.227205,
0.00706900,0.000000,1.243452,
0.00706920,0.000000,1.227205,
0.00706940,0.000000,1.210957,
0.00706960,0.000000,1.210957,
0.00706980,0.000000,1.227205,
0.00707000,-0.002441,1.194710,
0.00707020,0.000000,1.210957,
0.00707040,-0.002441,1.210957,
0.00707060,-0.002441,1.227205,
0.00707080,-0.002441,1.227205,
0.00707100,0.000000,1.243452,
0.00707120,0.000000,1.227205,
0.00707140,-0.002441,1.227205,
0.00707160,0.000000,1.210957,
0.00707180,-0.002441,1.210957,
0.00707200,-0.002441,1.194710,
0.00707220,0.000000,1.210957,
0.00707240,-0.002441,1.227205,
0.00707260,-0.002441,1.227205,
0.00707280,-0.002441,1.227205,
0.00707300,-0.002441,1.243452,
0.00707320,-0.002441,1.210957,
0.00707340,-0.002441,1.210957,
0.00707360,0.000000,1.210957,
0.00707380,-0.002441,1.210957,
0.00707400,0.000000,1.227205,
0.00707420,0.000000,1.227205,
0.00707440,-0.002441,1.210957,
0.00707460,0.000000,1.227205,
0.00707480,0.000000,1.227205,
0.00707500,-0.004883,1.210957,
0.00707520,-0.002441,1.227205,
0.00707540,-0.002441,1.227205,
0.00707560,0.000000,1.210957,
0.00707580,0.000000,1.210957,
0.00707600,-0.002441,1.227205,
0.00707620,0.000000,1.227205,
0.00707640,0.000000,1.227205,
0.00707660,-0.002441,1.210957,
0.00707680,-0.002441,1.210957,
0.00707700,0.000000,1.210957,
0.00707720,0.000000,1.227205,
0.00707740,0.000000,1.227205,
0.00707760,0.000000,1.227205,
0.00707780,0.000000,1.227205,
0.00707800,0.000000,1.227205,
0.00707820,0.000000,1.210957,
0.00707840,-0.002441,1.210957,
0.00707860,0.000000,1.210957,
0.00707880,0.000000,1.227205,
0.00707900,0.000000,1.227205,
0.00707920,0.000000,1.210957,
0.00707940,0.000000,1.227205,
0.00707960,0.000000,1.210957,
0.00707980,-0.002441,1.210957,
0.00708000,-0.002441,1.227205,
0.00708020,0.000000,1.227205,
0.00708040,0.000000,1.227205,
0.00708060,0.000000,1.227205,
0.00708080,0.000000,1.227205,
0.00708100,0.000000,1.227205,
0.00708120,0.000000,1.210957,
0.00708140,0.000000,1.210957,
0.00708160,-0.002441,1.227205,
0.00708180,0.000000,1.227205,
0.00708200,0.000000,1.227205,
0.00708220,-0.002441,1.227205,
0.00708240,0.000000,1.227205,
0.00708260,0.000000,1.227205,
0.00708280,-0.002441,1.227205,
0.00708300,-0.002441,1.227205,
0.00708320,-0.002441,1.227205,
0.00708340,-0.002441,1.227205,
0.00708360,-0.002441,1.210957,
0.00708380,0.000000,1.210957,
0.00708400,0.000000,1.227205,
0.00708420,-0.002441,1.243452,
0.00708440,0.000000,1.227205,
0.00708460,-0.002441,1.227205,
0.00708480,-0.002441,1.210957,
0.00708500,-0.002441,1.210957,
0.00708520,0.000000,1.210957,
0.00708540,0.000000,1.227205,
0.00708560,0.000000,1.227205,
0.00708580,-0.002441,1.243452,
0.00708600,0.000000,1.227205,
0.00708620,-0.002441,1.210957,
0.00708640,0.000000,1.210957,
0.00708660,-0.002441,1.210957,
0.00708680,0.000000,1.210957,
0.00708700,0.000000,1.194710,
0.00708720,0.000000,1.210957,
0.00708740,-0.002441,1.243452,
0.00708760,0.000000,1.243452,
0.00708780,0.000000,1.243452,
0.00708800,-0.002441,1.210957,
0.00708820,0.000000,1.227205,
0.00708840,0.000000,1.210957,
0.00708860,0.000000,1.210957,
0.00708880,0.000000,1.194710,
0.00708900,0.000000,1.210957,
0.00708920,0.000000,1.210957,
0.00708940,-0.002441,1.227205,
0.00708960,-0.002441,1.227205,
0.00708980,0.000000,1.227205,
0.00709000,-0.002441,1.227205,
0.00709020,0.000000,1.227205,
0.00709040,0.000000,1.210957,
0.00709060,-0.002441,1.210957,
0.00709080,0.000000,1.210957,
0.00709100,0.000000,1.210957,
0.00709120,0.000000,1.227205,
0.00709140,0.000000,1.227205,
0.00709160,0.000000,1.227205,
0.00709180,0.000000,1.227205,
0.00709200,0.000000,1.227205,
0.00709220,-0.002441,1.227205,
0.00709240,-0.002441,1.227205,
0.00709260,0.000000,1.210957,
0.00709280,-0.002441,1.210957,
0.00709300,0.000000,1.210957,
0.00709320,-0.002441,1.227205,
0.00709340,0.000000,1.227205,
0.00709360,0.000000,1.227205,
0.00709380,0.000000,1.227205,
0.00709400,0.000000,1.210957,
0.00709420,0.000000,1.227205,
0.00709440,0.000000,1.210957,
0.00709460,0.000000,1.227205,
0.00709480,-0.002441,1.210957,
0.00709500,0.000000,1.210957,
0.00709520,-0.002441,1.210957,
0.00709540,0.000000,1.227205,
0.00709560,0.000000,1.227205,
0.00709580,0.000000,1.210957,
0.00709600,-0.002441,1.210957,
0.00709620,0.000000,1.227205,
0.00709640,0.000000,1.227205,
0.00709660,0.000000,1.227205,
0.00709680,0.000000,1.210957,
0.00709700,0.000000,1.210957,
0.00709720,-0.002441,1.210957,
0.00709740,0.000000,1.210957,
0.00709760,0.000000,1.210957,
0.00709780,0.000000,1.227205,
0.00709800,0.000000,1.210957,
0.00709820,0.000000,1.227205,
0.00709840,0.000000,1.227205,
0.00709860,-0.002441,1.227205,
0.00709880,-0.002441,1.210957,
0.00709900,0.000000,1.194710,
0.00709920,-0.002441,1.210957,
0.00709940,0.000000,1.227205,
0.00709960,0.000000,1.227205,
0.00709980,0.000000,1.210957,
0.00710000,-0.002441,1.227205,
0.00710020,-0.002441,1.210957,
0.00710040,0.000000,1.210957,
0.00710060,0.000000,1.210957,
0.00710080,-0.002441,1.194710,
0.00710100,0.000000,1.210957,
0.00710120,0.000000,1.227205,
0.00710140,0.000000,1.227205,
0.00710160,0.000000,1.227205,
0.00710180,-0.002441,1.210957,
0.00710200,0.000000,1.210957,
0.00710220,-0.002441,1.210957,
0.00710240,0.000000,1.210957,
0.00710260,0.000000,1.210957,
0.00710280,0.000000,1.210957,
0.00710300,0.000000,1.210957,
0.00710320,0.000000,1.227205,
0.00710340,0.002441,1.210957,
0.00710360,0.000000,1.227205,
0.00710380,0.000000,1.227205,
0.00710400,-0.002441,1.210957,
0.00710420,-0.002441,1.227205,
0.00710440,0.000000,1.210957,
0.00710460,0.000000,1.210957,
0.00710480,-0.002441,1.194710,
0.00710500,0.002441,1.194710,
0.00710520,-0.002441,1.194710,
0.00710540,0.000000,1.210957,
0.00710560,0.000000,1.227205,
0.00710580,0.000000,1.227205,
0.00710600,0.000000,1.227205,
0.00710620,0.000000,1.227205,
0.00710640,0.000000,1.227205,
0.00710660,0.002441,1.227205,
0.00710680,0.000000,1.210957,
0.00710700,-0.002441,1.194710,
0.00710720,-0.002441,1.194710,
0.00710740,0.000000,1.210957,
0.00710760,-0.002441,1.210957,
0.00710780,0.000000,1.227205,
0.00710800,0.000000,1.227205,
0.00710820,0.002441,1.210957,
0.00710840,0.000000,1.210957,
0.00710860,-0.002441,1.210957,
0.00710880,-0.002441,1.194710,
0.00710900,-0.002441,1.227205,
0.00710920,0.000000,1.227205,
0.00710940,-0.002441,1.227205,
0.00710960,0.000000,1.227205,
0.00710980,-0.002441,1.227205,
0.00711000,-0.002441,1.210957,
0.00711020,-0.002441,1.210957,
0.00711040,0.000000,1.210957,
0.00711060,-0.002441,1.210957,
0.00711080,0.000000,1.210957,
0.00711100,0.000000,1.210957,
0.00711120,-0.002441,1.210957,
0.00711140,0.000000,1.210957,
0.00711160,0.000000,1.227205,
0.00711180,-0.002441,1.210957,
0.00711200,-0.002441,1.227205,
0.00711220,-0.002441,1.227205,
0.00711240,0.000000,1.210957,
0.00711260,0.000000,1.227205,
0.00711280,0.000000,1.210957,
0.00711300,0.000000,1.210957,
0.00711320,-0.002441,1.227205,
0.00711340,0.000000,1.210957,
0.00711360,0.000000,1.210957,
0.00711380,0.000000,1.210957,
0.00711400,0.000000,1.227205,
0.00711420,0.000000,1.227205,
0.00711440,-0.002441,1.227205,
0.00711460,0.002441,1.210957,
0.00711480,0.000000,1.210957,
0.00711500,-0.002441,1.210957,
0.00711520,-0.002441,1.227205,
0.00711540,-0.002441,1.227205,
0.00711560,0.000000,1.227205,
0.00711580,0.000000,1.227205,
0.00711600,-0.002441,1.210957,
0.00711620,-0.002441,1.210957,
0.00711640,-0.002441,1.210957,
0.00711660,-0.002441,1.210957,
0.00711680,0.000000,1.210957,
0.00711700,-0.002441,1.210957,
0.00711720,0.000000,1.227205,
0.00711740,-0.002441,1.210957,
0.00711760,0.000000,1.227205,
0.00711780,0.000000,1.227205,
0.00711800,-0.002441,1.210957,
0.00711820,-0.002441,1.210957,
0.00711840,-0.002441,1.194710,
0.00711860,0.000000,1.194710,
0.00711880,0.000000,1.210957,
0.00711900,0.000000,1.210957,
0.00711920,0.000000,1.227205,
0.00711940,-0.002441,1.227205,
0.00711960,0.000000,1.227205,
0.00711980,0.000000,1.210957,
0.00712000,-0.002441,1.210957,
0.00712020,-0.002441,1.210957,
0.00712040,0.000000,1.227205,
0.00712060,0.000000,1.227205,
0.00712080,0.000000,1.227205,
0.00712100,-0.002441,1.210957,
0.00712120,0.000000,1.227205,
0.00712140,-0.002441,1.210957,
0.00712160,0.000000,1.194710,
0.00712180,-0.002441,1.194710,
0.00712200,0.000000,1.210957,
0.00712220,0.000000,1.227205,
0.00712240,0.000000,1.227205,
0.00712260,-0.002441,1.227205,
0.00712280,0.000000,1.243452,
0.00712300,-0.002441,1.243452,
0.00712320,-0.002441,1.227205,
0.00712340,0.000000,1.227205,
0.00712360,0.000000,1.210957,
0.00712380,0.000000,1.210957,
0.00712400,0.000000,1.194710,
0.00712420,0.002441,1.210957,
0.00712440,0.000000,1.227205,
0.00712460,0.000000,1.227205,
0.00712480,-0.004883,1.227205,
0.00712500,0.000000,1.227205,
0.00712520,0.000000,1.227205,
0.00712540,0.000000,1.210957,
0.00712560,-0.002441,1.227205,
0.00712580,-0.002441,1.210957,
0.00712600,0.000000,1.227205,
0.00712620,0.000000,1.210957,
0.00712640,-0.002441,1.210957,
0.00712660,0.000000,1.210957,
0.00712680,0.000000,1.227205,
0.00712700,0.000000,1.227205,
0.00712720,-0.002441,1.227205,
0.00712740,0.000000,1.210957,
0.00712760,0.000000,1.227205,
0.00712780,0.000000,1.210957,
0.00712800,-0.002441,1.210957,
0.00712820,0.000000,1.227205,
0.00712840,0.000000,1.210957,
0.00712860,-0.002441,1.210957,
0.00712880,-0.002441,1.227205,
0.00712900,0.000000,1.227205,
0.00712920,0.000000,1.210957,
0.00712940,0.000000,1.210957,
0.00712960,-0.002441,1.210957,
0.00712980,-0.002441,1.210957,
0.00713000,0.000000,1.227205,
0.00713020,0.000000,1.227205,
0.00713040,-0.002441,1.210957,
0.00713060,0.000000,1.210957,
0.00713080,0.000000,1.227205,
0.00713100,0.000000,1.210957,
0.00713120,0.000000,1.227205,
0.00713140,-0.002441,1.210957,
0.00713160,0.002441,1.210957,
0.00713180,-0.002441,1.210957,
0.00713200,0.000000,1.210957,
0.00713220,-0.002441,1.210957,
0.00713240,0.000000,1.210957,
0.00713260,0.000000,1.227205,
0.00713280,-0.002441,1.227205,
0.00713300,-0.002441,1.210957,
0.00713320,-0.002441,1.210957,
0.00713340,0.000000,1.210957,
0.00713360,0.000000,1.210957,
0.00713380,0.000000,1.210957,
0.00713400,-0.002441,1.210957,
0.00713420,0.000000,1.210957,
0.00713440,-0.002441,1.210957,
0.00713460,0.000000,1.210957,
0.00713480,0.000000,1.210957,
0.00713500,0.000000,1.210957,
0.00713520,0.000000,1.227205,
0.00713540,-0.002441,1.210957,
0.00713560,0.000000,1.210957,
0.00713580,0.000000,1.210957,
0.00713600,0.000000,1.194710,
0.00713620,-0.002441,1.194710,
0.00713640,0.000000,1.227205,
0.00713660,0.000000,1.227205,
0.00713680,0.000000,1.210957,
0.00713700,-0.002441,1.210957,
0.00713720,0.000000,1.210957,
0.00713740,0.000000,1.210957,
0.00713760,-0.002441,1.210957,
0.00713780,-0.002441,1.210957,
0.00713800,0.000000,1.210957,
0.00713820,0.000000,1.210957,
0.00713840,0.000000,1.210957,
0.00713860,-0.002441,1.227205,
0.00713880,0.000000,1.227205,
0.00713900,0.000000,1.227205,
0.00713920,0.000000,1.210957,
0.00713940,-0.002441,1.210957,
0.00713960,0.000000,1.210957,
0.00713980,0.000000,1.210957,
0.00714000,0.000000,1.210957,
0.00714020,0.000000,1.210957,
0.00714040,0.000000,1.210957,
0.00714060,0.000000,1.227205,
0.00714080,-0.002441,1.227205,
0.00714100,-0.002441,1.227205,
0.00714120,0.000000,1.243452,
0.00714140,0.000000,1.227205,
0.00714160,0.000000,1.227205,
0.00714180,0.000000,1.210957,
0.00714200,0.000000,1.210957,
0.00714220,0.000000,1.194710,
0.00714240,-0.002441,1.194710,
0.00714260,-0.002441,1.210957,
0.00714280,0.000000,1.227205,
0.00714300,0.000000,1.227205,
0.00714320,0.000000,1.243452,
0.00714340,0.000000,1.210957,
0.00714360,-0.002441,1.210957,
0.00714380,0.000000,1.210957,
0.00714400,0.000000,1.210957,
0.00714420,-0.002441,1.210957,
0.00714440,-0.002441,1.210957,
0.00714460,0.000000,1.227205,
0.00714480,0.000000,1.227205,
0.00714500,0.000000,1.210957,
0.00714520,-0.002441,1.210957,
0.00714540,0.000000,1.227205,
0.00714560,0.000000,1.210957,
0.00714580,0.000000,1.194710,
0.00714600,0.000000,1.210957,
0.00714620,0.000000,1.210957,
0.00714640,0.000000,1.227205,
0.00714660,0.000000,1.227205,
0.00714680,-0.002441,1.227205,
0.00714700,-0.002441,1.210957,
0.00714720,-0.002441,1.210957,
0.00714740,-0.002441,1.210957,
0.00714760,-0.002441,1.210957,
0.00714780,0.000000,1.210957,
0.00714800,0.000000,1.227205,
0.00714820,-0.002441,1.227205,
0.00714840,0.002441,1.210957,
0.00714860,0.000000,1.210957,
0.00714880,0.000000,1.210957,
0.00714900,-0.002441,1.210957,
0.00714920,0.000000,1.227205,
0.00714940,0.000000,1.210957,
0.00714960,0.000000,1.210957,
0.00714980,0.000000,1.210957,
0.00715000,0.000000,1.210957,
0.00715020,0.000000,1.210957,
0.00715040,0.000000,1.227205,
0.00715060,-0.002441,1.227205,
0.00715080,0.000000,1.227205,
0.00715100,0.000000,1.227205,
0.00715120,0.000000,1.210957,
0.00715140,0.000000,1.210957,
0.00715160,0.000000,1.227205,
0.00715180,0.000000,1.210957,
0.00715200,0.000000,1.227205,
0.00715220,-0.002441,1.210957,
0.00715240,0.000000,1.210957,
0.00715260,0.000000,1.227205,
0.00715280,0.000000,1.227205,
0.00715300,0.000000,1.210957,
0.00715320,-0.002441,1.227205,
0.00715340,0.000000,1.210957,
0.00715360,-0.002441,1.210957,
0.00715380,-0.002441,1.210957,
0.00715400,0.000000,1.227205,
0.00715420,-0.002441,1.227205,
0.00715440,0.000000,1.227205,
0.00715460,0.000000,1.227205,
0.00715480,-0.002441,1.243452,
0.00715500,0.000000,1.227205,
0.00715520,0.000000,1.210957,
0.00715540,-0.002441,1.194710,
0.00715560,-0.002441,1.210957,
0.00715580,0.000000,1.227205,
0.00715600,0.000000,1.227205,
0.00715620,0.002441,1.227205,
0.00715640,0.000000,1.227205,
0.00715660,-0.002441,1.227205,
0.00715680,0.000000,1.210957,
0.00715700,-0.002441,1.178462,
0.00715720,0.000000,1.194710,
0.00715740,0.000000,1.227205,
0.00715760,0.000000,1.243452,
0.00715780,0.000000,1.243452,
0.00715800,0.000000,1.259700,
0.00715820,-0.002441,1.243452,
0.00715840,0.000000,1.210957,
0.00715860,-0.002441,1.210957,
0.00715880,0.000000,1.194710,
0.00715900,0.000000,1.210957,
0.00715920,0.000000,1.227205,
0.00715940,0.000000,1.227205,
0.00715960,0.000000,1.243452,
0.00715980,-0.002441,1.243452,
0.00716000,0.000000,1.227205,
0.00716020,0.000000,1.227205,
0.00716040,0.000000,1.227205,
0.00716060,0.000000,1.227205,
0.00716080,0.000000,1.227205,
0.00716100,0.000000,1.227205,
0.00716120,-0.002441,1.227205,
0.00716140,0.000000,1.243452,
0.00716160,0.000000,1.243452,
0.00716180,-0.002441,1.227205,
0.00716200,0.000000,1.227205,
0.00716220,0.000000,1.227205,
0.00716240,-0.002441,1.227205,
0.00716260,0.000000,1.210957,
0.00716280,-0.002441,1.210957,
0.00716300,0.000000,1.227205,
0.00716320,0.000000,1.227205,
0.00716340,0.000000,1.227205,
0.00716360,-0.002441,1.227205,
0.00716380,0.000000,1.227205,
0.00716400,0.000000,1.227205,
0.00716420,0.000000,1.210957,
0.00716440,0.000000,1.210957,
0.00716460,0.000000,1.227205,
0.00716480,0.000000,1.227205,
0.00716500,0.000000,1.243452,
0.00716520,0.000000,1.210957,
0.00716540,0.000000,1.227205,
0.00716560,0.000000,1.243452,
0.00716580,0.000000,1.227205,
0.00716600,0.004883,1.227205,
0.00716620,0.000000,1.227205,
0.00716640,0.000000,1.227205,
0.00716660,0.000000,1.243452,
0.00716680,0.000000,1.227205,
0.00716700,0.000000,1.227205,
0.00716720,0.000000,1.243452,
0.00716740,-0.002441,1.227205,
0.00716760,0.002441,1.227205,
0.00716780,-0.002441,1.227205,
0.00716800,-0.002441,1.243452,
0.00716820,-0.002441,1.243452,
0.00716840,0.000000,1.227205,
0.00716860,-0.002441,1.227205,
0.00716880,0.000000,1.243452,
0.00716900,0.000000,1.243452,
0.00716920,0.000000,1.243452,
0.00716940,0.000000,1.227205,
0.00716960,0.000000,1.227205,
0.00716980,-0.002441,1.227205,
0.00717000,0.000000,1.243452,
0.00717020,0.000000,1.243452,
0.00717040,0.000000,1.243452,
0.00717060,0.000000,1.243452,
0.00717080,0.000000,1.227205,
0.00717100,0.000000,1.227205,
0.00717120,-0.002441,1.227205,
0.00717140,-0.002441,1.227205,
0.00717160,-0.002441,1.243452,
0.00717180,0.000000,1.243452,
0.00717200,0.000000,1.243452,
0.00717220,0.000000,1.227205,
0.00717240,-0.002441,1.227205,
0.00717260,0.000000,1.243452,
0.00717280,-0.002441,1.227205,
0.00717300,0.000000,1.227205,
0.00717320,0.000000,1.227205,
0.00717340,0.000000,1.243452,
0.00717360,0.000000,1.243452,
0.00717380,0.000000,1.243452,
0.00717400,0.000000,1.243452,
0.00717420,0.000000,1.243452,
0.00717440,-0.002441,1.243452,
0.00717460,0.000000,1.243452,
0.00717480,0.000000,1.227205,
0.00717500,0.000000,1.227205,
0.00717520,-0.002441,1.227205,
0.00717540,-0.002441,1.227205,
0.00717560,0.000000,1.243452,
0.00717580,-0.002441,1.243452,
0.00717600,0.000000,1.243452,
0.00717620,0.000000,1.243452,
0.00717640,-0.002441,1.243452,
0.00717660,0.000000,1.259700,
0.00717680,0.000000,1.243452,
0.00717700,0.000000,1.227205,
0.00717720,-0.002441,1.227205,
0.00717740,-0.002441,1.227205,
0.00717760,0.000000,1.243452,
0.00717780,0.000000,1.227205,
0.00717800,-0.002441,1.243452,
0.00717820,-0.002441,1.259700,
0.00717840,-0.002441,1.259700,
0.00717860,-0.002441,1.243452,
0.00717880,-0.002441,1.243452,
0.00717900,-0.002441,1.243452,
0.00717920,0.000000,1.243452,
0.00717940,-0.002441,1.243452,
0.00717960,0.000000,1.259700,
0.00717980,0.000000,1.243452,
0.00718000,0.000000,1.243452,
0.00718020,0.000000,1.243452,
0.00718040,-0.002441,1.243452,
0.00718060,0.002441,1.243452,
0.00718080,0.000000,1.243452,
0.00718100,-0.002441,1.227205,
0.00718120,0.000000,1.243452,
0.00718140,-0.002441,1.243452,
0.00718160,0.000000,1.243452,
0.00718180,-0.002441,1.259700,
0.00718200,-0.002441,1.259700,
0.00718220,0.000000,1.259700,
0.00718240,0.000000,1.243452,
0.00718260,-0.002441,1.243452,
0.00718280,0.000000,1.243452,
0.00718300,0.000000,1.243452,
0.00718320,0.000000,1.243452,
0.00718340,0.000000,1.243452,
0.00718360,0.000000,1.259700,
0.00718380,0.000000,1.259700,
0.00718400,-0.002441,1.243452,
0.00718420,-0.002441,1.243452,
0.00718440,0.000000,1.243452,
0.00718460,0.000000,1.259700,
0.00718480,0.000000,1.259700,
0.00718500,0.002441,1.259700,
0.00718520,-0.002441,1.243452,
0.00718540,0.000000,1.243452,
0.00718560,0.000000,1.243452,
0.00718580,-0.002441,1.243452,
0.00718600,-0.002441,1.243452,
0.00718620,0.000000,1.243452,
0.00718640,0.000000,1.243452,
0.00718660,-0.002441,1.259700,
0.00718680,-0.002441,1.259700,
0.00718700,0.000000,1.259700,
0.00718720,0.000000,1.243452,
0.00718740,-0.002441,1.227205,
0.00718760,0.000000,1.243452,
0.00718780,0.000000,1.259700,
0.00718800,0.000000,1.259700,
0.00718820,0.000000,1.243452,
0.00718840,-0.002441,1.243452,
0.00718860,0.000000,1.259700,
0.00718880,-0.002441,1.259700,
0.00718900,0.000000,1.243452,
0.00718920,-0.002441,1.243452,
0.00718940,0.000000,1.243452,
0.00718960,0.000000,1.243452,
0.00718980,0.000000,1.243452,
0.00719000,0.000000,1.259700,
0.00719020,0.002441,1.259700,
0.00719040,0.000000,1.259700,
0.00719060,-0.004883,1.243452,
0.00719080,-0.002441,1.243452,
0.00719100,0.000000,1.259700,
0.00719120,0.000000,1.259700,
0.00719140,0.000000,1.259700,
0.00719160,0.000000,1.259700,
0.00719180,0.000000,1.243452,
0.00719200,0.000000,1.227205,
0.00719220,-0.002441,1.227205,
0.00719240,-0.002441,1.243452,
0.00719260,0.002441,1.275947,
0.00719280,0.000000,1.275947,
0.00719300,0.000000,1.275947,
0.00719320,0.000000,1.259700,
0.00719340,0.000000,1.259700,
0.00719360,-0.002441,1.259700,
0.00719380,-0.002441,1.243452,
0.00719400,-0.002441,1.227205,
0.00719420,0.000000,1.243452,
0.00719440,0.000000,1.243452,
0.00719460,0.000000,1.259700,
0.00719480,0.000000,1.259700,
0.00719500,-0.002441,1.259700,
0.00719520,0.002441,1.259700,
0.00719540,-0.002441,1.243452,
0.00719560,-0.002441,1.259700,
0.00719580,0.000000,1.243452,
0.00719600,0.000000,1.259700,
0.00719620,0.000000,1.259700,
0.00719640,0.000000,1.259700,
0.00719660,0.000000,1.259700,
0.00719680,0.002441,1.275947,
0.00719700,-0.002441,1.243452,
0.00719720,-0.002441,1.259700,
0.00719740,0.002441,1.259700,
0.00719760,0.000000,1.259700,
0.00719780,0.000000,1.259700,
0.00719800,0.000000,1.259700,
0.00719820,0.002441,1.259700,
0.00719840,0.000000,1.259700,
0.00719860,0.000000,1.259700,
0.00719880,0.000000,1.275947,
0.00719900,0.000000,1.259700,
0.00719920,0.000000,1.259700,
0.00719940,0.000000,1.259700,
0.00719960,-0.002441,1.259700,
0.00719980,0.002441,1.275947,
0.00720000,-0.002441,1.259700,
0.00720020,0.000000,1.259700,
0.00720040,0.000000,1.259700,
0.00720060,0.000000,1.259700,
0.00720080,0.000000,1.275947,
0.00720100,0.000000,1.275947,
0.00720120,0.000000,1.259700,
0.00720140,0.000000,1.259700,
0.00720160,0.000000,1.259700,
0.00720180,0.000000,1.259700,
0.00720200,-0.002441,1.259700,
0.00720220,0.000000,1.275947,
0.00720240,0.000000,1.275947,
0.00720260,0.000000,1.259700,
0.00720280,0.000000,1.259700,
0.00720300,0.000000,1.275947,
0.00720320,0.000000,1.275947,
0.00720340,-0.002441,1.275947,
0.00720360,-0.002441,1.259700,
0.00720380,0.000000,1.259700,
0.00720400,0.000000,1.259700,
0.00720420,0.000000,1.275947,
0.00720440,-0.002441,1.275947,
0.00720460,0.000000,1.275947,
0.00720480,0.000000,1.275947,
0.00720500,0.000000,1.259700,
0.00720520,-0.002441,1.259700,
0.00720540,0.000000,1.275947,
0.00720560,0.000000,1.275947,
0.00720580,0.000000,1.275947,
0.00720600,-0.002441,1.259700,
0.00720620,-0.002441,1.259700,
0.00720640,0.000000,1.275947,
0.00720660,-0.002441,1.275947,
0.00720680,-0.002441,1.292195,
0.00720700,0.000000,1.275947,
0.00720720,-0.002441,1.275947,
0.00720740,0.000000,1.275947,
0.00720760,0.000000,1.275947,
0.00720780,0.000000,1.275947,
0.00720800,-0.002441,1.275947,
0.00720820,0.000000,1.275947,
0.00720840,0.000000,1.275947,
0.00720860,0.000000,1.292195,
0.00720880,0.000000,1.275947,
0.00720900,0.000000,1.275947,
0.00720920,0.000000,1.275947,
0.00720940,0.000000,1.292195,
0.00720960,0.000000,1.292195,
0.00720980,-0.002441,1.275947,
0.00721000,-0.002441,1.259700,
0.00721020,0.000000,1.259700,
0.00721040,0.000000,1.275947,
0.00721060,-0.002441,1.275947,
0.00721080,-0.004883,1.275947,
0.00721100,-0.002441,1.292195,
0.00721120,0.000000,1.292195,
0.00721140,-0.002441,1.292195,
0.00721160,-0.002441,1.292195,
0.00721180,0.000000,1.275947,
0.00721200,0.000000,1.259700,
0.00721220,0.000000,1.275947,
0.00721240,0.000000,1.275947,
0.00721260,-0.002441,1.275947,
0.00721280,0.000000,1.259700,
0.00721300,0.000000,1.275947,
0.00721320,0.002441,1.292195,
0.00721340,0.000000,1.292195,
0.00721360,0.000000,1.292195,
0.00721380,0.000000,1.292195,
0.00721400,-0.002441,1.275947,
0.00721420,0.000000,1.292195,
0.00721440,0.000000,1.275947,
0.00721460,0.000000,1.275947,
0.00721480,-0.002441,1.292195,
0.00721500,0.000000,1.292195,
0.00721520,0.000000,1.292195,
0.00721540,0.000000,1.275947,
0.00721560,0.000000,1.275947,
0.00721580,0.002441,1.292195,
0.00721600,-0.002441,1.275947,
0.00721620,0.000000,1.275947,
0.00721640,-0.002441,1.275947,
0.00721660,0.000000,1.292195,
0.00721680,0.000000,1.292195,
0.00721700,-0.002441,1.275947,
0.00721720,0.000000,1.275947,
0.00721740,0.000000,1.275947,
0.00721760,-0.002441,1.275947,
0.00721780,-0.002441,1.292195,
0.00721800,0.000000,1.292195,
0.00721820,0.000000,1.275947,
0.00721840,0.000000,1.292195,
0.00721860,0.000000,1.292195,
0.00721880,0.000000,1.292195,
0.00721900,-0.002441,1.292195,
0.00721920,-0.002441,1.292195,
0.00721940,0.000000,1.292195,
0.00721960,-0.002441,1.292195,
0.00721980,-0.002441,1.292195,
0.00722000,0.000000,1.292195,
0.00722020,0.002441,1.275947,
0.00722040,0.000000,1.275947,
0.00722060,0.000000,1.292195,
0.00722080,-0.002441,1.308443,
0.00722100,0.000000,1.308443,
0.00722120,-0.002441,1.292195,
0.00722140,0.000000,1.292195,
0.00722160,0.002441,1.292195,
0.00722180,0.000000,1.275947,
0.00722200,0.000000,1.275947,
0.00722220,0.002441,1.292195,
0.00722240,0.000000,1.292195,
0.00722260,0.000000,1.292195,
0.00722280,0.000000,1.292195,
0.00722300,0.000000,1.292195,
0.00722320,0.004883,1.308443,
0.00722340,0.000000,1.292195,
0.00722360,0.000000,1.292195,
0.00722380,0.004883,1.292195,
0.00722400,-0.002441,1.275947,
0.00722420,0.000000,1.275947,
0.00722440,0.000000,1.275947,
0.00722460,-0.002441,1.275947,
0.00722480,0.000000,1.292195,
0.00722500,0.000000,1.292195,
0.00722520,0.000000,1.275947,
0.00722540,0.002441,1.292195,
0.00722560,-0.002441,1.292195,
0.00722580,0.000000,1.292195,
0.00722600,-0.002441,1.292195,
0.00722620,-0.002441,1.292195,
0.00722640,0.000000,1.292195,
0.00722660,0.000000,1.292195,
0.00722680,-0.002441,1.292195,
0.00722700,0.002441,1.275947,
0.00722720,0.000000,1.275947,
0.00722740,0.000000,1.275947,
0.00722760,-0.002441,1.292195,
0.00722780,0.000000,1.308443,
0.00722800,0.000000,1.308443,
0.00722820,0.000000,1.308443,
0.00722840,0.000000,1.292195,
0.00722860,-0.002441,1.275947,
0.00722880,0.000000,1.292195,
0.00722900,-0.002441,1.275947,
0.00722920,0.000000,1.259700,
0.00722940,-0.004883,1.259700,
0.00722960,0.000000,1.292195,
0.00722980,0.000000,1.308443,
0.00723000,0.000000,1.308443,
0.00723020,-0.002441,1.308443,
0.00723040,0.000000,1.292195,
0.00723060,0.000000,1.275947,
0.00723080,-0.002441,1.292195,
0.00723100,0.000000,1.292195,
0.00723120,0.000000,1.292195,
0.00723140,0.000000,1.292195,
0.00723160,0.000000,1.292195,
0.00723180,0.002441,1.292195,
0.00723200,0.000000,1.308443,
0.00723220,0.000000,1.292195,
0.00723240,-0.002441,1.292195,
0.00723260,-0.002441,1.292195,
0.00723280,0.000000,1.292195,
0.00723300,0.000000,1.292195,
0.00723320,-0.002441,1.292195,
0.00723340,-0.002441,1.292195,
0.00723360,-0.002441,1.292195,
0.00723380,0.000000,1.292195,
0.00723400,0.000000,1.308443,
0.00723420,0.000000,1.292195,
0.00723440,-0.002441,1.292195,
0.00723460,0.000000,1.292195,
0.00723480,-0.002441,1.292195,
0.00723500,0.000000,1.308443,
0.00723520,0.000000,1.308443,
0.00723540,-0.002441,1.292195,
0.00723560,0.000000,1.292195,
0.00723580,0.000000,1.292195,
0.00723600,-0.002441,1.292195,
0.00723620,0.000000,1.292195,
0.00723640,0.000000,1.292195,
0.00723660,0.000000,1.308443,
0.00723680,0.000000,1.292195,
0.00723700,-0.002441,1.292195,
0.00723720,-0.002441,1.275947,
0.00723740,-0.002441,1.292195,
0.00723760,0.000000,1.308443,
0.00723780,0.000000,1.292195,
0.00723800,0.000000,1.308443,
0.00723820,-0.004883,1.292195,
0.00723840,0.000000,1.308443,
0.00723860,0.000000,1.308443,
0.00723880,0.000000,1.292195,
0.00723900,0.000000,1.308443,
0.00723920,0.000000,1.292195,
0.00723940,0.000000,1.292195,
0.00723960,0.000000,1.308443,
0.00723980,0.000000,1.324690,
0.00724000,-0.002441,1.308443,
0.00724020,0.000000,1.292195,
0.00724040,-0.002441,1.292195,
0.00724060,-0.002441,1.308443,
0.00724080,0.000000,1.308443,
0.00724100,0.000000,1.308443,
0.00724120,-0.002441,1.292195,
0.00724140,-0.002441,1.292195,
0.00724160,0.000000,1.308443,
0.00724180,0.000000,1.308443,
0.00724200,-0.002441,1.292195,
0.00724220,0.000000,1.308443,
0.00724240,0.000000,1.324690,
0.00724260,0.000000,1.324690,
0.00724280,0.000000,1.292195,
0.00724300,0.000000,1.292195,
0.00724320,0.000000,1.308443,
0.00724340,0.000000,1.308443,
0.00724360,-0.002441,1.292195,
0.00724380,0.000000,1.308443,
0.00724400,0.002441,1.324690,
0.00724420,0.000000,1.308443,
0.00724440,-0.002441,1.308443,
0.00724460,-0.002441,1.308443,
0.00724480,0.000000,1.308443,
0.00724500,-0.002441,1.292195,
0.00724520,-0.002441,1.292195,
0.00724540,-0.002441,1.292195,
0.00724560,0.000000,1.308443,
0.00724580,-0.002441,1.308443,
0.00724600,0.000000,1.308443,
0.00724620,0.000000,1.324690,
0.00724640,0.000000,1.324690,
0.00724660,0.000000,1.324690,
0.00724680,-0.002441,1.308443,
0.00724700,0.002441,1.292195,
0.00724720,0.000000,1.308443,
0.00724740,-0.002441,1.292195,
0.00724760,-0.002441,1.292195,
0.00724780,-0.002441,1.292195,
0.00724800,0.000000,1.308443,
0.00724820,0.000000,1.308443,
0.00724840,-0.002441,1.308443,
0.00724860,-0.002441,1.308443,
0.00724880,0.000000,1.324690,
0.00724900,0.000000,1.308443,
0.00724920,0.000000,1.292195,
0.00724940,0.000000,1.308443,
0.00724960,0.000000,1.308443,
0.00724980,0.000000,1.308443,
0.00725000,-0.002441,1.308443,
0.00725020,-0.002441,1.308443,
0.00725040,0.000000,1.324690,
0.00725060,0.000000,1.308443,
0.00725080,0.000000,1.308443,
0.00725100,-0.002441,1.308443,
0.00725120,-0.002441,1.308443,
0.00725140,0.000000,1.308443,
0.00725160,-0.002441,1.308443,
0.00725180,-0.002441,1.308443,
0.00725200,0.000000,1.308443,
0.00725220,-0.002441,1.292195,
0.00725240,0.000000,1.308443,
0.00725260,-0.002441,1.308443,
0.00725280,0.002441,1.324690,
0.00725300,0.000000,1.324690,
0.00725320,0.000000,1.324690,
0.00725340,-0.002441,1.308443,
0.00725360,0.000000,1.292195,
0.00725380,-0.002441,1.308443,
0.00725400,0.000000,1.308443,
0.00725420,-0.002441,1.308443,
0.00725440,0.000000,1.324690,
0.00725460,0.000000,1.324690,
0.00725480,0.000000,1.308443,
0.00725500,-0.002441,1.308443,
0.00725520,-0.002441,1.308443,
0.00725540,0.000000,1.308443,
0.00725560,0.000000,1.308443,
0.00725580,0.000000,1.308443,
0.00725600,0.000000,1.308443,
0.00725620,0.000000,1.308443,
0.00725640,0.000000,1.308443,
0.00725660,0.000000,1.308443,
0.00725680,0.000000,1.308443,
0.00725700,-0.002441,1.308443,
0.00725720,0.000000,1.308443,
0.00725740,-0.002441,1.308443,
0.00725760,-0.002441,1.308443,
0.00725780,-0.002441,1.308443,
0.00725800,-0.002441,1.308443,
0.00725820,-0.002441,1.308443,
0.00725840,0.000000,1.308443,
0.00725860,-0.002441,1.308443,
0.00725880,-0.002441,1.308443,
0.00725900,-0.002441,1.292195,
0.00725920,0.000000,1.308443,
0.00725940,0.000000,1.308443,
0.00725960,-0.002441,1.292195,
0.00725980,0.000000,1.292195,
0.00726000,0.000000,1.308443,
0.00726020,0.000000,1.292195,
0.00726040,0.000000,1.308443,
0.00726060,0.000000,1.308443,
0.00726080,0.002441,1.292195,
0.00726100,-0.002441,1.308443,
0.00726120,0.000000,1.308443,
0.00726140,0.000000,1.308443,
0.00726160,0.000000,1.308443,
0.00726180,0.000000,1.292195,
0.00726200,0.000000,1.292195,
0.00726220,0.000000,1.292195,
0.00726240,0.000000,1.292195,
0.00726260,0.000000,1.308443,
0.00726280,-0.002441,1.308443,
0.00726300,-0.002441,1.308443,
0.00726320,-0.002441,1.324690,
0.00726340,0.000000,1.324690,
0.00726360,-0.002441,1.308443,
0.00726380,-0.004883,1.275947,
0.00726400,0.000000,1.275947,
0.00726420,0.000000,1.275947,
0.00726440,-0.002441,1.292195,
0.00726460,-0.002441,1.308443,
0.00726480,0.000000,1.324690,
0.00726500,0.000000,1.324690,
0.00726520,0.000000,1.324690,
0.00726540,-0.002441,1.308443,
0.00726560,-0.002441,1.308443,
0.00726580,-0.002441,1.308443,
0.00726600,-0.002441,1.308443,
0.00726620,-0.004883,1.292195,
0.00726640,0.000000,1.308443,
0.00726660,0.000000,1.308443,
0.00726680,0.000000,1.324690,
0.00726700,0.000000,1.308443,
0.00726720,0.000000,1.308443,
0.00726740,0.000000,1.292195,
0.00726760,0.000000,1.292195,
0.00726780,-0.002441,1.292195,
0.00726800,-0.002441,1.308443,
0.00726820,0.000000,1.308443,
0.00726840,0.000000,1.308443,
0.00726860,-0.004883,1.292195,
0.00726880,0.000000,1.308443,
0.00726900,0.000000,1.308443,
0.00726920,0.000000,1.308443,
0.00726940,0.000000,1.292195,
0.00726960,0.000000,1.292195,
0.00726980,0.000000,1.308443,
0.00727000,-0.002441,1.308443,
0.00727020,0.000000,1.308443,
0.00727040,0.000000,1.308443,
0.00727060,-0.002441,1.292195,
0.00727080,0.000000,1.308443,
0.00727100,0.000000,1.308443,
0.00727120,0.000000,1.308443,
0.00727140,0.000000,1.308443,
0.00727160,0.000000,1.308443,
0.00727180,0.002441,1.308443,
0.00727200,0.000000,1.308443,
0.00727220,0.000000,1.308443,
0.00727240,0.000000,1.308443,
0.00727260,-0.002441,1.308443,
0.00727280,-0.002441,1.308443,
0.00727300,0.000000,1.308443,
0.00727320,-0.002441,1.292195,
0.00727340,0.000000,1.308443,
0.00727360,-0.002441,1.308443,
0.00727380,0.000000,1.308443,
0.00727400,-0.002441,1.292195,
0.00727420,-0.002441,1.292195,
0.00727440,-0.002441,1.292195,
0.00727460,0.000000,1.292195,
0.00727480,-0.002441,1.308443,
0.00727500,-0.002441,1.308443,
0.00727520,-0.002441,1.292195,
0.00727540,0.000000,1.292195,
0.00727560,-0.002441,1.292195,
0.00727580,-0.002441,1.308443,
0.00727600,-0.002441,1.308443,
0.00727620,0.000000,1.324690,
0.00727640,0.000000,1.308443,
0.00727660,-0.002441,1.308443,
0.00727680,0.002441,1.308443,
0.00727700,0.000000,1.308443,
0.00727720,-0.002441,1.308443,
0.00727740,-0.002441,1.308443,
0.00727760,0.000000,1.308443,
0.00727780,0.000000,1.324690,
0.00727800,0.000000,1.324690,
0.00727820,0.000000,1.308443,
0.00727840,0.004883,1.308443,
0.00727860,-0.002441,1.308443,
0.00727880,-0.002441,1.308443,
0.00727900,-0.002441,1.308443,
0.00727920,0.000000,1.308443,
0.00727940,0.000000,1.308443,
0.00727960,0.002441,1.308443,
0.00727980,-0.002441,1.308443,
0.00728000,0.000000,1.308443,
0.00728020,0.000000,1.308443,
0.00728040,-0.002441,1.308443,
0.00728060,0.000000,1.292195,
0.00728080,-0.002441,1.308443,
0.00728100,0.000000,1.292195,
0.00728120,0.000000,1.308443,
0.00728140,0.000000,1.324690,
0.00728160,-0.002441,1.324690,
0.00728180,0.000000,1.324690,
0.00728200,0.000000,1.308443,
0.00728220,0.000000,1.308443,
0.00728240,-0.002441,1.292195,
0.00728260,0.000000,1.308443,
0.00728280,-0.002441,1.308443,
0.00728300,0.000000,1.292195,
0.00728320,0.000000,1.308443,
0.00728340,0.002441,1.324690,
0.00728360,-0.002441,1.324690,
0.00728380,0.000000,1.292195,
0.00728400,0.000000,1.292195,
0.00728420,-0.002441,1.308443,
0.00728440,-0.002441,1.324690,
0.00728460,-0.002441,1.308443,
0.00728480,0.000000,1.292195,
0.00728500,-0.002441,1.308443,
0.00728520,-0.002441,1.292195,
0.00728540,-0.002441,1.308443,
0.00728560,-0.002441,1.308443,
0.00728580,0.000000,1.324690,
0.00728600,-0.002441,1.308443,
0.00728620,-0.002441,1.308443,
0.00728640,-0.002441,1.308443,
0.00728660,0.000000,1.308443,
0.00728680,-0.002441,1.308443,
0.00728700,-0.002441,1.324690,
0.00728720,-0.002441,1.292195,
0.00728740,0.000000,1.308443,
0.00728760,0.000000,1.324690,
0.00728780,-0.002441,1.324690,
0.00728800,-0.004883,1.308443,
0.00728820,0.000000,1.308443,
0.00728840,-0.002441,1.308443,
0.00728860,-0.002441,1.308443,
0.00728880,0.000000,1.308443,
0.00728900,-0.002441,1.292195,
0.00728920,0.000000,1.308443,
0.00728940,0.000000,1.324690,
0.00728960,0.000000,1.340938,
0.00728980,0.000000,1.324690,
0.00729000,0.000000,1.308443,
0.00729020,0.000000,1.308443,
0.00729040,-0.002441,1.324690,
0.00729060,-0.002441,1.324690,
0.00729080,0.000000,1.308443,
0.00729100,-0.002441,1.308443,
0.00729120,-0.002441,1.308443,
0.00729140,0.000000,1.308443,
0.00729160,0.000000,1.308443,
0.00729180,-0.002441,1.308443,
0.00729200,-0.002441,1.308443,
0.00729220,0.000000,1.324690,
0.00729240,0.000000,1.308443,
0.00729260,0.000000,1.308443,
0.00729280,0.000000,1.308443,
0.00729300,0.000000,1.308443,
0.00729320,-0.002441,1.308443,
0.00729340,-0.002441,1.292195,
0.00729360,-0.002441,1.308443,
0.00729380,-0.002441,1.308443,
0.00729400,0.000000,1.308443,
0.00729420,0.000000,1.308443,
0.00729440,-0.002441,1.308443,
0.00729460,0.000000,1.308443,
0.00729480,0.000000,1.308443,
0.00729500,-0.002441,1.292195,
0.00729520,0.000000,1.292195,
0.00729540,0.000000,1.308443,
0.00729560,0.000000,1.324690,
0.00729580,0.002441,1.308443,
0.00729600,0.002441,1.308443,
0.00729620,0.000000,1.308443,
0.00729640,0.000000,1.308443,
0.00729660,-0.002441,1.292195,
0.00729680,-0.002441,1.292195,
0.00729700,0.000000,1.292195,
0.00729720,-0.002441,1.308443,
0.00729740,0.000000,1.308443,
0.00729760,0.000000,1.292195,
0.00729780,0.000000,1.308443,
0.00729800,0.000000,1.308443,
0.00729820,0.002441,1.324690,
0.00729840,0.000000,1.324690,
0.00729860,-0.002441,1.308443,
0.00729880,0.000000,1.292195,
0.00729900,0.000000,1.292195,
0.00729920,-0.002441,1.292195,
0.00729940,0.000000,1.292195,
0.00729960,-0.002441,1.292195,
0.00729980,-0.002441,1.292195,
0.00730000,0.000000,1.324690,
0.00730020,0.000000,1.324690,
0.00730040,0.000000,1.324690,
0.00730060,0.000000,1.308443,
0.00730080,0.000000,1.292195,
0.00730100,-0.002441,1.308443,
0.00730120,-0.002441,1.292195,
0.00730140,-0.002441,1.292195,
0.00730160,0.000000,1.292195,
0.00730180,0.000000,1.308443,
0.00730200,0.000000,1.308443,
0.00730220,-0.002441,1.308443,
0.00730240,0.000000,1.292195,
0.00730260,0.000000,1.292195,
0.00730280,0.000000,1.292195,
0.00730300,-0.004883,1.275947,
0.00730320,-0.002441,1.292195,
0.00730340,0.000000,1.308443,
0.00730360,0.000000,1.308443,
0.00730380,0.000000,1.308443,
0.00730400,0.000000,1.292195,
0.00730420,0.000000,1.292195,
0.00730440,-0.002441,1.292195,
0.00730460,-0.002441,1.292195,
0.00730480,-0.002441,1.292195,
0.00730500,-0.002441,1.292195,
0.00730520,0.000000,1.292195,
0.00730540,0.000000,1.308443,
0.00730560,-0.002441,1.292195,
0.00730580,0.000000,1.292195,
0.00730600,-0.002441,1.292195,
0.00730620,-0.002441,1.292195,
0.00730640,0.000000,1.292195,
0.00730660,0.000000,1.292195,
0.00730680,-0.002441,1.292195,
0.00730700,-0.002441,1.292195,
0.00730720,0.000000,1.292195,
0.00730740,0.000000,1.308443,
0.00730760,-0.002441,1.292195,
0.00730780,-0.004883,1.275947,
0.00730800,-0.002441,1.292195,
0.00730820,0.000000,1.292195,
0.00730840,0.000000,1.292195,
0.00730860,-0.002441,1.275947,
0.00730880,0.000000,1.275947,
0.00730900,0.000000,1.292195,
0.00730920,0.000000,1.275947,
0.00730940,0.000000,1.292195,
0.00730960,-0.002441,1.275947,
0.00730980,0.000000,1.292195,
0.00731000,0.000000,1.292195,
0.00731020,-0.002441,1.292195,
0.00731040,-0.002441,1.292195,
0.00731060,-0.002441,1.275947,
0.00731080,-0.002441,1.275947,
0.00731100,-0.002441,1.275947,
0.00731120,-0.002441,1.292195,
0.00731140,0.000000,1.292195,
0.00731160,0.000000,1.292195,
0.00731180,0.000000,1.292195,
0.00731200,0.000000,1.275947,
0.00731220,0.000000,1.275947,
0.00731240,-0.002441,1.275947,
0.00731260,-0.002441,1.275947,
0.00731280,0.000000,1.275947,
0.00731300,-0.002441,1.292195,
0.00731320,-0.002441,1.292195,
0.00731340,0.000000,1.292195,
0.00731360,-0.002441,1.292195,
0.00731380,0.000000,1.292195,
0.00731400,-0.002441,1.292195,
0.00731420,-0.002441,1.275947,
0.00731440,-0.002441,1.275947,
0.00731460,0.000000,1.292195,
0.00731480,0.000000,1.292195,
0.00731500,-0.002441,1.292195,
0.00731520,-0.002441,1.292195,
0.00731540,-0.002441,1.275947,
0.00731560,0.000000,1.275947,
0.00731580,0.000000,1.275947,
0.00731600,-0.002441,1.275947,
0.00731620,0.000000,1.292195,
0.00731640,0.000000,1.292195,
0.00731660,-0.002441,1.292195,
0.00731680,0.000000,1.308443,
0.00731700,0.000000,1.308443,
0.00731720,-0.002441,1.292195,
0.00731740,-0.002441,1.275947,
0.00731760,-0.002441,1.259700,
0.00731780,-0.002441,1.275947,
0.00731800,-0.002441,1.292195,
0.00731820,0.000000,1.292195,
0.00731840,-0.002441,1.292195,
0.00731860,-0.002441,1.292195,
0.00731880,-0.002441,1.292195,
0.00731900,-0.002441,1.292195,
0.00731920,0.000000,1.292195,
0.00731940,0.000000,1.275947,
0.00731960,-0.002441,1.292195,
0.00731980,0.000000,1.292195,
0.00732000,0.000000,1.275947,
0.00732020,-0.002441,1.275947,
0.00732040,-0.002441,1.292195,
0.00732060,-0.002441,1.292195,
0.00732080,-0.002441,1.292195,
0.00732100,-0.002441,1.292195,
0.00732120,0.000000,1.292195,
0.00732140,0.000000,1.275947,
0.00732160,-0.004883,1.275947,
0.00732180,-0.002441,1.292195,
0.00732200,0.000000,1.275947,
0.00732220,-0.002441,1.275947,
0.00732240,-0.002441,1.292195,
0.00732260,-0.002441,1.292195,
0.00732280,-0.002441,1.292195,
0.00732300,0.000000,1.292195,
0.00732320,-0.002441,1.292195,
0.00732340,-0.002441,1.292195,
0.00732360,-0.002441,1.292195,
0.00732380,0.000000,1.292195,
0.00732400,0.000000,1.275947,
0.00732420,0.000000,1.275947,
0.00732440,-0.002441,1.292195,
0.00732460,0.000000,1.292195,
0.00732480,0.000000,1.292195,
0.00732500,0.000000,1.292195,
0.00732520,0.000000,1.275947,
0.00732540,-0.002441,1.275947,
0.00732560,-0.002441,1.292195,
0.00732580,-0.002441,1.292195,
0.00732600,0.000000,1.292195,
0.00732620,-0.002441,1.275947,
0.00732640,-0.002441,1.275947,
0.00732660,-0.002441,1.292195,
0.00732680,0.000000,1.292195,
0.00732700,-0.002441,1.275947,
0.00732720,-0.002441,1.275947,
0.00732740,-0.002441,1.275947,
0.00732760,-0.002441,1.292195,
0.00732780,-0.002441,1.275947,
0.00732800,0.000000,1.275947,
0.00732820,0.000000,1.292195,
0.00732840,-0.002441,1.292195,
0.00732860,-0.002441,1.292195,
0.00732880,-0.002441,1.275947,
0.00732900,0.000000,1.275947,
0.00732920,0.000000,1.275947,
0.00732940,0.000000,1.292195,
0.00732960,-0.002441,1.275947,
0.00732980,-0.002441,1.275947,
0.00733000,0.000000,1.275947,
0.00733020,-0.004883,1.259700,
0.00733040,-0.002441,1.275947,
0.00733060,-0.002441,1.275947,
0.00733080,0.000000,1.292195,
0.00733100,0.000000,1.292195,
0.00733120,-0.002441,1.292195,
0.00733140,0.000000,1.275947,
0.00733160,0.000000,1.275947,
0.00733180,-0.002441,1.275947,
0.00733200,0.000000,1.259700,
0.00733220,0.000000,1.259700,
0.00733240,0.000000,1.259700,
0.00733260,-0.002441,1.259700,
0.00733280,-0.002441,1.259700,
0.00733300,0.002441,1.275947,
0.00733320,0.000000,1.275947,
0.00733340,-0.002441,1.292195,
0.00733360,-0.002441,1.292195,
0.00733380,-0.002441,1.275947,
0.00733400,0.000000,1.259700,
0.00733420,0.000000,1.259700,
0.00733440,-0.002441,1.259700,
0.00733460,0.002441,1.275947,
0.00733480,0.000000,1.292195,
0.00733500,0.000000,1.292195,
0.00733520,-0.002441,1.275947,
0.00733540,0.000000,1.275947,
0.00733560,0.000000,1.275947,
0.00733580,0.000000,1.259700,
0.00733600,-0.002441,1.259700,
0.00733620,0.000000,1.259700,
0.00733640,-0.002441,1.275947,
0.00733660,-0.002441,1.275947,
0.00733680,-0.002441,1.259700,
0.00733700,-0.002441,1.259700,
0.00733720,-0.002441,1.259700,
0.00733740,-0.002441,1.259700,
0.00733760,0.000000,1.259700,
0.00733780,-0.002441,1.243452,
0.00733800,-0.002441,1.259700,
0.00733820,-0.002441,1.275947,
0.00733840,-0.002441,1.259700,
0.00733860,-0.002441,1.259700,
0.00733880,0.000000,1.259700,
0.00733900,-0.002441,1.275947,
0.00733920,0.002441,1.275947,
0.00733940,-0.002441,1.259700,
0.00733960,0.000000,1.259700,
0.00733980,0.000000,1.259700,
0.00734000,-0.002441,1.259700,
0.00734020,-0.002441,1.259700,
0.00734040,0.000000,1.259700,
0.00734060,0.000000,1.259700,
0.00734080,-0.002441,1.243452,
0.00734100,0.000000,1.243452,
0.00734120,-0.002441,1.259700,
0.00734140,-0.002441,1.259700,
0.00734160,-0.002441,1.243452,
0.00734180,0.000000,1.243452,
0.00734200,-0.002441,1.243452,
0.00734220,0.000000,1.259700,
0.00734240,-0.002441,1.259700,
0.00734260,0.000000,1.259700,
0.00734280,-0.002441,1.259700,
0.00734300,-0.002441,1.259700,
0.00734320,-0.002441,1.243452,
0.00734340,0.000000,1.243452,
0.00734360,-0.002441,1.243452,
0.00734380,0.000000,1.259700,
0.00734400,-0.002441,1.259700,
0.00734420,0.000000,1.275947,
0.00734440,-0.002441,1.259700,
0.00734460,-0.002441,1.243452,
0.00734480,-0.002441,1.243452,
0.00734500,0.000000,1.243452,
0.00734520,0.000000,1.259700,
0.00734540,0.000000,1.259700,
0.00734560,-0.002441,1.259700,
0.00734580,-0.004883,1.243452,
0.00734600,0.000000,1.259700,
0.00734620,-0.002441,1.259700,
0.00734640,-0.002441,1.243452,
0.00734660,-0.002441,1.259700,
0.00734680,0.000000,1.259700,
0.00734700,0.000000,1.243452,
0.00734720,-0.002441,1.243452,
0.00734740,-0.002441,1.243452,
0.00734760,-0.002441,1.243452,
0.00734780,-0.002441,1.243452,
0.00734800,-0.002441,1.243452,
0.00734820,-0.002441,1.243452,
0.00734840,0.000000,1.259700,
0.00734860,0.000000,1.259700,
0.00734880,-0.002441,1.259700,
0.00734900,0.000000,1.243452,
0.00734920,0.000000,1.243452,
0.00734940,-0.002441,1.243452,
0.00734960,-0.002441,1.227205,
0.00734980,0.002441,1.259700,
0.00735000,0.000000,1.259700,
0.00735020,0.000000,1.243452,
0.00735040,0.000000,1.243452,
0.00735060,-0.002441,1.227205,
0.00735080,0.000000,1.227205,
0.00735100,-0.002441,1.243452,
0.00735120,-0.004883,1.227205,
0.00735140,-0.002441,1.259700,
0.00735160,-0.002441,1.259700,
0.00735180,0.000000,1.259700,
0.00735200,-0.002441,1.243452,
0.00735220,-0.002441,1.227205,
0.00735240,-0.002441,1.243452,
0.00735260,-0.002441,1.243452,
0.00735280,-0.002441,1.227205,
0.00735300,-0.002441,1.243452,
0.00735320,-0.002441,1.243452,
0.00735340,0.000000,1.243452,
0.00735360,0.000000,1.243452,
0.00735380,0.000000,1.243452,
0.00735400,0.000000,1.259700,
0.00735420,0.000000,1.259700,
0.00735440,-0.002441,1.243452,
0.00735460,-0.002441,1.227205,
0.00735480,-0.002441,1.243452,
0.00735500,0.000000,1.243452,
0.00735520,-0.002441,1.243452,
0.00735540,-0.002441,1.243452,
0.00735560,-0.002441,1.259700,
0.00735580,-0.002441,1.227205,
0.00735600,-0.004883,1.227205,
0.00735620,0.000000,1.227205,
0.00735640,-0.002441,1.227205,
0.00735660,-0.002441,1.243452,
0.00735680,0.000000,1.259700,
0.00735700,-0.002441,1.243452,
0.00735720,0.000000,1.243452,
0.00735740,0.000000,1.243452,
0.00735760,-0.002441,1.243452,
0.00735780,-0.002441,1.243452,
0.00735800,0.000000,1.243452,
0.00735820,0.000000,1.243452,
0.00735840,-0.002441,1.227205,
0.00735860,-0.002441,1.227205,
0.00735880,-0.002441,1.243452,
0.00735900,-0.002441,1.243452,
0.00735920,-0.002441,1.243452,
0.00735940,-0.002441,1.243452,
0.00735960,-0.002441,1.243452,
0.00735980,0.000000,1.243452,
0.00736000,0.000000,1.243452,
0.00736020,0.000000,1.227205,
0.00736040,-0.002441,1.243452,
0.00736060,0.000000,1.227205,
0.00736080,0.000000,1.210957,
0.00736100,-0.002441,1.227205,
0.00736120,-0.002441,1.243452,
0.00736140,0.000000,1.243452,
0.00736160,0.000000,1.227205,
0.00736180,0.000000,1.243452,
0.00736200,0.000000,1.243452,
0.00736220,-0.002441,1.243452,
0.00736240,-0.002441,1.227205,
0.00736260,-0.002441,1.227205,
0.00736280,0.000000,1.243452,
0.00736300,-0.002441,1.243452,
0.00736320,0.000000,1.259700,
0.00736340,-0.002441,1.243452,
0.00736360,0.000000,1.227205,
0.00736380,0.000000,1.210957,
0.00736400,-0.002441,1.227205,
0.00736420,-0.002441,1.227205,
0.00736440,0.000000,1.227205,
0.00736460,-0.002441,1.243452,
0.00736480,0.000000,1.227205,
0.00736500,0.000000,1.227205,
0.00736520,0.000000,1.227205,
0.00736540,0.000000,1.227205,
0.00736560,0.000000,1.243452,
0.00736580,-0.002441,1.227205,
0.00736600,-0.002441,1.227205,
0.00736620,0.000000,1.227205,
0.00736640,0.000000,1.227205,
0.00736660,-0.002441,1.227205,
0.00736680,0.000000,1.243452,
0.00736700,-0.002441,1.210957,
0.00736720,-0.002441,1.227205,
0.00736740,-0.002441,1.227205,
0.00736760,0.000000,1.227205,
0.00736780,-0.002441,1.227205,
0.00736800,0.000000,1.227205,
0.00736820,-0.002441,1.227205,
0.00736840,-0.002441,1.243452,
0.00736860,-0.002441,1.259700,
0.00736880,0.000000,1.243452,
0.00736900,-0.002441,1.227205,
0.00736920,-0.002441,1.210957,
0.00736940,0.000000,1.210957,
0.00736960,0.000000,1.227205,
0.00736980,-0.002441,1.227205,
0.00737000,-0.002441,1.210957,
0.00737020,0.000000,1.243452,
0.00737040,-0.002441,1.227205,
0.00737060,-0.002441,1.243452,
0.00737080,0.000000,1.243452,
0.00737100,-0.002441,1.243452,
0.00737120,-0.002441,1.243452,
0.00737140,-0.002441,1.227205,
0.00737160,0.000000,1.227205,
0.00737180,-0.004883,1.227205,
0.00737200,-0.002441,1.227205,
0.00737220,-0.002441,1.227205,
0.00737240,-0.002441,1.227205,
0.00737260,0.000000,1.243452,
0.00737280,-0.002441,1.227205,
0.00737300,-0.002441,1.227205,
0.00737320,0.000000,1.243452,
0.00737340,0.000000,1.227205,
0.00737360,-0.002441,1.227205,
0.00737380,-0.002441,1.210957,
0.00737400,0.000000,1.227205,
0.00737420,0.000000,1.227205,
0.00737440,0.000000,1.227205,
0.00737460,-0.002441,1.227205,
0.00737480,-0.002441,1.243452,
0.00737500,-0.002441,1.227205,
0.00737520,0.000000,1.227205,
0.00737540,-0.002441,1.227205,
0.00737560,0.000000,1.227205,
0.00737580,-0.002441,1.227205,
0.00737600,0.000000,1.227205,
0.00737620,0.000000,1.227205,
0.00737640,-0.002441,1.227205,
0.00737660,0.000000,1.227205,
0.00737680,0.000000,1.227205,
0.00737700,-0.002441,1.227205,
0.00737720,-0.002441,1.227205,
0.00737740,0.000000,1.227205,
0.00737760,-0.002441,1.227205,
0.00737780,-0.002441,1.227205,
0.00737800,0.000000,1.227205,
0.00737820,-0.002441,1.227205,
0.00737840,-0.002441,1.210957,
0.00737860,-0.002441,1.227205,
0.00737880,-0.002441,1.227205,
0.00737900,0.000000,1.243452,
0.00737920,0.000000,1.243452,
0.00737940,-0.002441,1.227205,
0.00737960,0.000000,1.227205,
0.00737980,-0.002441,1.210957,
0.00738000,-0.002441,1.210957,
0.00738020,-0.002441,1.210957,
0.00738040,0.000000,1.227205,
0.00738060,0.000000,1.227205,
0.00738080,0.000000,1.227205,
0.00738100,-0.002441,1.227205,
0.00738120,0.000000,1.227205,
0.00738140,0.000000,1.227205,
0.00738160,-0.002441,1.210957,
0.00738180,-0.004883,1.210957,
0.00738200,0.000000,1.227205,
0.00738220,0.000000,1.227205,
0.00738240,-0.002441,1.227205,
0.00738260,-0.002441,1.227205,
0.00738280,0.000000,1.227205,
0.00738300,-0.002441,1.227205,
0.00738320,0.000000,1.227205,
0.00738340,-0.002441,1.210957,
0.00738360,-0.002441,1.210957,
0.00738380,0.000000,1.227205,
0.00738400,0.002441,1.243452,
0.00738420,-0.002441,1.227205,
0.00738440,-0.002441,1.227205,
0.00738460,0.000000,1.227205,
0.00738480,0.000000,1.227205,
0.00738500,-0.002441,1.227205,
0.00738520,-0.002441,1.227205,
0.00738540,0.000000,1.243452,
0.00738560,-0.002441,1.210957,
0.00738580,0.000000,1.194710,
0.00738600,-0.002441,1.210957,
0.00738620,-0.002441,1.227205,
0.00738640,-0.002441,1.243452,
0.00738660,-0.002441,1.243452,
0.00738680,-0.002441,1.243452,
0.00738700,0.000000,1.227205,
0.00738720,-0.002441,1.227205,
0.00738740,0.000000,1.210957,
0.00738760,0.000000,1.210957,
0.00738780,0.000000,1.210957,
0.00738800,0.000000,1.227205,
0.00738820,-0.002441,1.227205,
0.00738840,0.000000,1.227205,
0.00738860,0.000000,1.227205,
0.00738880,0.000000,1.227205,
0.00738900,0.000000,1.227205,
0.00738920,0.002441,1.227205,
0.00738940,-0.002441,1.210957,
0.00738960,-0.002441,1.210957,
0.00738980,-0.002441,1.210957,
0.00739000,-0.002441,1.227205,
0.00739020,0.000000,1.227205,
0.00739040,-0.002441,1.227205,
0.00739060,-0.002441,1.227205,
0.00739080,0.002441,1.227205,
0.00739100,-0.002441,1.210957,
0.00739120,-0.002441,1.227205,
0.00739140,-0.002441,1.210957,
0.00739160,-0.002441,1.210957,
0.00739180,-0.002441,1.227205,
0.00739200,0.000000,1.227205,
0.00739220,-0.002441,1.227205,
0.00739240,0.000000,1.227205,
0.00739260,-0.002441,1.227205,
0.00739280,-0.002441,1.210957,
0.00739300,-0.002441,1.210957,
0.00739320,0.000000,1.227205,
0.00739340,-0.002441,1.227205,
0.00739360,0.000000,1.227205,
0.00739380,-0.002441,1.210957,
0.00739400,0.000000,1.210957,
0.00739420,-0.002441,1.227205,
0.00739440,-0.002441,1.227205,
0.00739460,-0.002441,1.227205,
0.00739480,-0.002441,1.227205,
0.00739500,-0.002441,1.227205,
0.00739520,-0.002441,1.227205,
0.00739540,0.000000,1.210957,
0.00739560,-0.002441,1.210957,
0.00739580,0.000000,1.227205,
0.00739600,-0.002441,1.227205,
0.00739620,-0.002441,1.227205,
0.00739640,-0.002441,1.227205,
0.00739660,-0.002441,1.227205,
0.00739680,-0.002441,1.227205,
0.00739700,0.000000,1.227205,
0.00739720,-0.002441,1.210957,
0.00739740,-0.002441,1.227205,
0.00739760,-0.002441,1.227205,
0.00739780,-0.002441,1.227205,
0.00739800,-0.002441,1.210957,
0.00739820,0.000000,1.210957,
0.00739840,0.000000,1.227205,
0.00739860,-0.002441,1.227205,
0.00739880,-0.002441,1.227205,
0.00739900,0.000000,1.243452,
0.00739920,-0.002441,1.210957,
0.00739940,-0.002441,1.227205,
0.00739960,-0.002441,1.227205,
0.00739980,0.000000,1.227205,
0.00740000,0.000000,1.243452,
0.00740020,0.000000,1.227205,
0.00740040,0.000000,1.227205,
0.00740060,-0.002441,1.227205,
0.00740080,0.000000,1.227205,
0.00740100,-0.002441,1.227205,
0.00740120,-0.002441,1.227205,
0.00740140,-0.002441,1.227205,
0.00740160,0.000000,1.227205,
0.00740180,0.000000,1.227205,
0.00740200,-0.002441,1.227205,
0.00740220,-0.002441,1.243452,
0.00740240,-0.002441,1.227205,
0.00740260,-0.002441,1.210957,
0.00740280,-0.002441,1.210957,
0.00740300,0.000000,1.210957,
0.00740320,0.000000,1.227205,
0.00740340,-0.002441,1.227205,
0.00740360,-0.004883,1.243452,
0.00740380,0.002441,1.259700,
0.00740400,-0.002441,1.227205,
0.00740420,-0.002441,1.194710,
0.00740440,-0.002441,1.210957,
0.00740460,-0.002441,1.210957,
0.00740480,-0.002441,1.210957,
0.00740500,-0.002441,1.227205,
0.00740520,0.000000,1.227205,
0.00740540,0.000000,1.243452,
0.00740560,-0.002441,1.243452,
0.00740580,-0.002441,1.227205,
0.00740600,-0.002441,1.227205,
0.00740620,0.000000,1.227205,
0.00740640,0.000000,1.227205,
0.00740660,-0.002441,1.227205,
0.00740680,-0.002441,1.227205,
0.00740700,0.000000,1.243452,
0.00740720,-0.002441,1.227205,
0.00740740,-0.002441,1.227205,
0.00740760,-0.002441,1.210957,
0.00740780,-0.002441,1.227205,
0.00740800,0.000000,1.227205,
0.00740820,-0.002441,1.227205,
0.00740840,-0.002441,1.227205,
0.00740860,-0.002441,1.227205,
0.00740880,-0.002441,1.227205,
0.00740900,-0.004883,1.227205,
0.00740920,-0.002441,1.227205,
0.00740940,0.000000,1.227205,
0.00740960,-0.002441,1.227205,
0.00740980,-0.002441,1.227205,
0.00741000,-0.004883,1.227205,
0.00741020,0.000000,1.243452,
0.00741040,-0.002441,1.227205,
0.00741060,-0.002441,1.227205,
0.00741080,-0.002441,1.227205,
0.00741100,-0.002441,1.227205,
0.00741120,-0.002441,1.227205,
0.00741140,0.000000,1.243452,
0.00741160,-0.002441,1.227205,
0.00741180,-0.002441,1.243452,
0.00741200,-0.002441,1.243452,
0.00741220,-0.002441,1.227205,
0.00741240,-0.004883,1.227205,
0.00741260,0.000000,1.227205,
0.00741280,0.000000,1.227205,
0.00741300,-0.002441,1.227205,
0.00741320,-0.002441,1.227205,
0.00741340,-0.002441,1.227205,
0.00741360,-0.002441,1.227205,
0.00741380,0.000000,1.227205,
0.00741400,-0.002441,1.227205,
0.00741420,-0.002441,1.243452,
0.00741440,-0.002441,1.243452,
0.00741460,-0.002441,1.227205,
0.00741480,0.000000,1.227205,
0.00741500,-0.002441,1.227205,
0.00741520,-0.002441,1.227205,
0.00741540,-0.002441,1.227205,
0.00741560,0.000000,1.243452,
0.00741580,-0.002441,1.227205,
0.00741600,0.000000,1.227205,
0.00741620,0.000000,1.243452,
0.00741640,-0.002441,1.243452,
0.00741660,-0.002441,1.243452,
0.00741680,0.000000,1.227205,
0.00741700,-0.002441,1.210957,
0.00741720,-0.002441,1.227205,
0.00741740,0.000000,1.243452,
0.00741760,-0.002441,1.243452,
0.00741780,0.000000,1.243452,
0.00741800,-0.004883,1.227205,
0.00741820,0.000000,1.227205,
0.00741840,-0.002441,1.227205,
0.00741860,-0.002441,1.227205,
0.00741880,-0.002441,1.227205,
0.00741900,-0.002441,1.243452,
0.00741920,0.000000,1.243452,
0.00741940,0.000000,1.243452,
0.00741960,-0.002441,1.243452,
0.00741980,-0.002441,1.243452,
0.00742000,-0.002441,1.227205,
0.00742020,-0.002441,1.243452,
0.00742040,-0.002441,1.227205,
0.00742060,-0.002441,1.210957,
0.00742080,0.000000,1.210957,
0.00742100,-0.002441,1.227205,
0.00742120,-0.002441,1.210957,
0.00742140,0.000000,1.227205,
0.00742160,0.000000,1.243452,
0.00742180,-0.002441,1.259700,
0.00742200,-0.002441,1.243452,
0.00742220,-0.002441,1.243452,
0.00742240,0.002441,1.227205,
0.00742260,-0.002441,1.227205,
0.00742280,-0.002441,1.227205,
0.00742300,0.000000,1.227205,
0.00742320,-0.002441,1.210957,
0.00742340,-0.002441,1.227205,
0.00742360,-0.002441,1.243452,
0.00742380,0.000000,1.243452,
0.00742400,0.000000,1.243452,
0.00742420,-0.002441,1.227205,
0.00742440,-0.002441,1.227205,
0.00742460,-0.002441,1.243452,
0.00742480,-0.002441,1.227205,
0.00742500,-0.002441,1.210957,
0.00742520,-0.002441,1.227205,
0.00742540,0.000000,1.243452,
0.00742560,-0.002441,1.259700,
0.00742580,-0.002441,1.259700,
0.00742600,-0.002441,1.243452,
0.00742620,-0.002441,1.227205,
0.00742640,-0.002441,1.210957,
0.00742660,-0.002441,1.227205,
0.00742680,-0.002441,1.227205,
0.00742700,-0.002441,1.243452,
0.00742720,-0.004883,1.227205,
0.00742740,0.000000,1.243452,
0.00742760,-0.002441,1.243452,
0.00742780,0.000000,1.243452,
0.00742800,-0.002441,1.243452,
0.00742820,-0.002441,1.243452,
0.00742840,-0.002441,1.227205,
0.00742860,-0.002441,1.227205,
0.00742880,0.000000,1.227205,
0.00742900,-0.002441,1.243452,
0.00742920,-0.002441,1.243452,
0.00742940,-0.002441,1.243452,
0.00742960,-0.002441,1.243452,
0.00742980,-0.002441,1.243452,
0.00743000,-0.002441,1.243452,
0.00743020,-0.002441,1.243452,
0.00743040,-0.002441,1.243452,
0.00743060,0.000000,1.227205,
0.00743080,-0.002441,1.243452,
0.00743100,-0.002441,1.259700,
0.00743120,-0.002441,1.243452,
0.00743140,-0.002441,1.227205,
0.00743160,-0.002441,1.227205,
0.00743180,-0.002441,1.227205,
0.00743200,0.000000,1.243452,
0.00743220,0.000000,1.243452,
0.00743240,-0.002441,1.243452,
0.00743260,-0.002441,1.243452,
0.00743280,0.000000,1.243452,
0.00743300,-0.002441,1.227205,
0.00743320,-0.002441,1.243452,
0.00743340,0.000000,1.259700,
0.00743360,0.000000,1.259700,
0.00743380,-0.002441,1.243452,
0.00743400,-0.002441,1.243452,
0.00743420,-0.002441,1.243452,
0.00743440,0.000000,1.243452,
0.00743460,0.000000,1.243452,
0.00743480,-0.002441,1.243452,
0.00743500,0.000000,1.243452,
0.00743520,-0.002441,1.243452,
0.00743540,0.000000,1.243452,
0.00743560,-0.002441,1.243452,
0.00743580,0.000000,1.243452,
0.00743600,-0.002441,1.259700,
0.00743620,-0.002441,1.243452,
0.00743640,-0.004883,1.227205,
0.00743660,0.000000,1.227205,
0.00743680,-0.002441,1.243452,
0.00743700,0.000000,1.259700,
0.00743720,-0.002441,1.259700,
0.00743740,0.000000,1.259700,
0.00743760,-0.002441,1.227205,
0.00743780,-0.002441,1.227205,
0.00743800,-0.002441,1.227205,
0.00743820,-0.002441,1.243452,
0.00743840,0.000000,1.259700,
0.00743860,0.000000,1.259700,
0.00743880,0.000000,1.259700,
0.00743900,0.000000,1.275947,
0.00743920,-0.002441,1.259700,
0.00743940,-0.002441,1.227205,
0.00743960,0.000000,1.227205,
0.00743980,-0.002441,1.227205,
0.00744000,-0.002441,1.243452,
0.00744020,-0.002441,1.259700,
0.00744040,-0.002441,1.243452,
0.00744060,-0.004883,1.259700,
0.00744080,-0.002441,1.259700,
0.00744100,0.000000,1.259700,
0.00744120,-0.002441,1.243452,
0.00744140,0.000000,1.259700,
0.00744160,-0.002441,1.243452,
0.00744180,0.000000,1.243452,
0.00744200,0.000000,1.243452,
0.00744220,-0.002441,1.243452,
0.00744240,0.000000,1.259700,
0.00744260,-0.002441,1.259700,
0.00744280,-0.004883,1.243452,
0.00744300,-0.002441,1.259700,
0.00744320,-0.002441,1.259700,
0.00744340,0.000000,1.259700,
0.00744360,-0.002441,1.259700,
0.00744380,-0.002441,1.243452,
0.00744400,-0.002441,1.243452,
0.00744420,-0.002441,1.243452,
0.00744440,-0.002441,1.259700,
0.00744460,-0.002441,1.259700,
0.00744480,0.000000,1.259700,
0.00744500,-0.002441,1.243452,
0.00744520,-0.002441,1.243452,
0.00744540,0.002441,1.259700,
0.00744560,-0.002441,1.259700,
0.00744580,0.000000,1.259700,
0.00744600,-0.002441,1.259700,
0.00744620,-0.002441,1.259700,
0.00744640,0.000000,1.259700,
0.00744660,0.000000,1.259700,
0.00744680,-0.002441,1.259700,
0.00744700,0.002441,1.259700,
0.00744720,0.000000,1.243452,
0.00744740,0.000000,1.243452,
0.00744760,-0.004883,1.243452,
0.00744780,-0.002441,1.259700,
0.00744800,-0.002441,1.259700,
0.00744820,-0.004883,1.243452,
0.00744840,-0.002441,1.243452,
0.00744860,0.000000,1.259700,
0.00744880,-0.002441,1.259700,
0.00744900,0.000000,1.259700,
0.00744920,-0.002441,1.259700,
0.00744940,-0.002441,1.259700,
0.00744960,0.000000,1.259700,
0.00744980,-0.002441,1.259700,
0.00745000,-0.004883,1.259700,
0.00745020,-0.002441,1.243452,
0.00745040,-0.002441,1.275947,
0.00745060,0.002441,1.259700,
0.00745080,-0.002441,1.259700,
0.00745100,-0.002441,1.259700,
0.00745120,0.000000,1.259700,
0.00745140,-0.002441,1.275947,
0.00745160,-0.002441,1.259700,
0.00745180,-0.002441,1.259700,
0.00745200,-0.002441,1.243452,
0.00745220,-0.002441,1.259700,
0.00745240,-0.004883,1.259700,
0.00745260,-0.002441,1.275947,
0.00745280,-0.002441,1.275947,
0.00745300,-0.002441,1.275947,
0.00745320,-0.002441,1.275947,
0.00745340,-0.002441,1.259700,
0.00745360,-0.002441,1.259700,
0.00745380,-0.002441,1.259700,
0.00745400,-0.002441,1.259700,
0.00745420,-0.002441,1.275947,
0.00745440,-0.002441,1.259700,
0.00745460,0.000000,1.275947,
0.00745480,-0.002441,1.259700,
0.00745500,0.000000,1.275947,
0.00745520,-0.002441,1.275947,
0.00745540,-0.002441,1.275947,
0.00745560,-0.002441,1.259700,
0.00745580,-0.002441,1.259700,
0.00745600,0.000000,1.259700,
0.00745620,0.000000,1.259700,
0.00745640,-0.002441,1.259700,
0.00745660,-0.002441,1.259700,
0.00745680,0.000000,1.275947,
0.00745700,0.000000,1.275947,
0.00745720,-0.002441,1.275947,
0.00745740,-0.002441,1.275947,
0.00745760,0.000000,1.259700,
0.00745780,0.000000,1.259700,
0.00745800,-0.002441,1.243452,
0.00745820,-0.002441,1.259700,
0.00745840,0.000000,1.259700,
0.00745860,-0.002441,1.275947,
0.00745880,-0.002441,1.275947,
0.00745900,-0.002441,1.275947,
0.00745920,0.000000,1.275947,
0.00745940,0.000000,1.275947,
0.00745960,-0.002441,1.275947,
0.00745980,-0.004883,1.259700,
0.00746000,0.000000,1.275947,
0.00746020,-0.002441,1.275947,
0.00746040,-0.002441,1.259700,
0.00746060,-0.002441,1.275947,
0.00746080,-0.002441,1.275947,
0.00746100,0.000000,1.275947,
0.00746120,-0.002441,1.259700,
0.00746140,-0.004883,1.259700,
0.00746160,0.002441,1.275947,
0.00746180,-0.002441,1.275947,
0.00746200,-0.002441,1.275947,
0.00746220,-0.002441,1.259700,
0.00746240,-0.002441,1.275947,
0.00746260,-0.002441,1.275947,
0.00746280,0.000000,1.292195,
0.00746300,0.000000,1.292195,
0.00746320,-0.002441,1.275947,
0.00746340,-0.002441,1.275947,
0.00746360,-0.002441,1.259700,
0.00746380,-0.002441,1.259700,
0.00746400,-0.004883,1.275947,
0.00746420,0.000000,1.292195,
0.00746440,-0.002441,1.292195,
0.00746460,-0.002441,1.275947,
0.00746480,-0.002441,1.275947,
0.00746500,0.000000,1.275947,
0.00746520,-0.002441,1.275947,
0.00746540,-0.002441,1.275947,
0.00746560,0.000000,1.275947,
0.00746580,0.000000,1.275947,
0.00746600,-0.002441,1.275947,
0.00746620,0.000000,1.292195,
0.00746640,0.004883,1.292195,
0.00746660,0.000000,1.259700,
0.00746680,-0.002441,1.275947,
0.00746700,-0.002441,1.292195,
0.00746720,0.000000,1.292195,
0.00746740,0.000000,1.275947,
0.00746760,-0.002441,1.275947,
0.00746780,-0.002441,1.259700,
0.00746800,0.000000,1.275947,
0.00746820,-0.002441,1.275947,
0.00746840,-0.002441,1.275947,
0.00746860,0.000000,1.275947,
0.00746880,-0.002441,1.292195,
0.00746900,0.000000,1.292195,
0.00746920,-0.002441,1.275947,
0.00746940,0.000000,1.292195,
0.00746960,0.000000,1.292195,
0.00746980,-0.002441,1.275947,
0.00747000,-0.002441,1.275947,
0.00747020,0.000000,1.275947,
0.00747040,0.000000,1.292195,
0.00747060,0.000000,1.292195,
0.00747080,-0.002441,1.292195,
0.00747100,-0.002441,1.275947,
0.00747120,0.000000,1.275947,
0.00747140,0.000000,1.275947,
0.00747160,-0.002441,1.275947,
0.00747180,-0.002441,1.292195,
0.00747200,-0.002441,1.292195,
0.00747220,-0.002441,1.292195,
0.00747240,0.000000,1.292195,
0.00747260,0.002441,1.292195,
0.00747280,-0.002441,1.275947,
0.00747300,-0.002441,1.275947,
0.00747320,-0.002441,1.275947,
0.00747340,0.000000,1.292195,
0.00747360,-0.002441,1.292195,
0.00747380,0.000000,1.308443,
0.00747400,0.000000,1.308443,
0.00747420,0.000000,1.292195,
0.00747440,0.000000,1.275947,
0.00747460,-0.002441,1.259700,
0.00747480,-0.002441,1.275947,
0.00747500,-0.002441,1.275947,
0.00747520,0.000000,1.292195,
0.00747540,-0.002441,1.292195,
0.00747560,0.000000,1.292195,
0.00747580,-0.002441,1.308443,
0.00747600,0.000000,1.292195,
0.00747620,-0.002441,1.292195,
0.00747640,-0.002441,1.292195,
0.00747660,-0.002441,1.275947,
0.00747680,0.000000,1.292195,
0.00747700,0.000000,1.292195,
0.00747720,-0.002441,1.292195,
0.00747740,-0.002441,1.292195,
0.00747760,0.002441,1.292195,
0.00747780,-0.002441,1.275947,
0.00747800,-0.002441,1.292195,
0.00747820,-0.002441,1.292195,
0.00747840,-0.002441,1.308443,
0.00747860,0.000000,1.308443,
0.00747880,0.000000,1.308443,
0.00747900,-0.002441,1.292195,
0.00747920,0.000000,1.292195,
0.00747940,-0.002441,1.292195,
0.00747960,-0.002441,1.275947,
0.00747980,-0.002441,1.292195,
0.00748000,0.000000,1.308443,
0.00748020,0.000000,1.308443,
0.00748040,-0.002441,1.292195,
0.00748060,0.000000,1.308443,
0.00748080,-0.002441,1.308443,
0.00748100,0.000000,1.292195,
0.00748120,-0.002441,1.292195,
0.00748140,-0.002441,1.292195,
0.00748160,-0.002441,1.308443,
0.00748180,0.000000,1.292195,
0.00748200,-0.002441,1.308443,
0.00748220,-0.002441,1.292195,
0.00748240,0.000000,1.308443,
0.00748260,-0.002441,1.292195,
0.00748280,-0.002441,1.292195,
0.00748300,-0.002441,1.292195,
0.00748320,0.000000,1.292195,
0.00748340,0.000000,1.292195,
0.00748360,0.000000,1.292195,
0.00748380,-0.002441,1.308443,
0.00748400,0.002441,1.324690,
0.00748420,0.000000,1.292195,
0.00748440,0.000000,1.292195,
0.00748460,-0.002441,1.292195,
0.00748480,-0.002441,1.308443,
0.00748500,0.002441,1.324690,
0.00748520,-0.002441,1.292195,
0.00748540,-0.002441,1.292195,
0.00748560,0.000000,1.308443,
0.00748580,0.000000,1.308443,
0.00748600,0.000000,1.308443,
0.00748620,0.000000,1.308443,
0.00748640,-0.002441,1.308443,
0.00748660,-0.002441,1.308443,
0.00748680,-0.002441,1.308443,
0.00748700,-0.002441,1.292195,
0.00748720,-0.002441,1.308443,
0.00748740,-0.002441,1.308443,
0.00748760,-0.002441,1.308443,
0.00748780,-0.002441,1.308443,
0.00748800,-0.002441,1.308443,
0.00748820,0.000000,1.308443,
0.00748840,0.000000,1.308443,
0.00748860,-0.002441,1.308443,
0.00748880,-0.004883,1.308443,
0.00748900,-0.002441,1.292195,
0.00748920,-0.002441,1.308443,
0.00748940,-0.002441,1.292195,
0.00748960,-0.002441,1.308443,
0.00748980,-0.004883,1.308443,
0.00749000,0.000000,1.324690,
0.00749020,-0.002441,1.324690,
0.00749040,0.000000,1.324690,
0.00749060,-0.002441,1.308443,
0.00749080,-0.002441,1.308443,
0.00749100,0.000000,1.308443,
0.00749120,-0.002441,1.292195,
0.00749140,0.000000,1.308443,
0.00749160,-0.004883,1.308443,
0.00749180,0.000000,1.324690,
0.00749200,0.000000,1.340938,
0.00749220,-0.002441,1.324690,
0.00749240,-0.002441,1.324690,
0.00749260,-0.002441,1.308443,
0.00749280,0.000000,1.308443,
0.00749300,0.000000,1.308443,
0.00749320,0.000000,1.308443,
0.00749340,-0.002441,1.308443,
0.00749360,0.000000,1.324690,
0.00749380,0.000000,1.324690,
0.00749400,-0.002441,1.324690,
0.00749420,-0.002441,1.324690,
0.00749440,-0.002441,1.324690,
0.00749460,-0.002441,1.308443,
0.00749480,-0.002441,1.324690,
0.00749500,-0.002441,1.308443,
0.00749520,0.000000,1.324690,
0.00749540,-0.002441,1.308443,
0.00749560,-0.002441,1.324690,
0.00749580,-0.002441,1.324690,
0.00749600,0.000000,1.324690,
0.00749620,0.000000,1.324690,
0.00749640,-0.002441,1.324690,
0.00749660,0.000000,1.324690,
0.00749680,-0.002441,1.324690,
0.00749700,0.000000,1.308443,
0.00749720,-0.002441,1.324690,
0.00749740,-0.002441,1.324690,
0.00749760,0.000000,1.324690,
0.00749780,0.000000,1.308443,
0.00749800,0.000000,1.340938,
0.00749820,-0.002441,1.340938,
0.00749840,-0.004883,1.324690,
0.00749860,0.000000,1.324690,
0.00749880,-0.002441,1.308443,
0.00749900,-0.002441,1.308443,
0.00749920,-0.002441,1.324690,
0.00749940,0.000000,1.324690,
0.00749960,0.000000,1.340938,
0.00749980,0.000000,1.324690,
0.00750000,0.000000,1.324690,
0.00750020,-0.002441,1.324690,
0.00750040,-0.002441,1.324690,
0.00750060,-0.002441,1.324690,
0.00750080,0.000000,1.324690,
0.00750100,0.000000,1.324690,
0.00750120,-0.002441,1.324690,
0.00750140,-0.002441,1.324690,
0.00750160,0.002441,1.340938,
0.00750180,0.000000,1.340938,
0.00750200,-0.002441,1.324690,
0.00750220,0.000000,1.308443,
0.00750240,-0.002441,1.324690,
0.00750260,0.000000,1.324690,
0.00750280,-0.002441,1.324690,
0.00750300,0.000000,1.324690,
0.00750320,0.004883,1.340938,
0.00750340,0.000000,1.324690,
0.00750360,-0.002441,1.324690,
0.00750380,-0.002441,1.324690,
0.00750400,0.000000,1.324690,
0.00750420,0.000000,1.340938,
0.00750440,0.000000,1.324690,
0.00750460,-0.002441,1.324690,
0.00750480,0.000000,1.324690,
0.00750500,0.000000,1.324690,
0.00750520,-0.002441,1.324690,
0.00750540,-0.002441,1.324690,
0.00750560,0.000000,1.324690,
0.00750580,0.000000,1.340938,
0.00750600,0.000000,1.340938,
0.00750620,0.000000,1.324690,
0.00750640,0.000000,1.324690,
0.00750660,0.000000,1.324690,
0.00750680,-0.002441,1.324690,
0.00750700,-0.002441,1.340938,
0.00750720,-0.002441,1.324690,
0.00750740,0.000000,1.340938,
0.00750760,0.000000,1.340938,
0.00750780,-0.002441,1.324690,
0.00750800,-0.002441,1.308443,
0.00750820,0.000000,1.324690,
0.00750840,-0.002441,1.324690,
0.00750860,-0.002441,1.340938,
0.00750880,-0.002441,1.357185,
0.00750900,0.000000,1.340938,
0.00750920,0.000000,1.340938,
0.00750940,-0.002441,1.324690,
0.00750960,-0.002441,1.308443,
0.00750980,0.000000,1.324690,
0.00751000,0.000000,1.324690,
0.00751020,0.000000,1.324690,
0.00751040,0.000000,1.324690,
0.00751060,-0.002441,1.340938,
0.00751080,0.000000,1.340938,
0.00751100,0.000000,1.340938,
0.00751120,0.000000,1.340938,
0.00751140,-0.002441,1.340938,
0.00751160,-0.002441,1.324690,
0.00751180,-0.002441,1.324690,
0.00751200,-0.002441,1.340938,
0.00751220,0.000000,1.324690,
0.00751240,0.000000,1.340938,
0.00751260,0.000000,1.340938,
0.00751280,-0.002441,1.324690,
0.00751300,-0.002441,1.340938,
0.00751320,0.000000,1.340938,
0.00751340,-0.002441,1.324690,
0.00751360,-0.002441,1.340938,
0.00751380,0.000000,1.340938,
0.00751400,0.002441,1.340938,
0.00751420,0.000000,1.340938,
0.00751440,-0.002441,1.340938,
0.00751460,-0.002441,1.324690,
0.00751480,-0.002441,1.324690,
0.00751500,-0.002441,1.340938,
0.00751520,-0.002441,1.340938,
0.00751540,-0.002441,1.340938,
0.00751560,-0.002441,1.324690,
0.00751580,-0.002441,1.340938,
0.00751600,-0.004883,1.340938,
0.00751620,0.000000,1.340938,
0.00751640,0.000000,1.340938,
0.00751660,-0.002441,1.324690,
0.00751680,-0.002441,1.324690,
0.00751700,-0.002441,1.324690,
0.00751720,-0.002441,1.340938,
0.00751740,0.000000,1.324690,
0.00751760,-0.002441,1.340938,
0.00751780,0.000000,1.357185,
0.00751800,-0.002441,1.340938,
0.00751820,-0.004883,1.340938,
0.00751840,0.000000,1.340938,
0.00751860,0.000000,1.340938,
0.00751880,-0.002441,1.324690,
0.00751900,0.000000,1.340938,
0.00751920,-0.002441,1.340938,
0.00751940,0.000000,1.357185,
0.00751960,-0.002441,1.340938,
0.00751980,-0.002441,1.340938,
0.00752000,0.000000,1.340938,
0.00752020,0.000000,1.340938,
0.00752040,0.000000,1.340938,
0.00752060,-0.002441,1.340938,
0.00752080,0.000000,1.357185,
0.00752100,0.000000,1.340938,
0.00752120,0.000000,1.357185,
0.00752140,-0.002441,1.340938,
0.00752160,-0.002441,1.340938,
0.00752180,0.004883,1.357185,
0.00752200,0.000000,1.340938,
0.00752220,0.000000,1.340938,
0.00752240,-0.002441,1.340938,
0.00752260,0.002441,1.357185,
0.00752280,0.000000,1.357185,
0.00752300,-0.002441,1.340938,
0.00752320,-0.002441,1.340938,
0.00752340,0.000000,1.340938,
0.00752360,0.000000,1.340938,
0.00752380,-0.002441,1.340938,
0.00752400,-0.002441,1.357185,
0.00752420,0.002441,1.373433,
0.00752440,-0.002441,1.340938,
0.00752460,-0.002441,1.340938,
0.00752480,-0.002441,1.340938,
0.00752500,0.000000,1.357185,
0.00752520,0.000000,1.357185,
0.00752540,0.000000,1.357185,
0.00752560,-0.002441,1.340938,
0.00752580,0.000000,1.357185,
0.00752600,-0.002441,1.340938,
0.00752620,-0.002441,1.340938,
0.00752640,-0.002441,1.340938,
0.00752660,-0.004883,1.357185,
0.00752680,0.000000,1.357185,
0.00752700,-0.002441,1.357185,
0.00752720,0.000000,1.357185,
0.00752740,-0.002441,1.373433,
0.00752760,0.000000,1.357185,
0.00752780,-0.002441,1.340938,
0.00752800,-0.002441,1.324690,
0.00752820,0.000000,1.340938,
0.00752840,0.000000,1.357185,
0.00752860,-0.002441,1.340938,
0.00752880,-0.002441,1.340938,
0.00752900,0.000000,1.340938,
0.00752920,-0.002441,1.357185,
0.00752940,0.000000,1.373433,
0.00752960,-0.002441,1.357185,
0.00752980,0.000000,1.357185,
0.00753000,0.000000,1.357185,
0.00753020,0.000000,1.357185,
0.00753040,0.000000,1.357185,
0.00753060,0.000000,1.357185,
0.00753080,0.000000,1.373433,
0.00753100,0.000000,1.357185,
0.00753120,-0.002441,1.340938,
0.00753140,0.000000,1.357185,
0.00753160,0.000000,1.357185,
0.00753180,-0.002441,1.357185,
0.00753200,0.000000,1.357185,
0.00753220,0.000000,1.357185,
0.00753240,-0.002441,1.357185,
0.00753260,-0.002441,1.357185,
0.00753280,0.000000,1.373433,
0.00753300,0.000000,1.357185,
0.00753320,0.000000,1.357185,
0.00753340,0.000000,1.357185,
0.00753360,0.000000,1.357185,
0.00753380,0.000000,1.357185,
0.00753400,0.000000,1.357185,
0.00753420,-0.002441,1.357185,
0.00753440,-0.002441,1.357185,
0.00753460,0.000000,1.373433,
0.00753480,0.000000,1.373433,
0.00753500,0.000000,1.373433,
0.00753520,-0.002441,1.357185,
0.00753540,-0.002441,1.357185,
0.00753560,0.000000,1.357185,
0.00753580,-0.002441,1.373433,
0.00753600,-0.002441,1.373433,
0.00753620,-0.002441,1.373433,
0.00753640,0.000000,1.373433,
0.00753660,0.000000,1.357185,
0.00753680,0.000000,1.357185,
0.00753700,-0.002441,1.357185,
0.00753720,0.000000,1.373433,
0.00753740,-0.002441,1.357185,
0.00753760,0.000000,1.357185,
0.00753780,-0.002441,1.357185,
0.00753800,0.000000,1.373433,
0.00753820,0.000000,1.373433,
0.00753840,0.000000,1.373433,
0.00753860,-0.002441,1.373433,
0.00753880,0.000000,1.357185,
0.00753900,-0.004883,1.357185,
0.00753920,-0.002441,1.357185,
0.00753940,-0.002441,1.373433,
0.00753960,0.000000,1.373433,
0.00753980,-0.002441,1.373433,
0.00754000,-0.002441,1.373433,
0.00754020,0.000000,1.373433,
0.00754040,0.000000,1.357185,
0.00754060,-0.002441,1.357185,
0.00754080,-0.002441,1.340938,
0.00754100,0.000000,1.373433,
0.00754120,0.000000,1.373433,
0.00754140,0.000000,1.373433,
0.00754160,0.000000,1.357185,
0.00754180,0.000000,1.373433,
0.00754200,0.000000,1.357185,
0.00754220,-0.002441,1.357185,
0.00754240,-0.002441,1.357185,
0.00754260,0.000000,1.357185,
0.00754280,0.000000,1.357185,
0.00754300,0.000000,1.340938,
0.00754320,-0.002441,1.324690,
0.00754340,0.000000,1.357185,
0.00754360,0.000000,1.373433,
0.00754380,-0.002441,1.373433,
0.00754400,-0.002441,1.373433,
0.00754420,-0.002441,1.373433,
0.00754440,0.000000,1.373433,
0.00754460,-0.002441,1.373433,
0.00754480,0.000000,1.357185,
0.00754500,-0.002441,1.340938,
0.00754520,-0.002441,1.340938,
0.00754540,0.000000,1.357185,
0.00754560,-0.002441,1.357185,
0.00754580,-0.002441,1.373433,
0.00754600,0.000000,1.373433,
0.00754620,0.000000,1.373433,
0.00754640,0.000000,1.357185,
0.00754660,0.000000,1.357185,
0.00754680,0.000000,1.357185,
0.00754700,0.000000,1.357185,
0.00754720,0.000000,1.357185,
0.00754740,0.000000,1.373433,
0.00754760,0.000000,1.357185,
0.00754780,0.000000,1.357185,
0.00754800,-0.002441,1.357185,
0.00754820,0.000000,1.357185,
0.00754840,-0.002441,1.340938,
0.00754860,0.000000,1.357185,
0.00754880,-0.002441,1.357185,
0.00754900,-0.002441,1.357185,
0.00754920,0.000000,1.357185,
0.00754940,0.000000,1.373433,
0.00754960,0.000000,1.373433,
0.00754980,0.000000,1.357185,
0.00755000,0.000000,1.340938,
0.00755020,0.000000,1.357185,
0.00755040,-0.002441,1.357185,
0.00755060,-0.002441,1.373433,
0.00755080,0.000000,1.373433,
0.00755100,0.000000,1.357185,
0.00755120,-0.002441,1.357185,
0.00755140,-0.004883,1.357185,
0.00755160,0.000000,1.373433,
0.00755180,0.000000,1.373433,
0.00755200,-0.002441,1.357185,
0.00755220,-0.002441,1.357185,
0.00755240,0.000000,1.357185,
0.00755260,0.000000,1.357185,
0.00755280,-0.002441,1.357185,
0.00755300,-0.004883,1.357185,
0.00755320,-0.002441,1.373433,
0.00755340,-0.002441,1.357185,
0.00755360,-0.002441,1.357185,
0.00755380,-0.004883,1.357185,
0.00755400,0.000000,1.357185,
0.00755420,0.000000,1.357185,
0.00755440,-0.002441,1.357185,
0.00755460,0.000000,1.357185,
0.00755480,-0.002441,1.357185,
0.00755500,-0.002441,1.357185,
0.00755520,-0.002441,1.357185,
0.00755540,-0.002441,1.340938,
0.00755560,-0.002441,1.357185,
0.00755580,0.000000,1.357185,
0.00755600,0.000000,1.357185,
0.00755620,0.000000,1.373433,
0.00755640,0.000000,1.373433,
0.00755660,0.000000,1.357185,
0.00755680,-0.002441,1.357185,
0.00755700,0.000000,1.357185,
0.00755720,0.000000,1.357185,
0.00755740,0.000000,1.373433,
0.00755760,0.000000,1.373433,
0.00755780,0.002441,1.373433,
0.00755800,-0.002441,1.357185,
0.00755820,-0.002441,1.357185,
0.00755840,0.000000,1.357185,
0.00755860,0.002441,1.373433,
0.00755880,0.000000,1.373433,
0.00755900,-0.002441,1.373433,
0.00755920,0.000000,1.357185,
0.00755940,0.000000,1.357185,
0.00755960,0.000000,1.373433,
0.00755980,-0.002441,1.373433,
0.00756000,-0.002441,1.373433,
0.00756020,0.000000,1.373433,
0.00756040,-0.002441,1.373433,
0.00756060,0.000000,1.373433,
0.00756080,-0.002441,1.357185,
0.00756100,-0.004883,1.357185,
0.00756120,0.000000,1.357185,
0.00756140,0.000000,1.340938,
0.00756160,-0.002441,1.340938,
0.00756180,0.000000,1.357185,
0.00756200,0.000000,1.373433,
0.00756220,0.000000,1.373433,
0.00756240,-0.002441,1.373433,
0.00756260,0.000000,1.373433,
0.00756280,-0.002441,1.373433,
0.00756300,-0.002441,1.357185,
0.00756320,-0.002441,1.340938,
0.00756340,-0.002441,1.357185,
0.00756360,-0.002441,1.357185,
0.00756380,0.000000,1.373433,
0.00756400,0.000000,1.373433,
0.00756420,0.000000,1.373433,
0.00756440,0.000000,1.373433,
0.00756460,-0.002441,1.373433,
0.00756480,-0.004883,1.357185,
0.00756500,-0.002441,1.357185,
0.00756520,0.000000,1.373433,
0.00756540,0.000000,1.373433,
0.00756560,0.000000,1.357185,
0.00756580,-0.002441,1.357185,
0.00756600,0.000000,1.357185,
0.00756620,0.000000,1.373433,
0.00756640,-0.002441,1.373433,
0.00756660,-0.002441,1.373433,
0.00756680,-0.002441,1.357185,
0.00756700,-0.002441,1.357185,
0.00756720,0.000000,1.357185,
0.00756740,0.000000,1.373433,
0.00756760,0.000000,1.373433,
0.00756780,0.000000,1.373433,
0.00756800,0.000000,1.357185,
0.00756820,0.000000,1.357185,
0.00756840,-0.002441,1.373433,
0.00756860,0.002441,1.373433,
0.00756880,0.000000,1.357185,
0.00756900,-0.002441,1.373433,
0.00756920,-0.002441,1.373433,
0.00756940,-0.002441,1.373433,
0.00756960,-0.002441,1.357185,
0.00756980,-0.002441,1.373433,
0.00757000,-0.002441,1.357185,
0.00757020,-0.002441,1.373433,
0.00757040,0.000000,1.373433,
0.00757060,-0.002441,1.373433,
0.00757080,0.000000,1.389680,
0.00757100,0.000000,1.373433,
0.00757120,-0.002441,1.357185,
0.00757140,0.000000,1.357185,
0.00757160,0.000000,1.373433,
0.00757180,0.000000,1.373433,
0.00757200,-0.002441,1.373433,
0.00757220,0.000000,1.373433,
0.00757240,0.000000,1.357185,
0.00757260,-0.002441,1.373433,
0.00757280,-0.002441,1.373433,
0.00757300,-0.002441,1.357185,
0.00757320,0.000000,1.373433,
0.00757340,0.000000,1.373433,
0.00757360,-0.002441,1.373433,
0.00757380,-0.002441,1.373433,
0.00757400,0.000000,1.373433,
0.00757420,0.000000,1.357185,
0.00757440,0.000000,1.357185,
0.00757460,-0.002441,1.357185,
0.00757480,-0.002441,1.357185,
0.00757500,0.000000,1.373433,
0.00757520,-0.002441,1.373433,
0.00757540,0.000000,1.373433,
0.00757560,0.000000,1.373433,
0.00757580,-0.002441,1.357185,
0.00757600,-0.002441,1.357185,
0.00757620,0.000000,1.357185,
0.00757640,0.000000,1.373433,
0.00757660,0.002441,1.373433,
0.00757680,0.000000,1.357185,
0.00757700,-0.002441,1.357185,
0.00757720,0.004883,1.373433,
0.00757740,-0.002441,1.357185,
0.00757760,-0.002441,1.357185,
0.00757780,-0.002441,1.357185,
0.00757800,0.000000,1.340938,
0.00757820,-0.002441,1.340938,
0.00757840,-0.002441,1.340938,
0.00757860,-0.002441,1.357185,
0.00757880,0.000000,1.389680,
0.00757900,0.000000,1.389680,
0.00757920,-0.002441,1.373433,
0.00757940,0.000000,1.357185,
0.00757960,0.000000,1.357185,
0.00757980,0.000000,1.357185,
0.00758000,-0.002441,1.340938,
0.00758020,0.000000,1.340938,
0.00758040,0.000000,1.357185,
0.00758060,0.000000,1.357185,
0.00758080,0.000000,1.373433,
0.00758100,0.000000,1.373433,
0.00758120,0.000000,1.357185,
0.00758140,0.000000,1.373433,
0.00758160,0.000000,1.357185,
0.00758180,0.000000,1.357185,
0.00758200,0.000000,1.357185,
0.00758220,-0.002441,1.357185,
0.00758240,-0.002441,1.357185,
0.00758260,-0.002441,1.357185,
0.00758280,0.000000,1.357185,
0.00758300,-0.002441,1.357185,
0.00758320,-0.002441,1.373433,
0.00758340,0.000000,1.357185,
0.00758360,-0.002441,1.357185,
0.00758380,-0.002441,1.357185,
0.00758400,-0.002441,1.357185,
0.00758420,-0.002441,1.340938,
0.00758440,0.000000,1.340938,
0.00758460,0.000000,1.357185,
0.00758480,0.000000,1.357185,
0.00758500,-0.002441,1.357185,
0.00758520,0.000000,1.340938,
0.00758540,0.000000,1.340938,
0.00758560,-0.002441,1.340938,
0.00758580,-0.002441,1.340938,
0.00758600,0.000000,1.357185,
0.00758620,0.000000,1.357185,
0.00758640,0.000000,1.357185,
0.00758660,-0.002441,1.357185,
0.00758680,0.000000,1.357185,
0.00758700,0.000000,1.357185,
0.00758720,-0.002441,1.357185,
0.00758740,-0.002441,1.357185,
0.00758760,0.000000,1.357185,
0.00758780,0.000000,1.357185,
0.00758800,0.000000,1.357185,
0.00758820,-0.002441,1.340938,
0.00758840,0.002441,1.340938,
0.00758860,-0.002441,1.324690,
0.00758880,0.000000,1.340938,
0.00758900,0.000000,1.357185,
0.00758920,0.000000,1.357185,
0.00758940,0.000000,1.357185,
0.00758960,0.000000,1.357185,
0.00758980,0.000000,1.340938,
0.00759000,-0.002441,1.340938,
0.00759020,0.000000,1.340938,
0.00759040,-0.002441,1.340938,
0.00759060,-0.004883,1.324690,
0.00759080,0.000000,1.357185,
0.00759100,0.000000,1.357185,
0.00759120,0.000000,1.357185,
0.00759140,-0.002441,1.357185,
0.00759160,0.000000,1.340938,
0.00759180,0.000000,1.340938,
0.00759200,-0.002441,1.340938,
0.00759220,-0.002441,1.324690,
0.00759240,0.000000,1.357185,
0.00759260,0.000000,1.357185,
0.00759280,0.000000,1.357185,
0.00759300,0.002441,1.357185,
0.00759320,0.000000,1.357185,
0.00759340,0.000000,1.340938,
0.00759360,-0.002441,1.340938,
0.00759380,-0.002441,1.340938,
0.00759400,0.000000,1.340938,
0.00759420,0.000000,1.357185,
0.00759440,-0.002441,1.340938,
0.00759460,0.000000,1.357185,
0.00759480,0.002441,1.373433,
0.00759500,0.000000,1.357185,
0.00759520,-0.002441,1.357185,
0.00759540,-0.002441,1.340938,
0.00759560,0.000000,1.340938,
0.00759580,0.000000,1.340938,
0.00759600,0.000000,1.357185,
0.00759620,0.000000,1.357185,
0.00759640,0.000000,1.357185,
0.00759660,0.000000,1.340938,
0.00759680,0.000000,1.324690,
0.00759700,-0.002441,1.340938,
0.00759720,-0.002441,1.357185,
0.00759740,0.000000,1.357185,
0.00759760,0.000000,1.357185,
0.00759780,0.000000,1.357185,
0.00759800,0.000000,1.357185,
0.00759820,-0.002441,1.340938,
0.00759840,0.000000,1.340938,
0.00759860,0.000000,1.324690,
0.00759880,-0.002441,1.340938,
0.00759900,0.000000,1.357185,
0.00759920,0.000000,1.357185,
0.00759940,0.000000,1.357185,
0.00759960,-0.002441,1.357185,
0.00759980,0.000000,1.357185,
0.00760000,0.000000,1.340938,
0.00760020,-0.002441,1.340938,
0.00760040,0.000000,1.357185,
0.00760060,0.000000,1.340938,
0.00760080,0.000000,1.357185,
0.00760100,-0.002441,1.340938,
0.00760120,-0.002441,1.340938,
0.00760140,0.000000,1.340938,
0.00760160,0.000000,1.340938,
0.00760180,-0.002441,1.340938,
0.00760200,-0.002441,1.340938,
0.00760220,0.000000,1.340938,
0.00760240,0.000000,1.340938,
0.00760260,0.000000,1.340938,
0.00760280,-0.002441,1.340938,
0.00760300,-0.002441,1.340938,
0.00760320,0.000000,1.340938,
0.00760340,-0.002441,1.324690,
0.00760360,-0.002441,1.340938,
0.00760380,0.000000,1.357185,
0.00760400,0.000000,1.357185,
0.00760420,0.000000,1.357185,
0.00760440,0.002441,1.357185,
0.00760460,0.000000,1.340938,
0.00760480,0.000000,1.324690,
0.00760500,-0.002441,1.324690,
0.00760520,0.000000,1.340938,
0.00760540,-0.002441,1.340938,
0.00760560,0.000000,1.357185,
0.00760580,0.000000,1.340938,
0.00760600,0.000000,1.357185,
0.00760620,-0.002441,1.324690,
0.00760640,0.000000,1.340938,
0.00760660,-0.002441,1.340938,
0.00760680,0.000000,1.340938,
0.00760700,0.000000,1.340938,
0.00760720,0.000000,1.340938,
0.00760740,-0.002441,1.340938,
0.00760760,-0.002441,1.340938,
0.00760780,0.000000,1.340938,
0.00760800,0.000000,1.340938,
0.00760820,-0.002441,1.324690,
0.00760840,-0.002441,1.340938,
0.00760860,0.000000,1.357185,
0.00760880,0.000000,1.340938,
0.00760900,-0.002441,1.340938,
0.00760920,-0.002441,1.324690,
0.00760940,0.000000,1.340938,
0.00760960,0.000000,1.324690,
0.00760980,-0.002441,1.324690,
0.00761000,0.000000,1.340938,
0.00761020,0.000000,1.340938,
0.00761040,0.000000,1.340938,
0.00761060,0.000000,1.340938,
0.00761080,0.002441,1.357185,
0.00761100,-0.002441,1.324690,
0.00761120,0.000000,1.324690,
0.00761140,-0.002441,1.324690,
0.00761160,0.000000,1.324690,
0.00761180,0.000000,1.340938,
0.00761200,0.000000,1.340938,
0.00761220,0.000000,1.340938,
0.00761240,0.002441,1.340938,
0.00761260,0.000000,1.324690,
0.00761280,0.000000,1.324690,
0.00761300,-0.002441,1.308443,
0.00761320,-0.002441,1.308443,
0.00761340,0.000000,1.308443,
0.00761360,0.000000,1.340938,
0.00761380,0.000000,1.340938,
0.00761400,0.000000,1.357185,
0.00761420,0.000000,1.373433,
0.00761440,-0.002441,1.357185,
0.00761460,-0.002441,1.324690,
0.00761480,0.000000,1.308443,
0.00761500,0.000000,1.308443,
0.00761520,0.000000,1.324690,
0.00761540,0.000000,1.324690,
0.00761560,-0.002441,1.324690,
0.00761580,0.000000,1.340938,
0.00761600,0.000000,1.340938,
0.00761620,-0.002441,1.340938,
0.00761640,0.000000,1.357185,
0.00761660,0.000000,1.340938,
0.00761680,0.000000,1.324690,
0.00761700,0.000000,1.324690,
0.00761720,0.000000,1.308443,
0.00761740,0.000000,1.340938,
0.00761760,0.000000,1.340938,
0.00761780,-0.002441,1.324690,
0.00761800,-0.002441,1.324690,
0.00761820,0.000000,1.324690,
0.00761840,0.000000,1.340938,
0.00761860,0.000000,1.340938,
0.00761880,0.000000,1.340938,
0.00761900,0.000000,1.324690,
0.00761920,0.000000,1.308443,
0.00761940,0.000000,1.324690,
0.00761960,-0.002441,1.324690,
0.00761980,0.000000,1.340938,
0.00762000,0.000000,1.340938,
0.00762020,0.000000,1.324690,
0.00762040,-0.002441,1.324690,
0.00762060,0.000000,1.324690,
0.00762080,-0.002441,1.308443,
0.00762100,-0.002441,1.308443,
0.00762120,0.000000,1.324690,
0.00762140,0.000000,1.324690,
0.00762160,0.000000,1.340938,
0.00762180,0.000000,1.324690,
0.00762200,0.000000,1.324690,
0.00762220,0.000000,1.324690,
0.00762240,0.000000,1.308443,
0.00762260,-0.002441,1.308443,
0.00762280,0.000000,1.308443,
0.00762300,0.000000,1.324690,
0.00762320,0.000000,1.324690,
0.00762340,0.000000,1.308443,
0.00762360,-0.002441,1.324690,
0.00762380,0.000000,1.324690,
0.00762400,-0.002441,1.308443,
0.00762420,-0.002441,1.308443,
0.00762440,-0.002441,1.308443,
0.00762460,0.000000,1.324690,
0.00762480,0.000000,1.308443,
0.00762500,-0.004883,1.308443,
0.00762520,0.000000,1.308443,
0.00762540,0.000000,1.324690,
0.00762560,-0.002441,1.308443,
0.00762580,-0.002441,1.308443,
0.00762600,-0.002441,1.308443,
0.00762620,-0.002441,1.308443,
0.00762640,0.000000,1.324690,
0.00762660,0.000000,1.308443,
0.00762680,-0.002441,1.308443,
0.00762700,0.000000,1.308443,
0.00762720,-0.002441,1.292195,
0.00762740,0.000000,1.308443,
0.00762760,0.000000,1.324690,
0.00762780,0.000000,1.324690,
0.00762800,0.000000,1.324690,
0.00762820,0.000000,1.308443,
0.00762840,0.000000,1.308443,
0.00762860,0.002441,1.308443,
0.00762880,-0.002441,1.308443,
0.00762900,-0.002441,1.308443,
0.00762920,0.000000,1.308443,
0.00762940,0.000000,1.308443,
0.00762960,0.000000,1.308443,
0.00762980,0.000000,1.324690,
0.00763000,0.000000,1.308443,
0.00763020,0.002441,1.324690,
0.00763040,0.000000,1.308443,
0.00763060,-0.002441,1.308443,
0.00763080,0.000000,1.308443,
0.00763100,-0.002441,1.324690,
0.00763120,-0.002441,1.308443,
0.00763140,0.000000,1.308443,
0.00763160,0.000000,1.292195,
0.00763180,0.000000,1.308443,
0.00763200,-0.002441,1.324690,
0.00763220,-0.002441,1.308443,
0.00763240,0.000000,1.308443,
0.00763260,0.000000,1.324690,
0.00763280,-0.002441,1.308443,
0.00763300,0.000000,1.308443,
0.00763320,0.000000,1.308443,
0.00763340,0.000000,1.292195,
0.00763360,0.000000,1.292195,
0.00763380,-0.002441,1.292195,
0.00763400,0.000000,1.308443,
0.00763420,0.000000,1.324690,
0.00763440,0.000000,1.324690,
0.00763460,0.000000,1.308443,
0.00763480,0.000000,1.308443,
0.00763500,0.000000,1.308443,
0.00763520,0.000000,1.308443,
0.00763540,-0.002441,1.308443,
0.00763560,0.000000,1.308443,
0.00763580,0.000000,1.292195,
0.00763600,0.000000,1.308443,
0.00763620,-0.002441,1.308443,
0.00763640,0.000000,1.308443,
0.00763660,0.000000,1.308443,
0.00763680,0.000000,1.324690,
0.00763700,-0.002441,1.308443,
0.00763720,0.000000,1.308443,
0.00763740,0.002441,1.308443,
0.00763760,0.000000,1.308443,
0.00763780,0.000000,1.308443,
0.00763800,-0.002441,1.308443,
0.00763820,0.000000,1.308443,
0.00763840,-0.002441,1.308443,
0.00763860,0.000000,1.308443,
0.00763880,-0.002441,1.292195,
0.00763900,0.000000,1.308443,
0.00763920,0.000000,1.308443,
0.00763940,0.000000,1.308443,
0.00763960,0.000000,1.308443,
0.00763980,0.000000,1.308443,
0.00764000,0.000000,1.308443,
0.00764020,0.000000,1.292195,
0.00764040,0.000000,1.308443,
0.00764060,0.000000,1.308443,
0.00764080,0.000000,1.308443,
0.00764100,0.000000,1.308443,
0.00764120,-0.002441,1.308443,
0.00764140,0.000000,1.308443,
0.00764160,-0.002441,1.292195,
0.00764180,0.000000,1.308443,
0.00764200,0.000000,1.308443,
0.00764220,0.000000,1.308443,
0.00764240,0.000000,1.308443,
0.00764260,0.000000,1.292195,
0.00764280,-0.002441,1.292195,
0.00764300,0.000000,1.308443,
0.00764320,0.000000,1.308443,
0.00764340,0.000000,1.308443,
0.00764360,0.000000,1.292195,
0.00764380,0.000000,1.292195,
0.00764400,0.000000,1.292195,
0.00764420,0.000000,1.292195,
0.00764440,0.000000,1.292195,
0.00764460,0.000000,1.308443,
0.00764480,0.000000,1.308443,
0.00764500,0.000000,1.308443,
0.00764520,0.000000,1.292195,
0.00764540,0.000000,1.308443,
0.00764560,0.002441,1.308443,
0.00764580,-0.002441,1.292195,
0.00764600,0.002441,1.308443,
0.00764620,0.000000,1.292195,
0.00764640,0.000000,1.292195,
0.00764660,-0.002441,1.308443,
0.00764680,-0.002441,1.275947,
0.00764700,0.000000,1.292195,
0.00764720,0.000000,1.308443,
0.00764740,0.000000,1.324690,
0.00764760,-0.002441,1.308443,
0.00764780,0.002441,1.308443,
0.00764800,-0.002441,1.275947,
0.00764820,-0.002441,1.275947,
0.00764840,-0.002441,1.275947,
0.00764860,0.000000,1.292195,
0.00764880,0.000000,1.308443,
0.00764900,0.000000,1.324690,
0.00764920,-0.002441,1.324690,
0.00764940,0.000000,1.324690,
0.00764960,0.000000,1.292195,
0.00764980,-0.002441,1.275947,
0.00765000,-0.002441,1.275947,
0.00765020,0.000000,1.275947,
0.00765040,0.000000,1.292195,
0.00765060,0.000000,1.292195,
0.00765080,-0.002441,1.308443,
0.00765100,0.000000,1.324690,
0.00765120,-0.002441,1.308443,
0.00765140,0.000000,1.308443,
0.00765160,-0.002441,1.292195,
0.00765180,-0.002441,1.292195,
0.00765200,0.000000,1.292195,
0.00765220,0.000000,1.292195,
0.00765240,0.000000,1.292195,
0.00765260,-0.004883,1.292195,
0.00765280,0.000000,1.292195,
0.00765300,-0.002441,1.292195,
0.00765320,-0.002441,1.308443,
0.00765340,-0.002441,1.308443,
0.00765360,0.000000,1.292195,
0.00765380,0.000000,1.292195,
0.00765400,0.000000,1.292195,
0.00765420,-0.002441,1.292195,
0.00765440,-0.002441,1.292195,
0.00765460,-0.002441,1.292195,
0.00765480,-0.002441,1.292195,
0.00765500,-0.002441,1.292195,
0.00765520,0.000000,1.292195,
0.00765540,0.000000,1.292195,
0.00765560,-0.002441,1.292195,
0.00765580,0.000000,1.308443,
0.00765600,0.000000,1.308443,
0.00765620,0.000000,1.292195,
0.00765640,0.000000,1.292195,
0.00765660,0.000000,1.292195,
0.00765680,0.000000,1.292195,
0.00765700,0.000000,1.292195,
0.00765720,0.000000,1.292195,
0.00765740,0.000000,1.292195,
0.00765760,0.000000,1.292195,
0.00765780,-0.002441,1.292195,
0.00765800,0.000000,1.292195,
0.00765820,-0.002441,1.292195,
0.00765840,0.000000,1.292195,
0.00765860,0.000000,1.292195,
0.00765880,-0.002441,1.275947,
0.00765900,0.000000,1.292195,
0.00765920,0.000000,1.292195,
0.00765940,-0.002441,1.292195,
0.00765960,-0.002441,1.275947,
0.00765980,0.000000,1.292195,
0.00766000,0.000000,1.292195,
0.00766020,0.000000,1.292195,
0.00766040,0.000000,1.292195,
0.00766060,-0.002441,1.275947,
0.00766080,0.002441,1.292195,
0.00766100,0.000000,1.275947,
0.00766120,-0.002441,1.275947,
0.00766140,-0.002441,1.292195,
0.00766160,-0.002441,1.292195,
0.00766180,-0.002441,1.292195,
0.00766200,-0.002441,1.275947,
0.00766220,-0.002441,1.275947,
0.00766240,0.000000,1.292195,
0.00766260,0.000000,1.275947,
0.00766280,-0.002441,1.259700,
0.00766300,0.000000,1.275947,
0.00766320,0.002441,1.292195,
0.00766340,0.000000,1.292195,
0.00766360,-0.002441,1.292195,
0.00766380,0.002441,1.275947,
0.00766400,-0.002441,1.275947,
0.00766420,0.000000,1.275947,
0.00766440,-0.002441,1.275947,
0.00766460,-0.002441,1.259700,
0.00766480,0.000000,1.275947,
0.00766500,0.000000,1.292195,
0.00766520,0.000000,1.292195,
0.00766540,0.004883,1.292195,
0.00766560,0.002441,1.292195,
0.00766580,-0.002441,1.275947,
0.00766600,-0.002441,1.275947,
0.00766620,0.000000,1.275947,
0.00766640,-0.002441,1.275947,
0.00766660,0.000000,1.275947,
0.00766680,-0.002441,1.259700,
0.00766700,0.002441,1.275947,
0.00766720,0.000000,1.292195,
0.00766740,0.000000,1.292195,
0.00766760,-0.002441,1.292195,
0.00766780,0.000000,1.292195,
0.00766800,0.000000,1.292195,
0.00766820,0.000000,1.275947,
0.00766840,0.000000,1.275947,
0.00766860,0.000000,1.259700,
0.00766880,0.000000,1.275947,
0.00766900,0.000000,1.275947,
0.00766920,0.000000,1.275947,
0.00766940,-0.002441,1.292195,
0.00766960,0.000000,1.292195,
0.00766980,0.000000,1.292195,
0.00767000,-0.002441,1.275947,
0.00767020,-0.002441,1.275947,
0.00767040,0.000000,1.275947,
0.00767060,0.000000,1.275947,
0.00767080,0.000000,1.292195,
0.00767100,-0.002441,1.275947,
0.00767120,0.000000,1.275947,
0.00767140,0.000000,1.292195,
0.00767160,-0.002441,1.292195,
0.00767180,-0.002441,1.275947,
0.00767200,0.000000,1.292195,
0.00767220,0.000000,1.275947,
0.00767240,-0.002441,1.275947,
0.00767260,-0.002441,1.275947,
0.00767280,0.000000,1.259700,
0.00767300,-0.002441,1.275947,
0.00767320,0.000000,1.275947,
0.00767340,0.000000,1.292195,
0.00767360,0.000000,1.275947,
0.00767380,0.000000,1.292195,
0.00767400,0.000000,1.275947,
0.00767420,0.000000,1.275947,
0.00767440,-0.002441,1.259700,
0.00767460,0.000000,1.275947,
0.00767480,-0.002441,1.275947,
0.00767500,0.000000,1.292195,
0.00767520,0.000000,1.275947,
0.00767540,-0.002441,1.275947,
0.00767560,-0.004883,1.275947,
0.00767580,-0.002441,1.275947,
0.00767600,0.000000,1.275947,
0.00767620,0.000000,1.292195,
0.00767640,-0.002441,1.275947,
0.00767660,-0.002441,1.259700,
0.00767680,0.000000,1.275947,
0.00767700,0.000000,1.275947,
0.00767720,-0.002441,1.275947,
0.00767740,0.000000,1.259700,
0.00767760,0.000000,1.275947,
0.00767780,0.000000,1.275947,
0.00767800,-0.002441,1.259700,
0.00767820,-0.002441,1.275947,
0.00767840,0.000000,1.275947,
0.00767860,-0.002441,1.259700,
0.00767880,-0.002441,1.275947,
0.00767900,-0.002441,1.275947,
0.00767920,0.000000,1.292195,
0.00767940,0.000000,1.292195,
0.00767960,0.000000,1.275947,
0.00767980,-0.002441,1.259700,
0.00768000,0.000000,1.275947,
0.00768020,0.000000,1.259700,
0.00768040,0.000000,1.259700,
0.00768060,-0.002441,1.259700,
0.00768080,0.000000,1.275947,
0.00768100,0.000000,1.275947,
0.00768120,0.000000,1.275947,
0.00768140,-0.002441,1.275947,
0.00768160,0.000000,1.292195,
0.00768180,0.000000,1.292195,
0.00768200,-0.002441,1.275947,
0.00768220,0.000000,1.259700,
0.00768240,0.000000,1.259700,
0.00768260,0.002441,1.275947,
0.00768280,0.000000,1.275947,
0.00768300,0.000000,1.275947,
0.00768320,0.000000,1.275947,
0.00768340,0.000000,1.275947,
0.00768360,0.000000,1.259700,
0.00768380,0.000000,1.259700,
0.00768400,0.000000,1.292195,
0.00768420,0.000000,1.308443,
0.00768440,-0.002441,1.292195,
0.00768460,0.000000,1.292195,
0.00768480,0.000000,1.275947,
0.00768500,-0.002441,1.259700,
0.00768520,0.000000,1.259700,
0.00768540,0.000000,1.259700,
0.00768560,0.000000,1.259700,
0.00768580,0.000000,1.275947,
0.00768600,-0.002441,1.275947,
0.00768620,0.000000,1.292195,
0.00768640,0.002441,1.292195,
0.00768660,-0.002441,1.275947,
0.00768680,-0.002441,1.275947,
0.00768700,-0.002441,1.275947,
0.00768720,0.000000,1.275947,
0.00768740,0.000000,1.275947,
0.00768760,-0.002441,1.275947,
0.00768780,0.000000,1.275947,
0.00768800,0.000000,1.275947,
0.00768820,0.000000,1.275947,
0.00768840,0.000000,1.275947,
0.00768860,-0.002441,1.259700,
0.00768880,0.000000,1.275947,
0.00768900,0.000000,1.275947,
0.00768920,0.000000,1.292195,
0.00768940,0.000000,1.275947,
0.00768960,0.000000,1.275947,
0.00768980,0.000000,1.275947,
0.00769000,0.000000,1.259700,
0.00769020,-0.002441,1.259700,
0.00769040,0.000000,1.275947,
0.00769060,0.000000,1.275947,
0.00769080,0.000000,1.275947,
0.00769100,0.000000,1.275947,
0.00769120,-0.002441,1.275947,
0.00769140,-0.002441,1.275947,
0.00769160,-0.002441,1.275947,
0.00769180,-0.002441,1.275947,
0.00769200,-0.002441,1.275947,
0.00769220,0.000000,1.275947,
0.00769240,0.000000,1.275947,
0.00769260,-0.002441,1.292195,
0.00769280,0.000000,1.275947,
0.00769300,0.000000,1.259700,
0.00769320,-0.002441,1.259700,
0.00769340,0.000000,1.259700,
0.00769360,0.000000,1.292195,
0.00769380,0.002441,1.275947,
0.00769400,0.000000,1.275947,
0.00769420,0.000000,1.259700,
0.00769440,0.000000,1.275947,
0.00769460,0.000000,1.275947,
0.00769480,0.000000,1.292195,
0.00769500,-0.002441,1.275947,
0.00769520,0.000000,1.275947,
0.00769540,0.000000,1.259700,
0.00769560,0.000000,1.259700,
0.00769580,-0.002441,1.259700,
0.00769600,0.000000,1.275947,
0.00769620,0.000000,1.275947,
0.00769640,-0.002441,1.275947,
0.00769660,-0.002441,1.275947,
0.00769680,0.000000,1.275947,
0.00769700,0.002441,1.275947,
0.00769720,0.000000,1.275947,
0.00769740,0.000000,1.275947,
0.00769760,-0.002441,1.275947,
0.00769780,0.000000,1.292195,
0.00769800,0.000000,1.275947,
0.00769820,-0.002441,1.275947,
0.00769840,0.000000,1.275947,
0.00769860,0.000000,1.275947,
0.00769880,0.000000,1.275947,
0.00769900,0.000000,1.275947,
0.00769920,0.000000,1.275947,
0.00769940,0.000000,1.292195,
0.00769960,-0.002441,1.292195,
0.00769980,0.000000,1.275947,
0.00770000,-0.002441,1.275947,
0.00770020,0.000000,1.275947,
0.00770040,0.000000,1.275947,
0.00770060,0.000000,1.292195,
0.00770080,0.000000,1.292195,
0.00770100,0.000000,1.275947,
0.00770120,0.000000,1.259700,
0.00770140,0.000000,1.259700,
0.00770160,0.000000,1.259700,
0.00770180,0.000000,1.259700,
0.00770200,0.000000,1.259700,
0.00770220,0.000000,1.259700,
0.00770240,0.000000,1.275947,
0.00770260,-0.002441,1.292195,
0.00770280,0.000000,1.308443,
0.00770300,0.000000,1.292195,
0.00770320,0.000000,1.275947,
0.00770340,0.000000,1.259700,
0.00770360,0.000000,1.259700,
0.00770380,0.002441,1.259700,
0.00770400,0.000000,1.275947,
0.00770420,0.000000,1.275947,
0.00770440,0.000000,1.292195,
0.00770460,0.000000,1.275947,
0.00770480,0.000000,1.275947,
0.00770500,0.000000,1.292195,
0.00770520,-0.002441,1.275947,
0.00770540,0.000000,1.275947,
0.00770560,0.000000,1.275947,
0.00770580,-0.002441,1.259700,
0.00770600,0.000000,1.292195,
0.00770620,0.000000,1.275947,
0.00770640,0.000000,1.275947,
0.00770660,0.000000,1.259700,
0.00770680,0.000000,1.275947,
0.00770700,-0.002441,1.275947,
0.00770720,0.000000,1.275947,
0.00770740,0.000000,1.275947,
0.00770760,0.000000,1.275947,
0.00770780,-0.002441,1.275947,
0.00770800,0.000000,1.275947,
0.00770820,0.000000,1.275947,
0.00770840,0.000000,1.275947,
0.00770860,-0.002441,1.275947,
0.00770880,-0.002441,1.259700,
0.00770900,-0.002441,1.275947,
0.00770920,-0.002441,1.275947,
0.00770940,0.000000,1.275947,
0.00770960,0.000000,1.275947,
0.00770980,0.000000,1.275947,
0.00771000,-0.002441,1.259700,
0.00771020,0.000000,1.275947,
0.00771040,0.000000,1.292195,
0.00771060,0.000000,1.292195,
0.00771080,0.000000,1.292195,
0.00771100,-0.002441,1.275947,
0.00771120,0.000000,1.275947,
0.00771140,-0.002441,1.275947,
0.00771160,0.000000,1.259700,
0.00771180,-0.002441,1.275947,
0.00771200,0.000000,1.292195,
0.00771220,0.000000,1.275947,
0.00771240,-0.002441,1.275947,
0.00771260,-0.002441,1.259700,
0.00771280,0.000000,1.275947,
0.00771300,0.000000,1.275947,
0.00771320,0.000000,1.292195,
0.00771340,0.000000,1.275947,
0.00771360,0.000000,1.275947,
0.00771380,0.000000,1.275947,
0.00771400,-0.002441,1.275947,
0.00771420,-0.002441,1.259700,
0.00771440,-0.002441,1.275947,
0.00771460,0.000000,1.275947,
0.00771480,-0.002441,1.275947,
0.00771500,0.000000,1.275947,
0.00771520,-0.002441,1.275947,
0.00771540,0.000000,1.275947,
0.00771560,0.000000,1.275947,
0.00771580,-0.002441,1.259700,
0.00771600,-0.002441,1.275947,
0.00771620,0.000000,1.292195,
0.00771640,0.000000,1.275947,
0.00771660,0.000000,1.275947,
0.00771680,-0.002441,1.275947,
0.00771700,0.000000,1.275947,
0.00771720,-0.002441,1.275947,
0.00771740,0.000000,1.275947,
0.00771760,-0.002441,1.292195,
0.00771780,0.000000,1.275947,
0.00771800,0.000000,1.275947,
0.00771820,0.000000,1.275947,
0.00771840,0.000000,1.259700,
0.00771860,0.000000,1.259700,
0.00771880,-0.002441,1.259700,
0.00771900,0.000000,1.275947,
0.00771920,0.000000,1.292195,
0.00771940,0.000000,1.308443,
0.00771960,0.002441,1.308443,
0.00771980,0.000000,1.292195,
0.00772000,0.002441,1.275947,
0.00772020,0.000000,1.259700,
0.00772040,-0.002441,1.259700,
0.00772060,0.000000,1.259700,
0.00772080,0.000000,1.275947,
0.00772100,0.000000,1.292195,
0.00772120,0.000000,1.292195,
0.00772140,0.000000,1.292195,
0.00772160,0.004883,1.292195,
0.00772180,-0.002441,1.292195,
0.00772200,-0.002441,1.259700,
0.00772220,0.000000,1.275947,
0.00772240,0.000000,1.275947,
0.00772260,0.000000,1.275947,
0.00772280,0.000000,1.292195,
0.00772300,0.000000,1.292195,
0.00772320,0.002441,1.275947,
0.00772340,0.000000,1.275947,
0.00772360,0.000000,1.275947,
0.00772380,-0.002441,1.275947,
0.00772400,-0.002441,1.275947,
0.00772420,0.000000,1.275947,
0.00772440,0.000000,1.275947,
0.00772460,-0.002441,1.292195,
0.00772480,-0.002441,1.275947,
0.00772500,0.000000,1.292195,
0.00772520,0.000000,1.275947,
0.00772540,-0.002441,1.275947,
0.00772560,-0.002441,1.259700,
0.00772580,-0.002441,1.275947,
0.00772600,0.000000,1.292195,
0.00772620,0.000000,1.292195,
0.00772640,-0.002441,1.292195,
0.00772660,0.000000,1.292195,
0.00772680,0.000000,1.275947,
0.00772700,0.000000,1.259700,
0.00772720,0.000000,1.275947,
0.00772740,0.000000,1.292195,
0.00772760,0.002441,1.292195,
0.00772780,0.000000,1.292195,
0.00772800,-0.002441,1.275947,
0.00772820,-0.004883,1.275947,
0.00772840,0.000000,1.292195,
0.00772860,0.000000,1.292195,
0.00772880,-0.002441,1.275947,
0.00772900,0.000000,1.292195,
0.00772920,0.000000,1.292195,
0.00772940,0.000000,1.292195,
0.00772960,0.000000,1.292195,
0.00772980,-0.002441,1.292195,
0.00773000,0.000000,1.292195,
0.00773020,-0.002441,1.292195,
0.00773040,0.000000,1.292195,
0.00773060,0.000000,1.292195,
0.00773080,0.000000,1.292195,
0.00773100,0.000000,1.292195,
0.00773120,0.000000,1.292195,
0.00773140,-0.002441,1.275947,
0.00773160,0.000000,1.292195,
0.00773180,-0.004883,1.275947,
0.00773200,0.000000,1.292195,
0.00773220,0.000000,1.292195,
0.00773240,0.000000,1.292195,
0.00773260,0.000000,1.275947,
0.00773280,-0.002441,1.275947,
0.00773300,0.000000,1.292195,
0.00773320,-0.002441,1.292195,
0.00773340,0.000000,1.275947,
0.00773360,0.000000,1.275947,
0.00773380,0.000000,1.292195,
0.00773400,0.000000,1.292195,
0.00773420,0.000000,1.292195,
0.00773440,-0.004883,1.292195,
0.00773460,0.000000,1.292195,
0.00773480,0.000000,1.275947,
0.00773500,-0.002441,1.275947,
0.00773520,-0.002441,1.275947,
0.00773540,0.000000,1.308443,
0.00773560,0.000000,1.308443,
0.00773580,-0.002441,1.308443,
0.00773600,0.000000,1.292195,
0.00773620,0.000000,1.292195,
0.00773640,-0.002441,1.275947,
0.00773660,-0.002441,1.275947,
0.00773680,0.000000,1.275947,
0.00773700,0.000000,1.275947,
0.00773720,0.000000,1.308443,
0.00773740,0.000000,1.308443,
0.00773760,0.000000,1.292195,
0.00773780,0.000000,1.308443,
0.00773800,0.000000,1.308443,
0.00773820,-0.002441,1.292195,
0.00773840,0.000000,1.292195,
0.00773860,0.000000,1.275947,
0.00773880,0.000000,1.275947,
0.00773900,0.000000,1.275947,
0.00773920,0.000000,1.292195,
0.00773940,0.000000,1.308443,
0.00773960,-0.002441,1.292195,
0.00773980,-0.002441,1.292195,
0.00774000,0.000000,1.292195,
0.00774020,0.000000,1.292195,
0.00774040,0.000000,1.308443,
0.00774060,0.000000,1.308443,
0.00774080,0.000000,1.308443,
0.00774100,0.000000,1.292195,
0.00774120,-0.002441,1.292195,
0.00774140,-0.002441,1.292195,
0.00774160,0.000000,1.308443,
0.00774180,0.000000,1.308443,
0.00774200,0.000000,1.308443,
0.00774220,0.000000,1.292195,
0.00774240,0.000000,1.292195,
0.00774260,0.000000,1.292195,
0.00774280,0.000000,1.275947,
0.00774300,-0.002441,1.292195,
0.00774320,-0.002441,1.292195,
0.00774340,-0.002441,1.308443,
0.00774360,0.000000,1.292195,
0.00774380,0.000000,1.292195,
0.00774400,0.000000,1.292195,
0.00774420,0.000000,1.308443,
0.00774440,0.000000,1.308443,
0.00774460,0.000000,1.292195,
0.00774480,0.000000,1.275947,
0.00774500,0.000000,1.292195,
0.00774520,0.000000,1.292195,
0.00774540,0.000000,1.308443,
0.00774560,-0.002441,1.308443,
0.00774580,-0.002441,1.308443,
0.00774600,0.000000,1.308443,
0.00774620,0.000000,1.292195,
0.00774640,0.000000,1.292195,
0.00774660,-0.002441,1.292195,
0.00774680,0.000000,1.292195,
0.00774700,0.000000,1.292195,
0.00774720,0.000000,1.292195,
0.00774740,-0.002441,1.308443,
0.00774760,0.000000,1.292195,
0.00774780,-0.002441,1.292195,
0.00774800,-0.002441,1.292195,
0.00774820,-0.002441,1.292195,
0.00774840,0.000000,1.292195,
0.00774860,0.000000,1.292195,
0.00774880,0.000000,1.292195,
0.00774900,0.000000,1.292195,
0.00774920,0.000000,1.292195,
0.00774940,0.000000,1.292195,
0.00774960,-0.002441,1.292195,
0.00774980,0.000000,1.292195,
0.00775000,0.000000,1.292195,
0.00775020,0.000000,1.292195,
0.00775040,0.000000,1.292195,
0.00775060,0.002441,1.292195,
0.00775080,0.000000,1.292195,
0.00775100,0.000000,1.292195,
0.00775120,-0.002441,1.292195,
0.00775140,0.000000,1.308443,
0.00775160,-0.002441,1.292195,
0.00775180,0.000000,1.292195,
0.00775200,-0.002441,1.292195,
0.00775220,0.000000,1.292195,
0.00775240,0.000000,1.292195,
0.00775260,-0.002441,1.292195,
0.00775280,0.000000,1.292195,
0.00775300,0.000000,1.308443,
0.00775320,0.000000,1.292195,
0.00775340,0.002441,1.292195,
0.00775360,0.000000,1.292195,
0.00775380,0.000000,1.292195,
0.00775400,0.002441,1.292195,
0.00775420,0.000000,1.292195,
0.00775440,-0.002441,1.292195,
0.00775460,0.000000,1.324690,
0.00775480,0.000000,1.308443,
0.00775500,0.000000,1.308443,
0.00775520,0.000000,1.275947,
0.00775540,-0.002441,1.259700,
0.00775560,-0.002441,1.275947,
0.00775580,-0.002441,1.292195,
0.00775600,-0.002441,1.292195,
0.00775620,0.000000,1.308443,
0.00775640,0.000000,1.308443,
0.00775660,0.000000,1.308443,
0.00775680,-0.002441,1.308443,
0.00775700,0.000000,1.292195,
0.00775720,0.000000,1.292195,
0.00775740,0.000000,1.275947,
0.00775760,-0.002441,1.292195,
0.00775780,-0.002441,1.292195,
0.00775800,0.000000,1.308443,
0.00775820,0.000000,1.308443,
0.00775840,-0.002441,1.292195,
0.00775860,0.000000,1.292195,
0.00775880,0.000000,1.292195,
0.00775900,-0.002441,1.292195,
0.00775920,-0.002441,1.292195,
0.00775940,0.000000,1.308443,
0.00775960,0.000000,1.308443,
0.00775980,0.000000,1.292195,
0.00776000,0.000000,1.308443,
0.00776020,0.002441,1.308443,
0.00776040,0.000000,1.292195,
0.00776060,0.000000,1.275947,
0.00776080,-0.002441,1.292195,
0.00776100,0.000000,1.308443,
0.00776120,0.000000,1.308443,
0.00776140,0.000000,1.308443,
0.00776160,0.000000,1.292195,
0.00776180,-0.002441,1.308443,
0.00776200,-0.002441,1.308443,
0.00776220,-0.002441,1.292195,
0.00776240,-0.002441,1.292195,
0.00776260,0.000000,1.292195,
0.00776280,-0.002441,1.292195,
0.00776300,-0.002441,1.292195,
0.00776320,0.000000,1.308443,
0.00776340,-0.002441,1.308443,
0.00776360,-0.002441,1.308443,
0.00776380,0.000000,1.292195,
0.00776400,0.000000,1.292195,
0.00776420,0.000000,1.292195,
0.00776440,0.000000,1.292195,
0.00776460,0.000000,1.308443,
0.00776480,0.000000,1.308443,
0.00776500,0.000000,1.308443,
0.00776520,0.000000,1.292195,
0.00776540,-0.002441,1.292195,
0.00776560,-0.002441,1.292195,
0.00776580,0.000000,1.308443,
0.00776600,0.000000,1.292195,
0.00776620,0.000000,1.292195,
0.00776640,0.000000,1.292195,
0.00776660,0.000000,1.308443,
0.00776680,0.000000,1.308443,
0.00776700,-0.002441,1.292195,
0.00776720,0.000000,1.292195,
0.00776740,-0.002441,1.308443,
0.00776760,0.000000,1.308443,
0.00776780,0.000000,1.308443,
0.00776800,0.000000,1.308443,
0.00776820,0.000000,1.308443,
0.00776840,-0.002441,1.308443,
0.00776860,-0.002441,1.308443,
0.00776880,-0.004883,1.292195,
0.00776900,0.000000,1.308443,
0.00776920,0.000000,1.308443,
0.00776940,0.000000,1.308443,
0.00776960,-0.002441,1.308443,
0.00776980,0.000000,1.308443,
0.00777000,-0.002441,1.308443,
0.00777020,-0.002441,1.308443,
0.00777040,-0.002441,1.308443,
0.00777060,0.000000,1.308443,
0.00777080,0.000000,1.324690,
0.00777100,0.000000,1.308443,
0.00777120,0.000000,1.308443,
0.00777140,-0.002441,1.308443,
0.00777160,0.000000,1.308443,
0.00777180,-0.002441,1.292195,
0.00777200,-0.002441,1.275947,
0.00777220,-0.002441,1.292195,
0.00777240,0.000000,1.308443,
0.00777260,-0.002441,1.324690,
0.00777280,0.000000,1.324690,
0.00777300,-0.002441,1.308443,
0.00777320,0.000000,1.308443,
0.00777340,0.000000,1.308443,
0.00777360,-0.002441,1.292195,
0.00777380,-0.002441,1.292195,
0.00777400,-0.002441,1.292195,
0.00777420,0.000000,1.308443,
0.00777440,-0.002441,1.308443,
0.00777460,0.000000,1.308443,
0.00777480,0.000000,1.308443,
0.00777500,-0.002441,1.308443,
0.00777520,-0.002441,1.308443,
0.00777540,-0.002441,1.308443,
0.00777560,0.000000,1.324690,
0.00777580,0.002441,1.308443,
0.00777600,-0.002441,1.292195,
0.00777620,0.002441,1.308443,
0.00777640,-0.002441,1.308443,
0.00777660,-0.002441,1.308443,
0.00777680,-0.002441,1.308443,
0.00777700,-0.002441,1.308443,
0.00777720,0.000000,1.324690,
0.00777740,0.000000,1.308443,
0.00777760,-0.002441,1.308443,
0.00777780,0.002441,1.324690,
0.00777800,0.000000,1.308443,
0.00777820,0.000000,1.308443,
0.00777840,-0.002441,1.308443,
0.00777860,-0.002441,1.308443,
0.00777880,0.000000,1.324690,
0.00777900,0.000000,1.324690,
0.00777920,0.000000,1.324690,
0.00777940,0.000000,1.308443,
0.00777960,-0.002441,1.308443,
0.00777980,0.000000,1.308443,
0.00778000,0.000000,1.308443,
0.00778020,-0.002441,1.308443,
0.00778040,0.000000,1.308443,
0.00778060,0.000000,1.324690,
0.00778080,-0.002441,1.308443,
0.00778100,-0.002441,1.308443,
0.00778120,0.000000,1.308443,
0.00778140,0.000000,1.308443,
0.00778160,-0.002441,1.308443,
0.00778180,-0.002441,1.308443,
0.00778200,-0.002441,1.308443,
0.00778220,0.000000,1.308443,
0.00778240,-0.002441,1.308443,
0.00778260,-0.002441,1.308443,
0.00778280,-0.002441,1.324690,
0.00778300,0.000000,1.308443,
0.00778320,-0.002441,1.308443,
0.00778340,-0.002441,1.308443,
0.00778360,-0.002441,1.308443,
0.00778380,0.000000,1.308443,
0.00778400,0.000000,1.308443,
0.00778420,0.000000,1.308443,
0.00778440,-0.002441,1.308443,
0.00778460,-0.002441,1.308443,
0.00778480,0.000000,1.308443,
0.00778500,-0.002441,1.308443,
0.00778520,0.000000,1.308443,
0.00778540,0.000000,1.292195,
0.00778560,0.000000,1.308443,
0.00778580,0.000000,1.308443,
0.00778600,-0.002441,1.308443,
0.00778620,-0.002441,1.308443,
0.00778640,-0.002441,1.308443,
0.00778660,-0.002441,1.308443,
0.00778680,-0.002441,1.308443,
0.00778700,-0.002441,1.324690,
0.00778720,0.000000,1.308443,
0.00778740,0.000000,1.308443,
0.00778760,-0.002441,1.308443,
0.00778780,-0.002441,1.308443,
0.00778800,-0.002441,1.308443,
0.00778820,-0.002441,1.292195,
0.00778840,0.000000,1.308443,
0.00778860,0.000000,1.292195,
0.00778880,0.000000,1.292195,
0.00778900,-0.002441,1.292195,
0.00778920,0.000000,1.308443,
0.00778940,0.000000,1.324690,
0.00778960,-0.002441,1.324690,
0.00778980,0.000000,1.324690,
0.00779000,0.000000,1.308443,
0.00779020,0.000000,1.324690,
0.00779040,-0.002441,1.292195,
0.00779060,-0.002441,1.275947,
0.00779080,-0.002441,1.292195,
0.00779100,-0.002441,1.292195,
0.00779120,-0.002441,1.308443,
0.00779140,0.000000,1.308443,
0.00779160,-0.002441,1.324690,
0.00779180,-0.002441,1.308443,
0.00779200,-0.002441,1.308443,
0.00779220,-0.004883,1.292195,
0.00779240,0.000000,1.308443,
0.00779260,-0.002441,1.292195,
0.00779280,-0.002441,1.292195,
0.00779300,-0.002441,1.308443,
0.00779320,0.000000,1.308443,
0.00779340,0.000000,1.324690,
0.00779360,0.000000,1.308443,
0.00779380,0.000000,1.308443,
0.00779400,0.000000,1.308443,
0.00779420,-0.002441,1.308443,
0.00779440,-0.002441,1.308443,
0.00779460,0.000000,1.308443,
0.00779480,-0.002441,1.308443,
0.00779500,-0.002441,1.308443,
0.00779520,0.000000,1.308443,
0.00779540,0.000000,1.292195,
0.00779560,0.000000,1.308443,
0.00779580,-0.002441,1.308443,
0.00779600,-0.004883,1.292195,
0.00779620,0.000000,1.308443,
0.00779640,0.000000,1.308443,
0.00779660,0.000000,1.308443,
0.00779680,0.000000,1.308443,
0.00779700,0.000000,1.308443,
0.00779720,0.000000,1.308443,
0.00779740,0.000000,1.308443,
0.00779760,-0.002441,1.292195,
0.00779780,-0.002441,1.292195,
0.00779800,-0.002441,1.292195,
0.00779820,-0.002441,1.308443,
0.00779840,-0.002441,1.308443,
0.00779860,0.000000,1.308443,
0.00779880,0.000000,1.308443,
0.00779900,-0.002441,1.292195,
0.00779920,-0.002441,1.292195,
0.00779940,0.000000,1.308443,
0.00779960,-0.002441,1.308443,
0.00779980,-0.002441,1.292195,
0.00780000,-0.002441,1.308443,
0.00780020,-0.002441,1.308443,
0.00780040,0.000000,1.324690,
0.00780060,0.000000,1.308443,
0.00780080,-0.002441,1.292195,
0.00780100,-0.002441,1.292195,
0.00780120,-0.002441,1.308443,
0.00780140,0.000000,1.308443,
0.00780160,-0.002441,1.308443,
0.00780180,0.000000,1.308443,
0.00780200,0.000000,1.308443,
0.00780220,-0.002441,1.308443,
0.00780240,-0.002441,1.308443,
0.00780260,-0.002441,1.308443,
0.00780280,0.000000,1.308443,
0.00780300,0.000000,1.308443,
0.00780320,-0.002441,1.308443,
0.00780340,-0.002441,1.308443,
0.00780360,-0.002441,1.308443,
0.00780380,0.000000,1.308443,
0.00780400,0.000000,1.308443,
0.00780420,-0.002441,1.308443,
0.00780440,0.000000,1.308443,
0.00780460,0.000000,1.308443,
0.00780480,0.000000,1.324690,
0.00780500,0.000000,1.308443,
0.00780520,0.000000,1.308443,
0.00780540,0.000000,1.308443,
0.00780560,-0.002441,1.308443,
0.00780580,-0.002441,1.308443,
0.00780600,0.000000,1.324690,
0.00780620,0.000000,1.324690,
0.00780640,0.000000,1.324690,
0.00780660,0.000000,1.308443,
0.00780680,0.000000,1.308443,
0.00780700,0.000000,1.292195,
0.00780720,-0.002441,1.292195,
0.00780740,-0.002441,1.292195,
0.00780760,0.000000,1.324690,
0.00780780,-0.002441,1.324690,
0.00780800,0.000000,1.324690,
0.00780820,-0.002441,1.324690,
0.00780840,0.000000,1.308443,
0.00780860,0.000000,1.308443,
0.00780880,-0.004883,1.308443,
0.00780900,0.000000,1.308443,
0.00780920,0.000000,1.292195,
0.00780940,-0.002441,1.292195,
0.00780960,0.000000,1.308443,
0.00780980,0.000000,1.324690,
0.00781000,0.000000,1.324690,
0.00781020,-0.002441,1.324690,
0.00781040,-0.002441,1.308443,
0.00781060,-0.002441,1.308443,
0.00781080,-0.002441,1.308443,
0.00781100,0.000000,1.308443,
0.00781120,-0.002441,1.308443,
0.00781140,-0.002441,1.308443,
0.00781160,-0.002441,1.324690,
0.00781180,0.000000,1.324690,
0.00781200,-0.002441,1.308443,
0.00781220,-0.002441,1.292195,
0.00781240,-0.002441,1.308443,
0.00781260,0.000000,1.324690,
0.00781280,-0.002441,1.324690,
0.00781300,0.000000,1.308443,
0.00781320,-0.002441,1.308443,
0.00781340,0.000000,1.308443,
0.00781360,-0.002441,1.308443,
0.00781380,-0.002441,1.308443,
0.00781400,0.000000,1.324690,
0.00781420,-0.002441,1.324690,
0.00781440,0.000000,1.324690,
0.00781460,-0.002441,1.324690,
0.00781480,-0.002441,1.324690,
0.00781500,0.000000,1.308443,
0.00781520,0.000000,1.308443,
0.00781540,-0.002441,1.308443,
0.00781560,0.000000,1.308443,
0.00781580,0.000000,1.324690,
0.00781600,0.000000,1.324690,
0.00781620,0.000000,1.324690,
0.00781640,0.000000,1.324690,
0.00781660,0.000000,1.308443,
0.00781680,-0.002441,1.324690,
0.00781700,-0.002441,1.324690,
0.00781720,0.000000,1.324690,
0.00781740,-0.002441,1.308443,
0.00781760,0.000000,1.308443,
0.00781780,-0.002441,1.324690,
0.00781800,-0.002441,1.324690,
0.00781820,-0.002441,1.324690,
0.00781840,0.000000,1.324690,
0.00781860,-0.002441,1.308443,
0.00781880,-0.002441,1.308443,
0.00781900,-0.002441,1.308443,
0.00781920,0.000000,1.324690,
0.00781940,-0.002441,1.308443,
0.00781960,-0.002441,1.324690,
0.00781980,-0.002441,1.308443,
0.00782000,-0.002441,1.308443,
0.00782020,-0.002441,1.308443,
0.00782040,0.000000,1.324690,
0.00782060,-0.002441,1.324690,
0.00782080,-0.002441,1.308443,
0.00782100,0.000000,1.308443,
0.00782120,0.000000,1.324690,
0.00782140,-0.002441,1.324690,
0.00782160,-0.002441,1.308443,
0.00782180,-0.002441,1.292195,
0.00782200,-0.002441,1.308443,
0.00782220,-0.004883,1.324690,
0.00782240,-0.002441,1.324690,
0.00782260,-0.002441,1.308443,
0.00782280,0.000000,1.308443,
0.00782300,-0.002441,1.308443,
0.00782320,-0.002441,1.308443,
0.00782340,-0.002441,1.308443,
0.00782360,-0.002441,1.308443,
0.00782380,0.000000,1.308443,
0.00782400,-0.002441,1.308443,
0.00782420,-0.002441,1.308443,
0.00782440,-0.002441,1.324690,
0.00782460,0.000000,1.340938,
0.00782480,-0.002441,1.324690,
0.00782500,-0.002441,1.324690,
0.00782520,-0.002441,1.308443,
0.00782540,-0.002441,1.308443,
0.00782560,0.000000,1.308443,
0.00782580,-0.002441,1.308443,
0.00782600,-0.002441,1.308443,
0.00782620,-0.002441,1.308443,
0.00782640,-0.002441,1.308443,
0.00782660,-0.002441,1.308443,
0.00782680,0.000000,1.324690,
0.00782700,-0.002441,1.308443,
0.00782720,-0.002441,1.308443,
0.00782740,-0.002441,1.324690,
0.00782760,0.000000,1.308443,
0.00782780,-0.002441,1.308443,
0.00782800,0.000000,1.308443,
0.00782820,-0.002441,1.308443,
0.00782840,-0.002441,1.324690,
0.00782860,-0.002441,1.324690,
0.00782880,0.000000,1.308443,
0.00782900,0.000000,1.308443,
0.00782920,0.000000,1.324690,
0.00782940,-0.002441,1.308443,
0.00782960,-0.002441,1.308443,
0.00782980,-0.002441,1.308443,
0.00783000,0.000000,1.324690,
0.00783020,0.000000,1.324690,
0.00783040,0.002441,1.308443,
0.00783060,-0.002441,1.308443,
0.00783080,-0.002441,1.308443,
0.00783100,0.000000,1.308443,
0.00783120,0.000000,1.292195,
0.00783140,-0.002441,1.308443,
0.00783160,0.000000,1.308443,
0.00783180,-0.002441,1.308443,
0.00783200,-0.002441,1.308443,
0.00783220,-0.004883,1.308443,
0.00783240,-0.002441,1.308443,
0.00783260,0.000000,1.308443,
0.00783280,-0.004883,1.308443,
0.00783300,-0.002441,1.292195,
0.00783320,-0.002441,1.308443,
0.00783340,0.000000,1.308443,
0.00783360,0.000000,1.308443,
0.00783380,-0.002441,1.308443,
0.00783400,0.000000,1.308443,
0.00783420,0.000000,1.292195,
0.00783440,-0.002441,1.292195,
0.00783460,-0.002441,1.292195,
0.00783480,0.000000,1.308443,
0.00783500,0.000000,1.308443,
0.00783520,0.000000,1.308443,
0.00783540,0.000000,1.308443,
0.00783560,0.002441,1.308443,
0.00783580,-0.002441,1.308443,
0.00783600,-0.002441,1.292195,
0.00783620,-0.002441,1.292195,
0.00783640,-0.002441,1.292195,
0.00783660,-0.004883,1.292195,
0.00783680,0.000000,1.308443,
0.00783700,0.000000,1.308443,
0.00783720,0.002441,1.308443,
0.00783740,0.000000,1.308443,
0.00783760,-0.002441,1.292195,
0.00783780,0.000000,1.292195,
0.00783800,-0.002441,1.308443,
0.00783820,0.000000,1.308443,
0.00783840,0.000000,1.308443,
0.00783860,-0.002441,1.292195,
0.00783880,0.002441,1.308443,
0.00783900,-0.002441,1.308443,
0.00783920,-0.002441,1.308443,
0.00783940,-0.002441,1.292195,
0.00783960,-0.002441,1.292195,
0.00783980,0.000000,1.308443,
0.00784000,-0.002441,1.308443,
0.00784020,0.000000,1.308443,
0.00784040,0.000000,1.308443,
0.00784060,-0.002441,1.292195,
0.00784080,-0.002441,1.292195,
0.00784100,-0.002441,1.292195,
0.00784120,-0.002441,1.308443,
0.00784140,-0.002441,1.324690,
0.00784160,-0.002441,1.308443,
0.00784180,0.000000,1.275947,
0.00784200,-0.002441,1.292195,
0.00784220,-0.002441,1.292195,
0.00784240,-0.002441,1.275947,
0.00784260,-0.002441,1.292195,
0.00784280,-0.002441,1.308443,
0.00784300,-0.002441,1.308443,
0.00784320,-0.002441,1.308443,
0.00784340,-0.002441,1.308443,
0.00784360,0.000000,1.292195,
0.00784380,-0.002441,1.308443,
0.00784400,-0.002441,1.292195,
0.00784420,-0.002441,1.275947,
0.00784440,-0.002441,1.292195,
0.00784460,0.000000,1.308443,
0.00784480,0.000000,1.308443,
0.00784500,-0.002441,1.308443,
0.00784520,0.002441,1.324690,
0.00784540,-0.002441,1.324690,
0.00784560,-0.002441,1.308443,
0.00784580,-0.002441,1.292195,
0.00784600,-0.002441,1.308443,
0.00784620,0.002441,1.308443,
0.00784640,-0.002441,1.292195,
0.00784660,-0.002441,1.292195,
0.00784680,-0.002441,1.292195,
0.00784700,-0.002441,1.308443,
0.00784720,-0.002441,1.308443,
0.00784740,-0.002441,1.292195,
0.00784760,-0.002441,1.292195,
0.00784780,-0.002441,1.308443,
0.00784800,0.000000,1.308443,
0.00784820,-0.002441,1.308443,
0.00784840,-0.002441,1.308443,
0.00784860,-0.002441,1.292195,
0.00784880,0.000000,1.292195,
0.00784900,-0.002441,1.308443,
0.00784920,-0.002441,1.308443,
0.00784940,-0.002441,1.308443,
0.00784960,0.000000,1.308443,
0.00784980,0.000000,1.308443,
0.00785000,-0.002441,1.308443,
0.00785020,0.000000,1.292195,
0.00785040,-0.002441,1.292195,
0.00785060,0.000000,1.292195,
0.00785080,-0.002441,1.308443,
0.00785100,0.000000,1.308443,
0.00785120,0.000000,1.308443,
0.00785140,0.000000,1.308443,
0.00785160,-0.002441,1.292195,
0.00785180,-0.002441,1.292195,
0.00785200,-0.002441,1.292195,
0.00785220,-0.002441,1.292195,
0.00785240,-0.004883,1.275947,
0.00785260,-0.002441,1.292195,
0.00785280,0.000000,1.292195,
0.00785300,-0.002441,1.308443,
0.00785320,-0.002441,1.308443,
0.00785340,0.000000,1.308443,
0.00785360,0.000000,1.308443,
0.00785380,0.000000,1.292195,
0.00785400,-0.002441,1.292195,
0.00785420,-0.002441,1.292195,
0.00785440,0.000000,1.308443,
0.00785460,-0.002441,1.308443,
0.00785480,-0.004883,1.292195,
0.00785500,-0.002441,1.308443,
0.00785520,-0.002441,1.292195,
0.00785540,-0.002441,1.292195,
0.00785560,-0.002441,1.292195,
0.00785580,-0.002441,1.308443,
0.00785600,-0.002441,1.308443,
0.00785620,0.000000,1.308443,
0.00785640,0.000000,1.308443,
0.00785660,0.000000,1.292195,
0.00785680,0.000000,1.292195,
0.00785700,-0.002441,1.292195,
0.00785720,-0.002441,1.292195,
0.00785740,0.000000,1.308443,
0.00785760,0.000000,1.292195,
0.00785780,-0.002441,1.292195,
0.00785800,-0.002441,1.292195,
0.00785820,0.000000,1.292195,
0.00785840,0.000000,1.292195,
0.00785860,-0.002441,1.292195,
0.00785880,-0.002441,1.275947,
0.00785900,-0.002441,1.275947,
0.00785920,0.000000,1.292195,
0.00785940,-0.002441,1.308443,
0.00785960,-0.002441,1.324690,
0.00785980,0.000000,1.324690,
0.00786000,-0.004883,1.292195,
0.00786020,-0.002441,1.275947,
0.00786040,-0.002441,1.275947,
0.00786060,-0.002441,1.275947,
0.00786080,0.000000,1.292195,
0.00786100,0.000000,1.292195,
0.00786120,-0.002441,1.292195,
0.00786140,0.000000,1.292195,
0.00786160,0.000000,1.292195,
0.00786180,-0.002441,1.292195,
0.00786200,0.000000,1.292195,
0.00786220,-0.002441,1.292195,
0.00786240,-0.004883,1.275947,
0.00786260,0.000000,1.292195,
0.00786280,0.000000,1.292195,
0.00786300,-0.002441,1.292195,
0.00786320,-0.002441,1.292195,
0.00786340,-0.002441,1.292195,
0.00786360,-0.002441,1.275947,
0.00786380,0.000000,1.292195,
0.00786400,0.000000,1.292195,
0.00786420,-0.002441,1.275947,
0.00786440,-0.002441,1.275947,
0.00786460,0.000000,1.292195,
0.00786480,0.000000,1.275947,
0.00786500,-0.002441,1.292195,
0.00786520,-0.002441,1.292195,
0.00786540,0.000000,1.292195,
0.00786560,0.000000,1.275947,
0.00786580,-0.002441,1.275947,
0.00786600,-0.002441,1.275947,
0.00786620,0.000000,1.292195,
0.00786640,0.000000,1.275947,
0.00786660,-0.002441,1.275947,
0.00786680,-0.002441,1.275947,
0.00786700,-0.002441,1.292195,
0.00786720,0.000000,1.292195,
0.00786740,-0.002441,1.292195,
0.00786760,-0.002441,1.292195,
0.00786780,0.000000,1.275947,
0.00786800,-0.002441,1.259700,
0.00786820,-0.002441,1.259700,
0.00786840,-0.002441,1.275947,
0.00786860,0.000000,1.292195,
0.00786880,0.000000,1.275947,
0.00786900,-0.002441,1.275947,
0.00786920,-0.002441,1.275947,
0.00786940,-0.002441,1.275947,
0.00786960,0.000000,1.275947,
0.00786980,-0.002441,1.275947,
0.00787000,-0.002441,1.275947,
0.00787020,0.000000,1.275947,
0.00787040,0.000000,1.275947,
0.00787060,-0.002441,1.275947,
0.00787080,-0.002441,1.259700,
0.00787100,-0.004883,1.259700,
0.00787120,-0.002441,1.275947,
0.00787140,-0.002441,1.275947,
0.00787160,-0.002441,1.275947,
0.00787180,-0.002441,1.275947,
0.00787200,-0.002441,1.259700,
0.00787220,-0.002441,1.275947,
0.00787240,-0.002441,1.275947,
0.00787260,-0.002441,1.275947,
0.00787280,-0.002441,1.275947,
0.00787300,-0.002441,1.259700,
0.00787320,-0.002441,1.259700,
0.00787340,-0.002441,1.259700,
0.00787360,-0.002441,1.275947,
0.00787380,0.000000,1.292195,
0.00787400,-0.002441,1.275947,
0.00787420,-0.002441,1.275947,
0.00787440,-0.002441,1.259700,
0.00787460,-0.002441,1.259700,
0.00787480,-0.002441,1.259700,
0.00787500,-0.002441,1.275947,
0.00787520,-0.002441,1.275947,
0.00787540,-0.002441,1.275947,
0.00787560,-0.002441,1.259700,
0.00787580,-0.002441,1.275947,
0.00787600,0.000000,1.275947,
0.00787620,-0.002441,1.275947,
0.00787640,0.000000,1.275947,
0.00787660,-0.002441,1.275947,
0.00787680,-0.002441,1.259700,
0.00787700,0.000000,1.259700,
0.00787720,-0.002441,1.259700,
0.00787740,-0.002441,1.259700,
0.00787760,0.000000,1.259700,
0.00787780,-0.002441,1.275947,
0.00787800,-0.002441,1.275947,
0.00787820,-0.002441,1.292195,
0.00787840,-0.002441,1.275947,
0.00787860,0.000000,1.275947,
0.00787880,-0.002441,1.275947,
0.00787900,-0.002441,1.275947,
0.00787920,-0.002441,1.259700,
0.00787940,-0.002441,1.259700,
0.00787960,0.000000,1.259700,
0.00787980,-0.002441,1.275947,
0.00788000,-0.002441,1.259700,
0.00788020,-0.002441,1.275947,
0.00788040,-0.002441,1.275947,
0.00788060,0.000000,1.275947,
0.00788080,-0.002441,1.259700,
0.00788100,-0.002441,1.259700,
0.00788120,-0.002441,1.259700,
0.00788140,-0.002441,1.259700,
0.00788160,-0.002441,1.259700,
0.00788180,0.000000,1.275947,
0.00788200,-0.002441,1.259700,
0.00788220,-0.002441,1.275947,
0.00788240,-0.002441,1.259700,
0.00788260,-0.002441,1.259700,
0.00788280,-0.002441,1.259700,
0.00788300,0.000000,1.259700,
0.00788320,-0.002441,1.259700,
0.00788340,0.000000,1.275947,
0.00788360,-0.002441,1.259700,
0.00788380,0.000000,1.259700,
0.00788400,-0.002441,1.259700,
0.00788420,0.000000,1.275947,
0.00788440,0.000000,1.259700,
0.00788460,0.000000,1.259700,
0.00788480,-0.002441,1.259700,
0.00788500,0.000000,1.275947,
0.00788520,-0.002441,1.275947,
0.00788540,-0.002441,1.275947,
0.00788560,-0.002441,1.259700,
0.00788580,-0.002441,1.259700,
0.00788600,-0.002441,1.259700,
0.00788620,0.000000,1.259700,
0.00788640,-0.002441,1.259700,
0.00788660,0.000000,1.275947,
0.00788680,-0.002441,1.275947,
0.00788700,0.000000,1.275947,
0.00788720,-0.002441,1.259700,
0.00788740,-0.002441,1.259700,
0.00788760,-0.002441,1.259700,
0.00788780,-0.002441,1.259700,
0.00788800,-0.002441,1.275947,
0.00788820,-0.002441,1.259700,
0.00788840,-0.002441,1.259700,
0.00788860,-0.002441,1.275947,
0.00788880,-0.002441,1.259700,
0.00788900,-0.002441,1.275947,
0.00788920,0.000000,1.259700,
0.00788940,-0.002441,1.275947,
0.00788960,0.000000,1.275947,
0.00788980,-0.002441,1.259700,
0.00789000,-0.002441,1.243452,
0.00789020,-0.002441,1.259700,
0.00789040,-0.002441,1.259700,
0.00789060,-0.004883,1.259700,
0.00789080,-0.002441,1.259700,
0.00789100,-0.002441,1.259700,
0.00789120,-0.002441,1.259700,
0.00789140,0.000000,1.275947,
0.00789160,-0.002441,1.259700,
0.00789180,0.002441,1.259700,
0.00789200,0.000000,1.275947,
0.00789220,-0.002441,1.259700,
0.00789240,-0.002441,1.259700,
0.00789260,0.000000,1.259700,
0.00789280,-0.002441,1.259700,
0.00789300,-0.004883,1.259700,
0.00789320,-0.002441,1.259700,
0.00789340,0.004883,1.275947,
0.00789360,-0.002441,1.243452,
0.00789380,-0.002441,1.243452,
0.00789400,-0.002441,1.243452,
0.00789420,-0.002441,1.259700,
0.00789440,0.000000,1.275947,
0.00789460,-0.002441,1.275947,
0.00789480,-0.002441,1.275947,
0.00789500,0.002441,1.275947,
0.00789520,-0.002441,1.259700,
0.00789540,-0.002441,1.259700,
0.00789560,-0.002441,1.243452,
0.00789580,-0.002441,1.243452,
0.00789600,0.000000,1.243452,
0.00789620,0.000000,1.243452,
0.00789640,-0.002441,1.259700,
0.00789660,0.000000,1.259700,
0.00789680,-0.002441,1.275947,
0.00789700,-0.002441,1.275947,
0.00789720,-0.002441,1.259700,
0.00789740,-0.002441,1.259700,
0.00789760,0.000000,1.259700,
0.00789780,0.000000,1.259700,
0.00789800,-0.002441,1.259700,
0.00789820,0.000000,1.259700,
0.00789840,0.000000,1.275947,
0.00789860,-0.002441,1.259700,
0.00789880,-0.002441,1.243452,
0.00789900,-0.002441,1.243452,
0.00789920,-0.002441,1.259700,
0.00789940,0.000000,1.259700,
0.00789960,0.000000,1.259700,
0.00789980,-0.002441,1.259700,
0.00790000,0.000000,1.259700,
0.00790020,-0.002441,1.259700,
0.00790040,-0.002441,1.243452,
0.00790060,-0.004883,1.243452,
0.00790080,-0.002441,1.259700,
0.00790100,-0.002441,1.259700,
0.00790120,-0.002441,1.243452,
0.00790140,-0.002441,1.243452,
0.00790160,-0.002441,1.243452,
0.00790180,-0.002441,1.243452,
0.00790200,-0.002441,1.243452,
0.00790220,-0.002441,1.259700,
0.00790240,-0.002441,1.259700,
0.00790260,-0.002441,1.259700,
0.00790280,-0.002441,1.243452,
0.00790300,0.000000,1.243452,
0.00790320,-0.002441,1.259700,
0.00790340,-0.002441,1.259700,
0.00790360,-0.002441,1.243452,
0.00790380,-0.002441,1.243452,
0.00790400,0.000000,1.243452,
0.00790420,-0.002441,1.243452,
0.00790440,-0.002441,1.243452,
0.00790460,0.000000,1.259700,
0.00790480,-0.002441,1.259700,
0.00790500,-0.002441,1.243452,
0.00790520,-0.002441,1.243452,
0.00790540,-0.002441,1.243452,
0.00790560,-0.002441,1.243452,
0.00790580,0.000000,1.259700,
0.00790600,0.000000,1.259700,
0.00790620,-0.002441,1.243452,
0.00790640,0.000000,1.243452,
0.00790660,-0.002441,1.243452,
0.00790680,-0.002441,1.243452,
0.00790700,0.000000,1.259700,
0.00790720,-0.002441,1.259700,
0.00790740,0.000000,1.243452,
0.00790760,0.000000,1.243452,
0.00790780,-0.004883,1.243452,
0.00790800,-0.002441,1.259700,
0.00790820,-0.002441,1.243452,
0.00790840,-0.002441,1.243452,
0.00790860,0.000000,1.243452,
0.00790880,-0.002441,1.227205,
0.00790900,-0.002441,1.243452,
0.00790920,-0.002441,1.243452,
0.00790940,0.000000,1.259700,
0.00790960,-0.002441,1.259700,
0.00790980,-0.002441,1.243452,
0.00791000,-0.002441,1.243452,
0.00791020,-0.002441,1.227205,
0.00791040,0.000000,1.243452,
0.00791060,-0.002441,1.259700,
0.00791080,-0.002441,1.259700,
0.00791100,-0.004883,1.259700,
0.00791120,-0.002441,1.243452,
0.00791140,0.000000,1.259700,
0.00791160,-0.002441,1.243452,
0.00791180,-0.002441,1.227205,
0.00791200,0.000000,1.227205,
0.00791220,0.000000,1.227205,
0.00791240,-0.002441,1.243452,
0.00791260,-0.004883,1.243452,
0.00791280,0.000000,1.243452,
0.00791300,0.000000,1.243452,
0.00791320,-0.002441,1.259700,
0.00791340,-0.002441,1.259700,
0.00791360,-0.002441,1.243452,
0.00791380,0.000000,1.243452,
0.00791400,0.000000,1.243452,
0.00791420,-0.002441,1.243452,
0.00791440,0.000000,1.243452,
0.00791460,-0.002441,1.243452,
0.00791480,-0.002441,1.227205,
0.00791500,0.000000,1.243452,
0.00791520,0.000000,1.243452,
0.00791540,-0.002441,1.243452,
0.00791560,-0.002441,1.259700,
0.00791580,-0.002441,1.243452,
0.00791600,0.000000,1.243452,
0.00791620,-0.002441,1.243452,
0.00791640,-0.002441,1.227205,
0.00791660,-0.002441,1.243452,
0.00791680,0.000000,1.259700,
0.00791700,-0.002441,1.243452,
0.00791720,0.000000,1.243452,
0.00791740,-0.002441,1.243452,
0.00791760,0.000000,1.243452,
0.00791780,-0.002441,1.243452,
0.00791800,-0.002441,1.243452,
0.00791820,0.000000,1.243452,
0.00791840,0.000000,1.243452,
0.00791860,0.000000,1.243452,
0.00791880,-0.002441,1.243452,
0.00791900,-0.002441,1.259700,
0.00791920,-0.002441,1.243452,
0.00791940,-0.002441,1.243452,
0.00791960,-0.002441,1.243452,
0.00791980,-0.002441,1.243452,
0.00792000,0.000000,1.243452,
0.00792020,-0.002441,1.243452,
0.00792040,-0.002441,1.227205,
0.00792060,-0.002441,1.243452,
0.00792080,-0.002441,1.259700,
0.00792100,0.000000,1.259700,
0.00792120,-0.002441,1.243452,
0.00792140,0.000000,1.227205,
0.00792160,-0.002441,1.243452,
0.00792180,0.000000,1.243452,
0.00792200,0.000000,1.243452,
0.00792220,0.000000,1.227205,
0.00792240,-0.002441,1.243452,
0.00792260,0.000000,1.243452,
0.00792280,-0.002441,1.243452,
0.00792300,-0.002441,1.243452,
0.00792320,-0.002441,1.243452,
0.00792340,0.000000,1.243452,
0.00792360,0.000000,1.243452,
0.00792380,0.000000,1.243452,
0.00792400,0.000000,1.243452,
0.00792420,-0.002441,1.243452,
0.00792440,-0.002441,1.227205,
0.00792460,-0.002441,1.227205,
0.00792480,-0.002441,1.243452,
0.00792500,0.000000,1.243452,
0.00792520,-0.002441,1.243452,
0.00792540,0.000000,1.227205,
0.00792560,0.000000,1.243452,
0.00792580,0.000000,1.243452,
0.00792600,-0.002441,1.243452,
0.00792620,-0.002441,1.243452,
0.00792640,-0.002441,1.227205,
0.00792660,0.000000,1.227205,
0.00792680,-0.002441,1.243452,
0.00792700,-0.002441,1.243452,
0.00792720,0.000000,1.243452,
0.00792740,0.000000,1.243452,
0.00792760,-0.002441,1.243452,
0.00792780,-0.002441,1.227205,
0.00792800,-0.002441,1.243452,
0.00792820,0.000000,1.227205,
0.00792840,0.000000,1.243452,
0.00792860,-0.002441,1.243452,
0.00792880,-0.002441,1.227205,
0.00792900,-0.002441,1.227205,
0.00792920,0.000000,1.227205,
0.00792940,0.000000,1.227205,
0.00792960,-0.002441,1.243452,
0.00792980,0.000000,1.259700,
0.00793000,0.000000,1.259700,
0.00793020,0.000000,1.259700,
0.00793040,-0.002441,1.243452,
0.00793060,0.000000,1.227205,
0.00793080,-0.002441,1.210957,
0.00793100,-0.002441,1.210957,
0.00793120,0.002441,1.243452,
0.00793140,0.000000,1.227205,
0.00793160,0.000000,1.243452,
0.00793180,0.000000,1.243452,
0.00793200,0.000000,1.259700,
0.00793220,0.000000,1.243452,
0.00793240,0.000000,1.227205,
0.00793260,-0.002441,1.243452,
0.00793280,0.000000,1.227205,
0.00793300,0.000000,1.227205,
0.00793320,0.000000,1.227205,
0.00793340,-0.002441,1.227205,
0.00793360,-0.002441,1.259700,
0.00793380,-0.002441,1.243452,
0.00793400,-0.002441,1.243452,
0.00793420,-0.002441,1.227205,
0.00793440,-0.002441,1.227205,
0.00793460,0.000000,1.227205,
0.00793480,0.002441,1.243452,
0.00793500,-0.002441,1.227205,
0.00793520,0.000000,1.243452,
0.00793540,-0.002441,1.243452,
0.00793560,-0.002441,1.227205,
0.00793580,-0.002441,1.227205,
0.00793600,0.000000,1.227205,
0.00793620,0.000000,1.227205,
0.00793640,0.000000,1.243452,
0.00793660,-0.002441,1.243452,
0.00793680,0.000000,1.243452,
0.00793700,-0.002441,1.227205,
0.00793720,-0.002441,1.243452,
0.00793740,-0.002441,1.243452,
0.00793760,-0.002441,1.243452,
0.00793780,0.000000,1.227205,
0.00793800,0.000000,1.227205,
0.00793820,-0.002441,1.227205,
0.00793840,0.000000,1.243452,
0.00793860,0.000000,1.243452,
0.00793880,-0.002441,1.227205,
0.00793900,-0.002441,1.227205,
0.00793920,0.000000,1.243452,
0.00793940,0.000000,1.243452,
0.00793960,-0.002441,1.243452,
0.00793980,-0.002441,1.227205,
0.00794000,-0.002441,1.243452,
0.00794020,0.000000,1.243452,
0.00794040,-0.002441,1.243452,
0.00794060,-0.002441,1.227205,
0.00794080,0.000000,1.243452,
0.00794100,-0.002441,1.227205,
0.00794120,-0.002441,1.243452,
0.00794140,-0.002441,1.243452,
0.00794160,-0.002441,1.227205,
0.00794180,-0.002441,1.227205,
0.00794200,-0.002441,1.227205,
0.00794220,-0.002441,1.227205,
0.00794240,-0.002441,1.243452,
0.00794260,-0.002441,1.243452,
0.00794280,-0.002441,1.243452,
0.00794300,-0.002441,1.227205,
0.00794320,0.000000,1.243452,
0.00794340,-0.002441,1.227205,
0.00794360,-0.002441,1.243452,
0.00794380,-0.002441,1.227205,
0.00794400,0.000000,1.227205,
0.00794420,-0.002441,1.243452,
0.00794440,0.000000,1.243452,
0.00794460,-0.002441,1.227205,
0.00794480,0.000000,1.227205,
0.00794500,-0.002441,1.227205,
0.00794520,-0.002441,1.243452,
0.00794540,-0.002441,1.227205,
0.00794560,-0.002441,1.227205,
0.00794580,0.000000,1.243452,
0.00794600,-0.002441,1.243452,
0.00794620,0.000000,1.243452,
0.00794640,0.000000,1.259700,
0.00794660,0.000000,1.243452,
0.00794680,-0.002441,1.227205,
0.00794700,-0.004883,1.227205,
0.00794720,-0.002441,1.210957,
0.00794740,0.000000,1.227205,
0.00794760,0.000000,1.210957,
0.00794780,-0.002441,1.227205,
0.00794800,-0.002441,1.243452,
0.00794820,0.000000,1.243452,
0.00794840,-0.002441,1.243452,
0.00794860,-0.002441,1.243452,
0.00794880,-0.002441,1.227205,
0.00794900,-0.002441,1.227205,
0.00794920,0.000000,1.227205,
0.00794940,-0.002441,1.210957,
0.00794960,-0.004883,1.227205,
0.00794980,-0.002441,1.227205,
0.00795000,0.000000,1.227205,
0.00795020,0.000000,1.227205,
0.00795040,-0.002441,1.243452,
0.00795060,0.000000,1.227205,
0.00795080,0.000000,1.227205,
0.00795100,-0.002441,1.227205,
0.00795120,-0.002441,1.227205,
0.00795140,0.000000,1.243452,
0.00795160,-0.002441,1.243452,
0.00795180,-0.002441,1.227205,
0.00795200,-0.002441,1.227205,
0.00795220,0.000000,1.227205,
0.00795240,0.000000,1.227205,
0.00795260,0.000000,1.227205,
0.00795280,0.002441,1.227205,
0.00795300,-0.002441,1.227205,
0.00795320,0.000000,1.227205,
0.00795340,-0.002441,1.210957,
0.00795360,-0.002441,1.227205,
0.00795380,0.000000,1.243452,
0.00795400,0.000000,1.243452,
0.00795420,-0.002441,1.243452,
0.00795440,0.002441,1.227205,
0.00795460,0.000000,1.210957,
0.00795480,0.000000,1.210957,
0.00795500,-0.002441,1.227205,
0.00795520,-0.002441,1.243452,
0.00795540,0.000000,1.243452,
0.00795560,0.000000,1.227205,
0.00795580,-0.002441,1.227205,
0.00795600,0.000000,1.243452,
0.00795620,0.000000,1.227205,
0.00795640,-0.002441,1.227205,
0.00795660,-0.002441,1.210957,
0.00795680,-0.002441,1.227205,
0.00795700,0.000000,1.227205,
0.00795720,0.000000,1.227205,
0.00795740,-0.002441,1.227205,
0.00795760,-0.002441,1.227205,
0.00795780,0.000000,1.227205,
0.00795800,-0.002441,1.227205,
0.00795820,0.000000,1.227205,
0.00795840,0.000000,1.227205,
0.00795860,0.000000,1.227205,
0.00795880,-0.002441,1.227205,
0.00795900,0.000000,1.227205,
0.00795920,-0.002441,1.210957,
0.00795940,-0.002441,1.227205,
0.00795960,0.000000,1.227205,
0.00795980,-0.002441,1.227205,
0.00796000,-0.002441,1.210957,
0.00796020,0.000000,1.227205,
0.00796040,0.000000,1.227205,
0.00796060,0.000000,1.227205,
0.00796080,0.000000,1.210957,
0.00796100,-0.002441,1.227205,
0.00796120,-0.002441,1.227205,
0.00796140,0.000000,1.227205,
0.00796160,-0.002441,1.210957,
0.00796180,-0.002441,1.210957,
0.00796200,-0.002441,1.227205,
0.00796220,-0.002441,1.227205,
0.00796240,0.000000,1.227205,
0.00796260,-0.004883,1.210957,
0.00796280,-0.002441,1.210957,
0.00796300,-0.002441,1.227205,
0.00796320,-0.002441,1.227205,
0.00796340,-0.002441,1.227205,
0.00796360,0.000000,1.227205,
0.00796380,-0.002441,1.210957,
0.00796400,-0.002441,1.210957,
0.00796420,-0.002441,1.210957,
0.00796440,-0.002441,1.210957,
0.00796460,-0.002441,1.227205,
0.00796480,-0.002441,1.227205,
0.00796500,-0.002441,1.243452,
0.00796520,0.000000,1.243452,
0.00796540,-0.002441,1.227205,
0.00796560,-0.004883,1.227205,
0.00796580,-0.002441,1.210957,
0.00796600,0.000000,1.194710,
0.00796620,-0.002441,1.194710,
0.00796640,-0.002441,1.210957,
0.00796660,0.000000,1.227205,
0.00796680,0.000000,1.243452,
0.00796700,0.000000,1.227205,
0.00796720,-0.002441,1.227205,
0.00796740,0.000000,1.210957,
0.00796760,-0.002441,1.227205,
0.00796780,0.000000,1.210957,
0.00796800,0.000000,1.227205,
0.00796820,0.000000,1.227205,
0.00796840,0.000000,1.227205,
0.00796860,0.000000,1.243452,
0.00796880,-0.002441,1.227205,
0.00796900,0.000000,1.227205,
0.00796920,-0.002441,1.210957,
0.00796940,-0.002441,1.210957,
0.00796960,0.000000,1.227205,
0.00796980,0.000000,1.227205,
0.00797000,0.000000,1.227205,
0.00797020,0.000000,1.227205,
0.00797040,0.002441,1.227205,
0.00797060,0.000000,1.227205,
0.00797080,-0.002441,1.227205,
0.00797100,-0.002441,1.227205,
0.00797120,-0.002441,1.227205,
0.00797140,0.000000,1.227205,
0.00797160,0.000000,1.227205,
0.00797180,-0.002441,1.227205,
0.00797200,-0.002441,1.227205,
0.00797220,0.000000,1.227205,
0.00797240,0.000000,1.227205,
0.00797260,0.000000,1.227205,
0.00797280,-0.002441,1.210957,
0.00797300,0.000000,1.227205,
0.00797320,0.000000,1.227205,
0.00797340,0.000000,1.243452,
0.00797360,-0.002441,1.243452,
0.00797380,-0.002441,1.227205,
0.00797400,0.000000,1.227205,
0.00797420,-0.002441,1.227205,
0.00797440,-0.002441,1.227205,
0.00797460,-0.002441,1.243452,
0.00797480,-0.002441,1.227205,
0.00797500,-0.002441,1.227205,
0.00797520,-0.002441,1.227205,
0.00797540,0.000000,1.243452,
0.00797560,-0.002441,1.227205,
0.00797580,-0.002441,1.227205,
0.00797600,0.000000,1.227205,
0.00797620,0.000000,1.227205,
0.00797640,-0.002441,1.227205,
0.00797660,0.000000,1.227205,
0.00797680,-0.002441,1.227205,
0.00797700,0.000000,1.227205,
0.00797720,-0.002441,1.227205,
0.00797740,-0.002441,1.227205,
0.00797760,0.000000,1.227205,
0.00797780,-0.002441,1.227205,
0.00797800,0.000000,1.227205,
0.00797820,-0.002441,1.227205,
0.00797840,0.000000,1.227205,
0.00797860,0.000000,1.227205,
0.00797880,-0.002441,1.243452,
0.00797900,-0.004883,1.227205,
0.00797920,0.000000,1.227205,
0.00797940,0.000000,1.227205,
0.00797960,0.000000,1.227205,
0.00797980,0.000000,1.243452,
0.00798000,-0.002441,1.227205,
0.00798020,0.000000,1.227205,
0.00798040,0.000000,1.227205,
0.00798060,-0.002441,1.243452,
0.00798080,0.000000,1.227205,
0.00798100,0.000000,1.243452,
0.00798120,-0.002441,1.227205,
0.00798140,0.002441,1.243452,
0.00798160,0.000000,1.243452,
0.00798180,-0.002441,1.227205,
0.00798200,-0.002441,1.227205,
0.00798220,-0.002441,1.227205,
0.00798240,-0.002441,1.227205,
0.00798260,-0.002441,1.227205,
0.00798280,0.000000,1.227205,
0.00798300,0.000000,1.243452,
0.00798320,0.000000,1.243452,
0.00798340,0.000000,1.243452,
0.00798360,0.000000,1.243452,
0.00798380,-0.002441,1.227205,
0.00798400,-0.002441,1.227205,
0.00798420,-0.002441,1.227205,
0.00798440,0.000000,1.210957,
0.00798460,0.000000,1.210957,
0.00798480,0.000000,1.210957,
0.00798500,0.000000,1.227205,
0.00798520,-0.002441,1.243452,
0.00798540,-0.002441,1.243452,
0.00798560,0.000000,1.243452,
0.00798580,0.000000,1.243452,
0.00798600,0.000000,1.243452,
0.00798620,0.000000,1.243452,
0.00798640,0.000000,1.210957,
0.00798660,0.002441,1.227205,
0.00798680,-0.002441,1.227205,
0.00798700,-0.002441,1.227205,
0.00798720,-0.002441,1.227205,
0.00798740,0.000000,1.227205,
0.00798760,-0.002441,1.243452,
0.00798780,-0.002441,1.227205,
0.00798800,-0.002441,1.227205,
0.00798820,0.000000,1.227205,
0.00798840,0.000000,1.227205,
0.00798860,-0.002441,1.227205,
0.00798880,-0.002441,1.227205,
0.00798900,0.000000,1.243452,
0.00798920,0.000000,1.243452,
0.00798940,0.000000,1.243452,
0.00798960,0.000000,1.227205,
0.00798980,-0.002441,1.227205,
0.00799000,-0.002441,1.227205,
0.00799020,0.000000,1.227205,
0.00799040,0.000000,1.227205,
0.00799060,-0.002441,1.227205,
0.00799080,-0.002441,1.227205,
0.00799100,0.000000,1.227205,
0.00799120,0.000000,1.227205,
0.00799140,0.000000,1.227205,
0.00799160,-0.002441,1.227205,
0.00799180,-0.002441,1.227205,
0.00799200,0.000000,1.243452,
0.00799220,0.000000,1.227205,
0.00799240,-0.002441,1.227205,
0.00799260,0.000000,1.227205,
0.00799280,-0.002441,1.210957,
0.00799300,0.000000,1.227205,
0.00799320,0.000000,1.243452,
0.00799340,-0.002441,1.243452,
0.00799360,-0.002441,1.227205,
0.00799380,0.000000,1.243452,
0.00799400,0.000000,1.243452,
0.00799420,0.000000,1.243452,
0.00799440,-0.002441,1.227205,
0.00799460,0.000000,1.227205,
0.00799480,-0.002441,1.227205,
0.00799500,-0.002441,1.227205,
0.00799520,0.000000,1.227205,
0.00799540,0.000000,1.243452,
0.00799560,-0.002441,1.243452,
0.00799580,0.000000,1.243452,
0.00799600,-0.002441,1.227205,
0.00799620,-0.002441,1.227205,
0.00799640,0.000000,1.210957,
0.00799660,-0.002441,1.227205,
0.00799680,-0.002441,1.227205,
0.00799700,0.000000,1.227205,
0.00799720,0.000000,1.243452,
0.00799740,0.000000,1.227205,
0.00799760,-0.002441,1.227205,
0.00799780,-0.002441,1.243452,
0.00799800,0.000000,1.227205,
0.00799820,-0.002441,1.227205,
0.00799840,-0.002441,1.227205,
0.00799860,0.000000,1.227205,
0.00799880,0.000000,1.227205,
0.00799900,0.000000,1.227205,
0.00799920,-0.002441,1.227205,
0.00799940,-0.002441,1.227205,
0.00799960,0.000000,1.227205,
0.00799980,-0.002441,1.243452,
0.00800000,-0.002441,1.243452,
0.00800020,-0.002441,1.259700,
0.00800040,0.000000,1.243452,
0.00800060,0.000000,1.227205,
0.00800080,-0.002441,1.210957,
0.00800100,-0.002441,1.210957,
0.00800120,0.000000,1.227205,
0.00800140,0.000000,1.227205,
0.00800160,-0.002441,1.227205,
0.00800180,-0.002441,1.243452,
0.00800200,0.000000,1.243452,
0.00800220,-0.002441,1.243452,
0.00800240,-0.004883,1.243452,
0.00800260,-0.002441,1.243452,
0.00800280,-0.002441,1.227205,
0.00800300,-0.002441,1.227205,
0.00800320,-0.002441,1.227205,
0.00800340,-0.002441,1.243452,
0.00800360,0.000000,1.227205,
0.00800380,-0.002441,1.227205,
0.00800400,-0.002441,1.227205,
0.00800420,0.000000,1.243452,
0.00800440,-0.002441,1.227205,
0.00800460,-0.002441,1.227205,
0.00800480,-0.002441,1.227205,
0.00800500,0.000000,1.227205,
0.00800520,0.000000,1.243452,
0.00800540,0.000000,1.227205,
0.00800560,0.000000,1.243452,
0.00800580,0.000000,1.243452,
0.00800600,0.000000,1.227205,
0.00800620,0.000000,1.227205,
0.00800640,-0.002441,1.227205,
0.00800660,-0.002441,1.243452,
0.00800680,0.000000,1.243452,
0.00800700,0.000000,1.243452,
0.00800720,0.000000,1.243452,
0.00800740,0.000000,1.243452,
0.00800760,-0.002441,1.243452,
0.00800780,-0.002441,1.243452,
0.00800800,-0.002441,1.227205,
0.00800820,0.000000,1.227205,
0.00800840,0.000000,1.243452,
0.00800860,-0.002441,1.243452,
0.00800880,-0.002441,1.227205,
0.00800900,-0.002441,1.243452,
0.00800920,0.000000,1.227205,
0.00800940,-0.002441,1.243452,
0.00800960,0.000000,1.227205,
0.00800980,0.000000,1.243452,
0.00801000,0.000000,1.243452,
0.00801020,0.000000,1.243452,
0.00801040,0.000000,1.243452,
0.00801060,-0.002441,1.227205,
0.00801080,-0.002441,1.243452,
0.00801100,-0.002441,1.243452,
0.00801120,-0.002441,1.243452,
0.00801140,-0.002441,1.243452,
0.00801160,0.000000,1.243452,
0.00801180,0.000000,1.243452,
0.00801200,0.000000,1.259700,
0.00801220,0.000000,1.243452,
0.00801240,0.000000,1.243452,
0.00801260,0.000000,1.243452,
0.00801280,-0.002441,1.227205,
0.00801300,-0.002441,1.243452,
0.00801320,0.000000,1.243452,
0.00801340,0.000000,1.243452,
0.00801360,0.000000,1.259700,
0.00801380,0.002441,1.243452,
0.00801400,0.000000,1.243452,
0.00801420,-0.002441,1.243452,
0.00801440,-0.002441,1.227205,
0.00801460,0.000000,1.243452,
0.00801480,0.000000,1.243452,
0.00801500,0.000000,1.243452,
0.00801520,-0.002441,1.243452,
0.00801540,0.004883,1.243452,
0.00801560,0.000000,1.243452,
0.00801580,-0.002441,1.243452,
0.00801600,-0.002441,1.243452,
0.00801620,0.000000,1.243452,
0.00801640,0.000000,1.243452,
0.00801660,0.000000,1.259700,
0.00801680,-0.002441,1.259700,
0.00801700,0.000000,1.243452,
0.00801720,0.000000,1.243452,
0.00801740,-0.002441,1.227205,
0.00801760,-0.002441,1.227205,
0.00801780,0.000000,1.243452,
0.00801800,-0.002441,1.259700,
0.00801820,0.000000,1.243452,
0.00801840,0.000000,1.259700,
0.00801860,0.000000,1.259700,
0.00801880,0.000000,1.259700,
0.00801900,0.000000,1.259700,
0.00801920,0.000000,1.243452,
0.00801940,-0.002441,1.227205,
0.00801960,-0.002441,1.243452,
0.00801980,0.000000,1.243452,
0.00802000,0.000000,1.243452,
0.00802020,-0.002441,1.243452,
0.00802040,0.000000,1.259700,
0.00802060,0.000000,1.259700,
0.00802080,-0.002441,1.243452,
0.00802100,-0.002441,1.227205,
0.00802120,0.000000,1.243452,
0.00802140,0.000000,1.259700,
0.00802160,-0.002441,1.243452,
0.00802180,0.000000,1.227205,
0.00802200,-0.002441,1.243452,
0.00802220,0.000000,1.243452,
0.00802240,-0.002441,1.243452,
0.00802260,-0.002441,1.259700,
0.00802280,0.000000,1.259700,
0.00802300,0.000000,1.259700,
0.00802320,0.000000,1.259700,
0.00802340,-0.002441,1.259700,
0.00802360,0.000000,1.259700,
0.00802380,0.000000,1.243452,
0.00802400,-0.002441,1.227205,
0.00802420,-0.002441,1.243452,
0.00802440,0.000000,1.259700,
0.00802460,-0.002441,1.243452,
0.00802480,0.000000,1.243452,
0.00802500,-0.002441,1.259700,
0.00802520,-0.002441,1.259700,
0.00802540,-0.002441,1.259700,
0.00802560,0.000000,1.259700,
0.00802580,-0.002441,1.243452,
0.00802600,0.000000,1.243452,
0.00802620,0.000000,1.243452,
0.00802640,0.000000,1.259700,
0.00802660,0.000000,1.259700,
0.00802680,0.000000,1.259700,
0.00802700,-0.002441,1.259700,
0.00802720,-0.004883,1.243452,
0.00802740,0.000000,1.243452,
0.00802760,0.000000,1.243452,
0.00802780,-0.002441,1.243452,
0.00802800,0.000000,1.243452,
0.00802820,-0.002441,1.259700,
0.00802840,-0.002441,1.259700,
0.00802860,-0.002441,1.243452,
0.00802880,-0.002441,1.243452,
0.00802900,-0.002441,1.243452,
0.00802920,0.000000,1.243452,
0.00802940,-0.002441,1.259700,
0.00802960,0.000000,1.259700,
0.00802980,-0.002441,1.243452,
0.00803000,0.000000,1.259700,
0.00803020,0.000000,1.243452,
0.00803040,-0.002441,1.243452,
0.00803060,-0.002441,1.243452,
0.00803080,0.000000,1.259700,
0.00803100,-0.002441,1.259700,
0.00803120,-0.002441,1.259700,
0.00803140,0.000000,1.243452,
0.00803160,0.000000,1.243452,
0.00803180,0.000000,1.243452,
0.00803200,0.000000,1.243452,
0.00803220,-0.002441,1.259700,
0.00803240,0.000000,1.259700,
0.00803260,0.000000,1.243452,
0.00803280,0.000000,1.259700,
0.00803300,-0.002441,1.259700,
0.00803320,0.000000,1.259700,
0.00803340,-0.002441,1.259700,
0.00803360,-0.002441,1.243452,
0.00803380,0.000000,1.243452,
0.00803400,0.000000,1.227205,
0.00803420,0.000000,1.243452,
0.00803440,-0.002441,1.243452,
0.00803460,0.000000,1.243452,
0.00803480,0.000000,1.259700,
0.00803500,-0.002441,1.259700,
0.00803520,-0.002441,1.259700,
0.00803540,0.000000,1.259700,
0.00803560,0.000000,1.243452,
0.00803580,-0.002441,1.259700,
0.00803600,-0.002441,1.243452,
0.00803620,0.000000,1.243452,
0.00803640,0.000000,1.243452,
0.00803660,-0.002441,1.243452,
0.00803680,-0.004883,1.243452,
0.00803700,-0.002441,1.259700,
0.00803720,0.000000,1.275947,
0.00803740,0.000000,1.275947,
0.00803760,0.000000,1.259700,
0.00803780,0.000000,1.243452,
0.00803800,0.002441,1.259700,
0.00803820,-0.002441,1.243452,
0.00803840,-0.002441,1.243452,
0.00803860,-0.002441,1.259700,
0.00803880,0.000000,1.259700,
0.00803900,0.000000,1.259700,
0.00803920,-0.002441,1.259700,
0.00803940,0.000000,1.259700,
0.00803960,0.002441,1.243452,
0.00803980,-0.002441,1.243452,
0.00804000,-0.002441,1.259700,
0.00804020,0.000000,1.259700,
0.00804040,-0.002441,1.259700,
0.00804060,0.002441,1.259700,
0.00804080,0.000000,1.243452,
0.00804100,0.000000,1.243452,
0.00804120,-0.002441,1.259700,
0.00804140,0.000000,1.259700,
0.00804160,-0.002441,1.243452,
0.00804180,-0.002441,1.227205,
0.00804200,0.000000,1.243452,
0.00804220,0.000000,1.259700,
0.00804240,-0.002441,1.259700,
0.00804260,0.000000,1.243452,
0.00804280,0.000000,1.259700,
0.00804300,-0.002441,1.259700,
0.00804320,-0.002441,1.243452,
0.00804340,-0.002441,1.259700,
0.00804360,0.000000,1.243452,
0.00804380,-0.002441,1.243452,
0.00804400,0.000000,1.259700,
0.00804420,-0.002441,1.243452,
0.00804440,0.000000,1.259700,
0.00804460,0.000000,1.259700,
0.00804480,-0.002441,1.243452,
0.00804500,-0.002441,1.243452,
0.00804520,0.000000,1.243452,
0.00804540,-0.002441,1.243452,
0.00804560,0.000000,1.259700,
0.00804580,0.000000,1.259700,
0.00804600,0.000000,1.243452,
0.00804620,-0.002441,1.243452,
0.00804640,-0.002441,1.243452,
0.00804660,0.000000,1.259700,
0.00804680,0.000000,1.259700,
0.00804700,0.000000,1.243452,
0.00804720,-0.002441,1.243452,
0.00804740,0.000000,1.243452,
0.00804760,0.000000,1.259700,
0.00804780,0.002441,1.259700,
0.00804800,-0.002441,1.243452,
0.00804820,-0.002441,1.243452,
0.00804840,0.002441,1.259700,
0.00804860,0.000000,1.243452,
0.00804880,0.000000,1.259700,
0.00804900,-0.002441,1.259700,
0.00804920,0.002441,1.259700,
0.00804940,0.000000,1.243452,
0.00804960,0.000000,1.243452,
0.00804980,0.000000,1.243452,
0.00805000,0.000000,1.259700,
0.00805020,-0.002441,1.259700,
0.00805040,0.000000,1.259700,
0.00805060,0.000000,1.259700,
0.00805080,0.000000,1.259700,
0.00805100,-0.002441,1.259700,
0.00805120,-0.002441,1.259700,
0.00805140,0.000000,1.243452,
0.00805160,0.000000,1.259700,
0.00805180,-0.002441,1.259700,
0.00805200,-0.002441,1.259700,
0.00805220,0.000000,1.259700,
0.00805240,0.000000,1.259700,
0.00805260,-0.002441,1.243452,
0.00805280,-0.002441,1.243452,
0.00805300,-0.002441,1.227205,
0.00805320,0.000000,1.259700,
0.00805340,-0.002441,1.275947,
0.00805360,0.000000,1.275947,
0.00805380,-0.002441,1.292195,
0.00805400,0.000000,1.275947,
0.00805420,-0.002441,1.259700,
0.00805440,0.000000,1.243452,
0.00805460,-0.002441,1.243452,
0.00805480,-0.002441,1.243452,
0.00805500,0.000000,1.259700,
0.00805520,0.000000,1.275947,
0.00805540,-0.002441,1.275947,
0.00805560,0.000000,1.259700,
0.00805580,-0.002441,1.259700,
0.00805600,-0.002441,1.259700,
0.00805620,-0.002441,1.243452,
0.00805640,0.000000,1.259700,
0.00805660,0.000000,1.259700,
0.00805680,-0.002441,1.259700,
0.00805700,-0.002441,1.259700,
0.00805720,0.000000,1.275947,
0.00805740,-0.002441,1.259700,
0.00805760,-0.002441,1.259700,
0.00805780,0.000000,1.259700,
0.00805800,0.000000,1.259700,
0.00805820,0.000000,1.259700,
0.00805840,0.000000,1.259700,
0.00805860,0.000000,1.259700,
0.00805880,0.000000,1.275947,
0.00805900,0.000000,1.275947,
0.00805920,-0.002441,1.259700,
0.00805940,-0.002441,1.243452,
0.00805960,0.000000,1.259700,
0.00805980,0.000000,1.259700,
0.00806000,-0.002441,1.259700,
0.00806020,-0.002441,1.259700,
0.00806040,-0.002441,1.275947,
0.00806060,-0.002441,1.259700,
0.00806080,0.000000,1.259700,
0.00806100,-0.002441,1.259700,
0.00806120,0.000000,1.243452,
0.00806140,-0.002441,1.259700,
0.00806160,-0.002441,1.259700,
0.00806180,-0.002441,1.259700,
0.00806200,-0.002441,1.275947,
0.00806220,-0.002441,1.259700,
0.00806240,-0.002441,1.243452,
0.00806260,0.000000,1.259700,
0.00806280,-0.002441,1.259700,
0.00806300,0.000000,1.259700,
0.00806320,0.000000,1.259700,
0.00806340,0.000000,1.259700,
0.00806360,-0.002441,1.259700,
0.00806380,0.000000,1.275947,
0.00806400,0.000000,1.259700,
0.00806420,-0.002441,1.259700,
0.00806440,0.000000,1.259700,
0.00806460,0.000000,1.243452,
0.00806480,0.000000,1.243452,
0.00806500,0.002441,1.259700,
0.00806520,0.000000,1.259700,
0.00806540,-0.002441,1.275947,
0.00806560,0.000000,1.259700,
0.00806580,-0.002441,1.243452,
0.00806600,-0.002441,1.259700,
0.00806620,0.000000,1.275947,
0.00806640,0.002441,1.259700,
0.00806660,0.000000,1.259700,
0.00806680,0.000000,1.259700,
0.00806700,-0.002441,1.243452,
0.00806720,0.000000,1.259700,
0.00806740,0.000000,1.243452,
0.00806760,-0.002441,1.259700,
0.00806780,0.000000,1.259700,
0.00806800,0.000000,1.259700,
0.00806820,0.000000,1.243452,
0.00806840,-0.002441,1.275947,
0.00806860,0.000000,1.275947,
0.00806880,0.000000,1.243452,
0.00806900,-0.002441,1.243452,
0.00806920,-0.002441,1.243452,
0.00806940,0.000000,1.243452,
0.00806960,0.000000,1.243452,
0.00806980,0.000000,1.259700,
0.00807000,-0.002441,1.259700,
0.00807020,-0.002441,1.292195,
0.00807040,-0.002441,1.275947,
0.00807060,-0.002441,1.259700,
0.00807080,0.000000,1.259700,
0.00807100,0.000000,1.227205,
0.00807120,-0.002441,1.227205,
0.00807140,0.000000,1.243452,
0.00807160,0.000000,1.243452,
0.00807180,0.000000,1.243452,
0.00807200,-0.002441,1.259700,
0.00807220,-0.002441,1.259700,
0.00807240,0.000000,1.259700,
0.00807260,0.000000,1.259700,
0.00807280,0.000000,1.259700,
0.00807300,-0.002441,1.243452,
0.00807320,0.000000,1.259700,
0.00807340,0.000000,1.259700,
0.00807360,0.000000,1.243452,
0.00807380,-0.002441,1.243452,
0.00807400,0.000000,1.259700,
0.00807420,0.000000,1.259700,
0.00807440,0.000000,1.259700,
0.00807460,0.000000,1.243452,
0.00807480,0.002441,1.259700,
0.00807500,0.000000,1.259700,
0.00807520,-0.002441,1.259700,
0.00807540,0.000000,1.243452,
0.00807560,0.000000,1.243452,
0.00807580,-0.002441,1.259700,
0.00807600,-0.002441,1.275947,
0.00807620,0.000000,1.259700,
0.00807640,0.002441,1.243452,
0.00807660,0.000000,1.243452,
0.00807680,0.000000,1.243452,
0.00807700,-0.002441,1.243452,
0.00807720,0.000000,1.243452,
0.00807740,0.002441,1.259700,
0.00807760,0.000000,1.259700,
0.00807780,0.000000,1.259700,
0.00807800,0.000000,1.259700,
0.00807820,0.000000,1.259700,
0.00807840,0.000000,1.243452,
0.00807860,-0.002441,1.227205,
0.00807880,-0.002441,1.227205,
0.00807900,-0.002441,1.243452,
0.00807920,0.000000,1.243452,
0.00807940,-0.002441,1.259700,
0.00807960,-0.002441,1.243452,
0.00807980,-0.002441,1.243452,
0.00808000,0.000000,1.243452,
0.00808020,0.000000,1.243452,
0.00808040,-0.002441,1.243452,
0.00808060,0.002441,1.243452,
0.00808080,0.000000,1.259700,
0.00808100,0.000000,1.259700,
0.00808120,0.000000,1.259700,
0.00808140,0.000000,1.243452,
0.00808160,-0.002441,1.243452,
0.00808180,-0.002441,1.243452,
0.00808200,0.000000,1.243452,
0.00808220,0.000000,1.243452,
0.00808240,0.000000,1.243452,
0.00808260,-0.002441,1.243452,
0.00808280,0.000000,1.243452,
0.00808300,-0.002441,1.259700,
0.00808320,0.000000,1.243452,
0.00808340,-0.002441,1.243452,
0.00808360,-0.002441,1.243452,
0.00808380,0.000000,1.243452,
0.00808400,0.000000,1.243452,
0.00808420,-0.002441,1.243452,
0.00808440,-0.002441,1.259700,
0.00808460,-0.002441,1.243452,
0.00808480,-0.002441,1.227205,
0.00808500,0.000000,1.243452,
0.00808520,-0.002441,1.259700,
0.00808540,0.000000,1.243452,
0.00808560,0.000000,1.243452,
0.00808580,0.000000,1.243452,
0.00808600,0.000000,1.259700,
0.00808620,0.000000,1.259700,
0.00808640,0.000000,1.259700,
0.00808660,-0.002441,1.243452,
0.00808680,0.000000,1.243452,
0.00808700,0.000000,1.243452,
0.00808720,0.000000,1.243452,
0.00808740,0.000000,1.259700,
0.00808760,-0.002441,1.243452,
0.00808780,0.000000,1.243452,
0.00808800,0.000000,1.243452,
0.00808820,0.000000,1.227205,
0.00808840,-0.002441,1.243452,
0.00808860,0.000000,1.275947,
0.00808880,0.000000,1.259700,
0.00808900,-0.002441,1.259700,
0.00808920,-0.002441,1.243452,
0.00808940,0.000000,1.243452,
0.00808960,0.000000,1.243452,
0.00808980,-0.002441,1.227205,
0.00809000,0.000000,1.243452,
0.00809020,0.000000,1.243452,
0.00809040,-0.002441,1.259700,
0.00809060,0.000000,1.275947,
0.00809080,0.000000,1.259700,
0.00809100,0.000000,1.259700,
0.00809120,0.000000,1.243452,
0.00809140,-0.002441,1.227205,
0.00809160,0.000000,1.243452,
0.00809180,0.000000,1.243452,
0.00809200,0.000000,1.243452,
0.00809220,0.002441,1.259700,
0.00809240,-0.002441,1.243452,
0.00809260,0.000000,1.243452,
0.00809280,0.000000,1.259700,
0.00809300,-0.002441,1.243452,
0.00809320,0.000000,1.243452,
0.00809340,0.000000,1.243452,
0.00809360,-0.002441,1.259700,
0.00809380,-0.002441,1.259700,
0.00809400,0.000000,1.243452,
0.00809420,0.000000,1.243452,
0.00809440,0.002441,1.243452,
0.00809460,-0.002441,1.243452,
0.00809480,0.000000,1.243452,
0.00809500,0.000000,1.259700,
0.00809520,0.000000,1.259700,
0.00809540,0.000000,1.259700,
0.00809560,-0.002441,1.243452,
0.00809580,0.000000,1.259700,
0.00809600,-0.002441,1.243452,
0.00809620,-0.002441,1.243452,
0.00809640,-0.002441,1.243452,
0.00809660,0.000000,1.259700,
0.00809680,0.000000,1.243452,
0.00809700,0.000000,1.259700,
0.00809720,0.000000,1.259700,
0.00809740,0.000000,1.259700,
0.00809760,-0.002441,1.259700,
0.00809780,-0.002441,1.227205,
0.00809800,0.000000,1.243452,
0.00809820,0.000000,1.259700,
0.00809840,0.000000,1.243452,
0.00809860,-0.002441,1.259700,
0.00809880,0.000000,1.259700,
0.00809900,0.000000,1.259700,
0.00809920,-0.002441,1.243452,
0.00809940,0.000000,1.243452,
0.00809960,0.000000,1.259700,
0.00809980,0.000000,1.259700,
0.00810000,0.000000,1.243452,
0.00810020,0.000000,1.243452,
0.00810040,-0.002441,1.243452,
0.00810060,0.000000,1.259700,
0.00810080,0.000000,1.243452,
0.00810100,-0.002441,1.243452,
0.00810120,-0.002441,1.243452,
0.00810140,0.000000,1.259700,
0.00810160,0.000000,1.259700,
0.00810180,0.000000,1.259700,
0.00810200,-0.002441,1.243452,
0.00810220,0.000000,1.243452,
0.00810240,-0.002441,1.243452,
0.00810260,0.000000,1.259700,
0.00810280,-0.002441,1.259700,
0.00810300,0.000000,1.259700,
0.00810320,0.002441,1.259700,
0.00810340,0.000000,1.259700,
0.00810360,-0.002441,1.243452,
0.00810380,0.000000,1.243452,
0.00810400,0.000000,1.243452,
0.00810420,0.000000,1.243452,
0.00810440,-0.002441,1.243452,
0.00810460,0.000000,1.243452,
0.00810480,0.000000,1.243452,
0.00810500,-0.002441,1.243452,
0.00810520,-0.002441,1.275947,
0.00810540,0.002441,1.275947,
0.00810560,-0.002441,1.259700,
0.00810580,0.000000,1.243452,
0.00810600,0.000000,1.243452,
0.00810620,0.000000,1.243452,
0.00810640,0.000000,1.227205,
0.00810660,0.000000,1.227205,
0.00810680,0.000000,1.243452,
0.00810700,0.000000,1.259700,
0.00810720,0.000000,1.259700,
0.00810740,-0.002441,1.259700,
0.00810760,0.000000,1.243452,
0.00810780,0.000000,1.243452,
0.00810800,0.002441,1.243452,
0.00810820,0.000000,1.243452,
0.00810840,-0.002441,1.243452,
0.00810860,0.000000,1.243452,
0.00810880,0.000000,1.227205,
0.00810900,-0.002441,1.227205,
0.00810920,-0.002441,1.243452,
0.00810940,-0.002441,1.243452,
0.00810960,-0.002441,1.243452,
0.00810980,-0.002441,1.243452,
0.00811000,-0.002441,1.227205,
0.00811020,-0.002441,1.227205,
0.00811040,0.000000,1.243452,
0.00811060,-0.002441,1.243452,
0.00811080,-0.002441,1.243452,
0.00811100,0.000000,1.243452,
0.00811120,0.000000,1.243452,
0.00811140,0.000000,1.227205,
0.00811160,0.000000,1.227205,
0.00811180,-0.002441,1.227205,
0.00811200,0.000000,1.227205,
0.00811220,-0.002441,1.243452,
0.00811240,-0.002441,1.243452,
0.00811260,0.000000,1.243452,
0.00811280,0.000000,1.227205,
0.00811300,-0.002441,1.243452,
0.00811320,0.000000,1.243452,
0.00811340,0.000000,1.227205,
0.00811360,-0.002441,1.227205,
0.00811380,0.000000,1.227205,
0.00811400,-0.002441,1.227205,
0.00811420,0.000000,1.243452,
0.00811440,0.000000,1.243452,
0.00811460,0.000000,1.259700,
0.00811480,0.000000,1.243452,
0.00811500,0.000000,1.227205,
0.00811520,-0.002441,1.227205,
0.00811540,-0.002441,1.227205,
0.00811560,-0.002441,1.227205,
0.00811580,0.000000,1.243452,
0.00811600,0.000000,1.227205,
0.00811620,0.000000,1.243452,
0.00811640,0.000000,1.243452,
0.00811660,0.000000,1.243452,
0.00811680,0.000000,1.227205,
0.00811700,-0.002441,1.227205,
0.00811720,-0.002441,1.227205,
0.00811740,-0.002441,1.227205,
0.00811760,0.000000,1.227205,
0.00811780,-0.002441,1.227205,
0.00811800,0.000000,1.227205,
0.00811820,-0.002441,1.243452,
0.00811840,-0.002441,1.227205,
0.00811860,0.000000,1.227205,
0.00811880,-0.002441,1.210957,
0.00811900,0.000000,1.227205,
0.00811920,0.000000,1.227205,
0.00811940,-0.002441,1.227205,
0.00811960,-0.002441,1.227205,
0.00811980,-0.002441,1.227205,
0.00812000,-0.002441,1.227205,
0.00812020,-0.002441,1.227205,
0.00812040,0.000000,1.227205,
0.00812060,-0.002441,1.227205,
0.00812080,0.000000,1.243452,
0.00812100,0.000000,1.243452,
0.00812120,0.000000,1.227205,
0.00812140,-0.002441,1.227205,
0.00812160,0.000000,1.227205,
0.00812180,-0.002441,1.243452,
0.00812200,-0.002441,1.243452,
0.00812220,0.000000,1.227205,
0.00812240,0.000000,1.227205,
0.00812260,0.000000,1.227205,
0.00812280,-0.002441,1.227205,
0.00812300,0.000000,1.227205,
0.00812320,-0.002441,1.210957,
0.00812340,0.000000,1.227205,
0.00812360,-0.002441,1.227205,
0.00812380,-0.002441,1.243452,
0.00812400,0.000000,1.259700,
0.00812420,-0.002441,1.243452,
0.00812440,0.000000,1.227205,
0.00812460,0.000000,1.210957,
0.00812480,-0.002441,1.210957,
0.00812500,-0.002441,1.210957,
0.00812520,-0.002441,1.210957,
0.00812540,0.000000,1.227205,
0.00812560,0.000000,1.227205,
0.00812580,-0.002441,1.227205,
0.00812600,-0.002441,1.227205,
0.00812620,0.000000,1.243452,
0.00812640,-0.002441,1.227205,
0.00812660,-0.002441,1.227205,
0.00812680,-0.002441,1.210957,
0.00812700,0.000000,1.227205,
0.00812720,0.000000,1.227205,
0.00812740,0.000000,1.227205,
0.00812760,-0.002441,1.227205,
0.00812780,-0.002441,1.227205,
0.00812800,0.000000,1.227205,
0.00812820,0.000000,1.227205,
0.00812840,-0.002441,1.210957,
0.00812860,-0.002441,1.227205,
0.00812880,-0.002441,1.227205,
0.00812900,0.000000,1.227205,
0.00812920,-0.002441,1.227205,
0.00812940,-0.002441,1.227205,
0.00812960,-0.002441,1.227205,
0.00812980,-0.002441,1.227205,
0.00813000,0.000000,1.227205,
0.00813020,-0.002441,1.210957,
0.00813040,0.000000,1.227205,
0.00813060,0.000000,1.227205,
0.00813080,0.000000,1.227205,
0.00813100,0.000000,1.210957,
0.00813120,0.000000,1.227205,
0.00813140,0.000000,1.227205,
0.00813160,-0.002441,1.210957,
0.00813180,-0.002441,1.227205,
0.00813200,0.000000,1.243452,
0.00813220,0.000000,1.227205,
0.00813240,-0.002441,1.227205,
0.00813260,0.000000,1.227205,
0.00813280,0.000000,1.227205,
0.00813300,0.000000,1.210957,
0.00813320,-0.002441,1.227205,
0.00813340,0.000000,1.210957,
0.00813360,0.000000,1.210957,
0.00813380,0.002441,1.243452,
0.00813400,0.000000,1.227205,
0.00813420,0.002441,1.227205,
0.00813440,0.000000,1.227205,
0.00813460,-0.002441,1.210957,
0.00813480,-0.002441,1.210957,
0.00813500,0.000000,1.210957,
0.00813520,0.000000,1.227205,
0.00813540,0.000000,1.243452,
0.00813560,0.000000,1.227205,
0.00813580,0.002441,1.227205,
0.00813600,0.000000,1.227205,
0.00813620,0.000000,1.227205,
0.00813640,-0.002441,1.227205,
0.00813660,-0.002441,1.227205,
0.00813680,0.000000,1.210957,
0.00813700,0.000000,1.210957,
0.00813720,-0.002441,1.227205,
0.00813740,-0.002441,1.227205,
0.00813760,0.000000,1.227205,
0.00813780,-0.002441,1.210957,
0.00813800,-0.002441,1.210957,
0.00813820,0.000000,1.227205,
0.00813840,0.000000,1.243452,
0.00813860,0.000000,1.227205,
0.00813880,-0.002441,1.227205,
0.00813900,-0.002441,1.210957,
0.00813920,0.000000,1.210957,
0.00813940,-0.002441,1.194710,
0.00813960,0.000000,1.210957,
0.00813980,-0.002441,1.210957,
0.00814000,-0.002441,1.210957,
0.00814020,0.000000,1.227205,
0.00814040,-0.002441,1.227205,
0.00814060,-0.002441,1.243452,
0.00814080,-0.002441,1.243452,
0.00814100,0.000000,1.227205,
0.00814120,-0.002441,1.194710,
0.00814140,0.000000,1.194710,
0.00814160,0.000000,1.210957,
0.00814180,0.000000,1.210957,
0.00814200,0.000000,1.227205,
0.00814220,0.002441,1.227205,
0.00814240,-0.002441,1.227205,
0.00814260,0.000000,1.227205,
0.00814280,-0.002441,1.227205,
0.00814300,-0.002441,1.210957,
0.00814320,0.000000,1.227205,
0.00814340,0.000000,1.227205,
0.00814360,-0.002441,1.210957,
0.00814380,-0.002441,1.210957,
0.00814400,0.000000,1.210957,
0.00814420,-0.002441,1.210957,
0.00814440,-0.002441,1.210957,
0.00814460,-0.002441,1.210957,
0.00814480,0.000000,1.210957,
0.00814500,0.000000,1.227205,
0.00814520,-0.002441,1.210957,
0.00814540,0.000000,1.210957,
0.00814560,-0.002441,1.210957,
0.00814580,0.000000,1.227205,
0.00814600,-0.002441,1.210957,
0.00814620,0.000000,1.227205,
0.00814640,-0.002441,1.194710,
0.00814660,0.000000,1.210957,
0.00814680,0.000000,1.210957,
0.00814700,-0.002441,1.194710,
0.00814720,0.000000,1.210957,
0.00814740,0.000000,1.210957,
0.00814760,-0.002441,1.210957,
0.00814780,0.000000,1.227205,
0.00814800,0.000000,1.210957,
0.00814820,0.000000,1.210957,
0.00814840,0.000000,1.210957,
0.00814860,-0.002441,1.210957,
0.00814880,-0.002441,1.210957,
0.00814900,-0.002441,1.194710,
0.00814920,-0.002441,1.194710,
0.00814940,-0.002441,1.194710,
0.00814960,0.000000,1.227205,
0.00814980,0.000000,1.227205,
0.00815000,-0.002441,1.210957,
0.00815020,-0.002441,1.210957,
0.00815040,0.000000,1.210957,
0.00815060,-0.002441,1.210957,
0.00815080,-0.002441,1.194710,
0.00815100,0.000000,1.194710,
0.00815120,-0.002441,1.210957,
0.00815140,0.000000,1.210957,
0.00815160,-0.002441,1.210957,
0.00815180,0.000000,1.210957,
0.00815200,-0.002441,1.210957,
0.00815220,0.000000,1.210957,
0.00815240,-0.002441,1.210957,
0.00815260,-0.002441,1.194710,
0.00815280,0.000000,1.210957,
0.00815300,0.000000,1.210957,
0.00815320,-0.002441,1.210957,
0.00815340,-0.002441,1.194710,
0.00815360,0.000000,1.210957,
0.00815380,-0.002441,1.210957,
0.00815400,-0.002441,1.210957,
0.00815420,-0.002441,1.194710,
0.00815440,-0.002441,1.194710,
0.00815460,0.000000,1.194710,
0.00815480,0.000000,1.194710,
0.00815500,0.000000,1.210957,
0.00815520,0.000000,1.194710,
0.00815540,0.000000,1.194710,
0.00815560,0.000000,1.194710,
0.00815580,0.000000,1.194710,
0.00815600,-0.002441,1.210957,
0.00815620,0.000000,1.194710,
0.00815640,-0.002441,1.194710,
0.00815660,-0.002441,1.210957,
0.00815680,0.000000,1.210957,
0.00815700,0.000000,1.194710,
0.00815720,-0.002441,1.178462,
0.00815740,-0.002441,1.194710,
0.00815760,0.000000,1.194710,
0.00815780,0.000000,1.194710,
0.00815800,-0.002441,1.194710,
0.00815820,0.000000,1.194710,
0.00815840,0.000000,1.210957,
0.00815860,-0.002441,1.210957,
0.00815880,-0.002441,1.194710,
0.00815900,0.000000,1.210957,
0.00815920,0.000000,1.210957,
0.00815940,0.000000,1.210957,
0.00815960,-0.002441,1.194710,
0.00815980,0.000000,1.194710,
0.00816000,0.000000,1.194710,
0.00816020,-0.002441,1.194710,
0.00816040,-0.002441,1.178462,
0.00816060,-0.002441,1.178462,
0.00816080,0.000000,1.194710,
0.00816100,-0.002441,1.210957,
0.00816120,0.000000,1.210957,
0.00816140,-0.002441,1.194710,
0.00816160,0.000000,1.194710,
0.00816180,0.000000,1.194710,
0.00816200,-0.002441,1.178462,
0.00816220,-0.002441,1.194710,
0.00816240,0.000000,1.194710,
0.00816260,0.000000,1.194710,
0.00816280,0.000000,1.194710,
0.00816300,0.000000,1.194710,
0.00816320,0.000000,1.194710,
0.00816340,-0.002441,1.194710,
0.00816360,0.000000,1.194710,
0.00816380,-0.002441,1.194710,
0.00816400,-0.002441,1.178462,
0.00816420,0.000000,1.194710,
0.00816440,-0.002441,1.194710,
0.00816460,-0.002441,1.194710,
0.00816480,-0.002441,1.194710,
0.00816500,-0.002441,1.194710,
0.00816520,-0.002441,1.194710,
0.00816540,-0.002441,1.194710,
0.00816560,0.000000,1.194710,
0.00816580,0.000000,1.194710,
0.00816600,0.000000,1.178462,
0.00816620,-0.002441,1.178462,
0.00816640,0.002441,1.194710,
0.00816660,-0.002441,1.194710,
0.00816680,0.000000,1.194710,
0.00816700,-0.002441,1.178462,
0.00816720,0.000000,1.194710,
0.00816740,0.000000,1.194710,
0.00816760,0.000000,1.194710,
0.00816780,0.000000,1.194710,
0.00816800,0.002441,1.194710,
0.00816820,0.000000,1.194710,
0.00816840,0.000000,1.178462,
0.00816860,0.000000,1.178462,
0.00816880,-0.002441,1.194710,
0.00816900,0.000000,1.194710,
0.00816920,0.000000,1.194710,
0.00816940,0.000000,1.194710,
0.00816960,0.000000,1.178462,
0.00816980,0.000000,1.194710,
0.00817000,0.000000,1.194710,
0.00817020,0.000000,1.178462,
0.00817040,0.000000,1.178462,
0.00817060,0.000000,1.178462,
0.00817080,0.000000,1.194710,
0.00817100,-0.002441,1.194710,
0.00817120,0.000000,1.194710,
0.00817140,-0.002441,1.178462,
0.00817160,-0.002441,1.178462,
0.00817180,-0.002441,1.178462,
0.00817200,0.000000,1.194710,
0.00817220,0.000000,1.194710,
0.00817240,0.000000,1.194710,
0.00817260,-0.002441,1.178462,
0.00817280,0.000000,1.194710,
0.00817300,-0.002441,1.178462,
0.00817320,0.000000,1.178462,
0.00817340,-0.002441,1.178462,
0.00817360,0.000000,1.194710,
0.00817380,-0.002441,1.194710,
0.00817400,0.000000,1.178462,
0.00817420,-0.002441,1.178462,
0.00817440,0.000000,1.178462,
0.00817460,0.000000,1.178462,
0.00817480,-0.002441,1.162215,
0.00817500,-0.002441,1.178462,
0.00817520,0.000000,1.178462,
0.00817540,-0.002441,1.194710,
0.00817560,0.000000,1.210957,
0.00817580,-0.002441,1.194710,
0.00817600,0.000000,1.210957,
0.00817620,0.000000,1.194710,
0.00817640,-0.002441,1.162215,
0.00817660,0.000000,1.162215,
0.00817680,0.000000,1.162215,
0.00817700,0.000000,1.162215,
0.00817720,0.000000,1.178462,
0.00817740,0.000000,1.194710,
0.00817760,0.000000,1.210957,
0.00817780,-0.002441,1.194710,
0.00817800,0.000000,1.178462,
0.00817820,-0.004883,1.162215,
0.00817840,0.000000,1.178462,
0.00817860,0.000000,1.178462,
0.00817880,-0.002441,1.178462,
0.00817900,0.000000,1.162215,
0.00817920,-0.002441,1.178462,
0.00817940,0.000000,1.178462,
0.00817960,0.000000,1.194710,
0.00817980,-0.002441,1.194710,
0.00818000,0.000000,1.194710,
0.00818020,0.000000,1.178462,
0.00818040,0.000000,1.178462,
0.00818060,-0.002441,1.178462,
0.00818080,-0.002441,1.194710,
0.00818100,0.000000,1.178462,
0.00818120,0.000000,1.178462,
0.00818140,-0.002441,1.178462,
0.00818160,0.000000,1.178462,
0.00818180,-0.002441,1.178462,
0.00818200,0.002441,1.178462,
0.00818220,0.000000,1.178462,
0.00818240,0.000000,1.178462,
0.00818260,0.000000,1.178462,
0.00818280,0.000000,1.162215,
0.00818300,-0.002441,1.162215,
0.00818320,0.000000,1.178462,
0.00818340,0.000000,1.194710,
0.00818360,-0.002441,1.178462,
0.00818380,0.000000,1.178462,
0.00818400,0.000000,1.178462,
0.00818420,-0.002441,1.178462,
0.00818440,-0.002441,1.178462,
0.00818460,-0.002441,1.178462,
0.00818480,0.000000,1.162215,
0.00818500,0.000000,1.162215,
0.00818520,0.000000,1.178462,
0.00818540,-0.002441,1.178462,
0.00818560,0.000000,1.178462,
0.00818580,0.000000,1.178462,
0.00818600,-0.002441,1.178462,
0.00818620,-0.002441,1.162215,
0.00818640,0.000000,1.178462,
0.00818660,0.000000,1.178462,
0.00818680,-0.002441,1.178462,
0.00818700,0.000000,1.162215,
0.00818720,0.000000,1.162215,
0.00818740,0.000000,1.162215,
0.00818760,0.000000,1.162215,
0.00818780,-0.002441,1.162215,
0.00818800,-0.002441,1.162215,
0.00818820,0.000000,1.162215,
0.00818840,0.000000,1.178462,
0.00818860,-0.002441,1.162215,
0.00818880,-0.002441,1.162215,
0.00818900,0.000000,1.162215,
0.00818920,0.000000,1.145967,
0.00818940,-0.002441,1.178462,
0.00818960,-0.002441,1.178462,
0.00818980,0.000000,1.178462,
0.00819000,0.000000,1.162215,
0.00819020,0.000000,1.162215,
0.00819040,-0.002441,1.162215,
0.00819060,0.000000,1.178462,
0.00819080,0.000000,1.178462,
0.00819100,-0.002441,1.162215,
0.00819120,0.000000,1.162215,
0.00819140,0.000000,1.162215,
0.00819160,0.000000,1.162215,
0.00819180,0.000000,1.162215,
0.00819200,0.000000,1.178462,
0.00819220,-0.002441,1.178462,
0.00819240,0.000000,1.162215,
0.00819260,-0.002441,1.162215,
0.00819280,-0.002441,1.162215,
0.00819300,0.000000,1.162215,
0.00819320,0.000000,1.162215,
0.00819340,-0.002441,1.145967,
0.00819360,0.002441,1.162215,
0.00819380,0.000000,1.178462,
0.00819400,0.000000,1.178462,
0.00819420,-0.002441,1.178462,
0.00819440,-0.002441,1.178462,
0.00819460,0.000000,1.162215,
0.00819480,-0.002441,1.145967,
0.00819500,0.000000,1.145967,
0.00819520,0.002441,1.162215,
0.00819540,-0.002441,1.162215,
0.00819560,-0.002441,1.162215,
0.00819580,-0.002441,1.162215,
0.00819600,0.000000,1.162215,
0.00819620,0.000000,1.162215,
0.00819640,0.000000,1.178462,
0.00819660,0.000000,1.178462,
0.00819680,0.000000,1.162215,
0.00819700,-0.002441,1.162215,
0.00819720,-0.002441,1.145967,
0.00819740,-0.002441,1.145967,
0.00819760,-0.002441,1.145967,
0.00819780,-0.002441,1.162215,
0.00819800,0.000000,1.162215,
0.00819820,-0.002441,1.162215,
0.00819840,-0.002441,1.162215,
0.00819860,0.000000,1.178462,
0.00819880,-0.002441,1.162215,
0.00819900,0.000000,1.162215,
0.00819920,-0.002441,1.162215,
0.00819940,-0.002441,1.162215,
0.00819960,0.000000,1.178462,
0.00819980,-0.002441,1.162215,
0.00820000,-0.002441,1.162215,
0.00820020,-0.004883,1.162215,
0.00820040,-0.002441,1.162215,
0.00820060,0.000000,1.162215,
0.00820080,-0.002441,1.162215,
0.00820100,0.000000,1.178462,
0.00820120,0.000000,1.178462,
0.00820140,-0.002441,1.145967,
0.00820160,0.000000,1.145967,
0.00820180,0.000000,1.162215,
0.00820200,0.000000,1.162215,
0.00820220,-0.002441,1.162215,
0.00820240,0.000000,1.162215,
0.00820260,-0.002441,1.162215,
0.00820280,0.000000,1.178462,
0.00820300,-0.002441,1.162215,
0.00820320,0.002441,1.178462,
0.00820340,-0.002441,1.162215,
0.00820360,-0.002441,1.162215,
0.00820380,-0.002441,1.162215,
0.00820400,0.000000,1.162215,
0.00820420,0.000000,1.178462,
0.00820440,0.000000,1.162215,
0.00820460,-0.002441,1.162215,
0.00820480,-0.002441,1.162215,
0.00820500,0.000000,1.162215,
0.00820520,-0.002441,1.162215,
0.00820540,-0.002441,1.162215,
0.00820560,0.000000,1.145967,
0.00820580,0.000000,1.162215,
0.00820600,0.000000,1.162215,
0.00820620,-0.002441,1.162215,
0.00820640,-0.002441,1.162215,
0.00820660,0.000000,1.162215,
0.00820680,-0.002441,1.162215,
0.00820700,-0.002441,1.162215,
0.00820720,-0.002441,1.162215,
0.00820740,-0.002441,1.162215,
0.00820760,-0.002441,1.162215,
0.00820780,0.000000,1.162215,
0.00820800,-0.002441,1.162215,
0.00820820,0.000000,1.162215,
0.00820840,-0.002441,1.162215,
0.00820860,-0.002441,1.162215,
0.00820880,-0.002441,1.162215,
0.00820900,0.000000,1.162215,
0.00820920,0.000000,1.145967,
0.00820940,-0.002441,1.145967,
0.00820960,-0.002441,1.145967,
0.00820980,0.000000,1.145967,
0.00821000,0.000000,1.145967,
0.00821020,0.000000,1.162215,
0.00821040,-0.002441,1.178462,
0.00821060,0.000000,1.178462,
0.00821080,0.000000,1.178462,
0.00821100,0.000000,1.178462,
0.00821120,0.000000,1.162215,
0.00821140,0.002441,1.162215,
0.00821160,0.000000,1.145967,
0.00821180,-0.002441,1.129719,
0.00821200,0.000000,1.145967,
0.00821220,-0.002441,1.162215,
0.00821240,0.000000,1.178462,
0.00821260,0.000000,1.178462,
0.00821280,-0.002441,1.162215,
0.00821300,0.000000,1.162215,
0.00821320,0.000000,1.145967,
0.00821340,-0.002441,1.145967,
0.00821360,-0.002441,1.162215,
0.00821380,-0.002441,1.162215,
0.00821400,0.000000,1.162215,
0.00821420,-0.002441,1.162215,
0.00821440,-0.002441,1.162215,
0.00821460,-0.002441,1.162215,
0.00821480,-0.002441,1.162215,
0.00821500,0.000000,1.162215,
0.00821520,-0.002441,1.145967,
0.00821540,-0.002441,1.162215,
0.00821560,0.000000,1.162215,
0.00821580,0.000000,1.162215,
0.00821600,0.000000,1.162215,
0.00821620,0.000000,1.178462,
0.00821640,-0.002441,1.145967,
0.00821660,0.000000,1.162215,
0.00821680,-0.002441,1.145967,
0.00821700,0.000000,1.162215,
0.00821720,0.000000,1.162215,
0.00821740,0.000000,1.162215,
0.00821760,-0.002441,1.162215,
0.00821780,0.000000,1.162215,
0.00821800,0.000000,1.162215,
0.00821820,0.000000,1.162215,
0.00821840,-0.002441,1.162215,
0.00821860,-0.002441,1.162215,
0.00821880,0.002441,1.178462,
0.00821900,0.000000,1.162215,
0.00821920,-0.002441,1.162215,
0.00821940,0.000000,1.162215,
0.00821960,0.000000,1.145967,
0.00821980,0.000000,1.145967,
0.00822000,-0.002441,1.145967,
0.00822020,-0.002441,1.162215,
0.00822040,0.000000,1.162215,
0.00822060,-0.002441,1.145967,
0.00822080,-0.002441,1.162215,
0.00822100,-0.002441,1.162215,
0.00822120,-0.002441,1.162215,
0.00822140,-0.002441,1.162215,
0.00822160,-0.002441,1.145967,
0.00822180,-0.002441,1.162215,
0.00822200,0.000000,1.162215,
0.00822220,-0.002441,1.162215,
0.00822240,-0.002441,1.162215,
0.00822260,-0.002441,1.145967,
0.00822280,-0.002441,1.162215,
0.00822300,-0.002441,1.162215,
0.00822320,-0.002441,1.145967,
0.00822340,0.000000,1.162215,
0.00822360,0.000000,1.145967,
0.00822380,-0.002441,1.145967,
0.00822400,-0.002441,1.162215,
0.00822420,0.000000,1.162215,
0.00822440,-0.002441,1.162215,
0.00822460,-0.002441,1.145967,
0.00822480,-0.002441,1.145967,
0.00822500,0.000000,1.162215,
0.00822520,-0.002441,1.162215,
0.00822540,-0.002441,1.178462,
0.00822560,-0.002441,1.145967,
0.00822580,0.000000,1.162215,
0.00822600,0.000000,1.162215,
0.00822620,-0.002441,1.162215,
0.00822640,-0.002441,1.162215,
0.00822660,0.000000,1.162215,
0.00822680,0.000000,1.162215,
0.00822700,0.000000,1.162215,
0.00822720,0.000000,1.162215,
0.00822740,0.000000,1.162215,
0.00822760,0.000000,1.162215,
0.00822780,-0.002441,1.145967,
0.00822800,-0.002441,1.129719,
0.00822820,-0.002441,1.145967,
0.00822840,0.000000,1.145967,
0.00822860,-0.002441,1.162215,
0.00822880,-0.002441,1.162215,
0.00822900,-0.002441,1.162215,
0.00822920,0.000000,1.162215,
0.00822940,-0.002441,1.162215,
0.00822960,-0.002441,1.162215,
0.00822980,0.000000,1.145967,
0.00823000,0.000000,1.145967,
0.00823020,-0.002441,1.145967,
0.00823040,0.000000,1.145967,
0.00823060,-0.002441,1.162215,
0.00823080,0.000000,1.162215,
0.00823100,-0.002441,1.145967,
0.00823120,-0.002441,1.145967,
0.00823140,0.000000,1.162215,
0.00823160,0.000000,1.162215,
0.00823180,0.000000,1.162215,
0.00823200,0.000000,1.162215,
0.00823220,-0.002441,1.145967,
0.00823240,0.000000,1.145967,
0.00823260,-0.002441,1.162215,
0.00823280,-0.002441,1.145967,
0.00823300,-0.002441,1.162215,
0.00823320,0.000000,1.162215,
0.00823340,0.000000,1.162215,
0.00823360,-0.002441,1.162215,
0.00823380,0.000000,1.145967,
0.00823400,0.000000,1.162215,
0.00823420,0.000000,1.162215,
0.00823440,-0.002441,1.145967,
0.00823460,0.000000,1.162215,
0.00823480,-0.002441,1.162215,
0.00823500,0.000000,1.162215,
0.00823520,0.000000,1.145967,
0.00823540,0.000000,1.145967,
0.00823560,-0.002441,1.145967,
0.00823580,-0.002441,1.162215,
0.00823600,-0.002441,1.162215,
0.00823620,-0.002441,1.162215,
0.00823640,0.000000,1.145967,
0.00823660,-0.002441,1.162215,
0.00823680,0.000000,1.162215,
0.00823700,-0.002441,1.162215,
0.00823720,0.000000,1.145967,
0.00823740,-0.002441,1.145967,
0.00823760,-0.002441,1.145967,
0.00823780,0.000000,1.145967,
0.00823800,0.000000,1.145967,
0.00823820,-0.002441,1.145967,
0.00823840,0.000000,1.145967,
0.00823860,-0.002441,1.145967,
0.00823880,0.000000,1.162215,
0.00823900,0.000000,1.162215,
0.00823920,-0.002441,1.145967,
0.00823940,-0.002441,1.145967,
0.00823960,0.000000,1.162215,
0.00823980,0.000000,1.145967,
0.00824000,0.000000,1.162215,
0.00824020,-0.002441,1.162215,
0.00824040,0.000000,1.162215,
0.00824060,-0.002441,1.145967,
0.00824080,0.000000,1.145967,
0.00824100,-0.002441,1.145967,
0.00824120,0.000000,1.145967,
0.00824140,0.000000,1.162215,
0.00824160,0.000000,1.145967,
0.00824180,0.000000,1.162215,
0.00824200,0.000000,1.145967,
0.00824220,-0.002441,1.145967,
0.00824240,-0.002441,1.145967,
0.00824260,0.000000,1.162215,
0.00824280,-0.002441,1.162215,
0.00824300,0.000000,1.162215,
0.00824320,-0.002441,1.145967,
0.00824340,0.000000,1.145967,
0.00824360,-0.002441,1.145967,
0.00824380,-0.002441,1.162215,
0.00824400,-0.002441,1.162215,
0.00824420,0.000000,1.162215,
0.00824440,0.000000,1.162215,
0.00824460,-0.002441,1.145967,
0.00824480,-0.002441,1.129719,
0.00824500,0.000000,1.145967,
0.00824520,-0.002441,1.129719,
0.00824540,-0.002441,1.145967,
0.00824560,-0.002441,1.178462,
0.00824580,-0.002441,1.178462,
0.00824600,0.000000,1.178462,
0.00824620,-0.002441,1.162215,
0.00824640,0.000000,1.145967,
0.00824660,-0.002441,1.145967,
0.00824680,-0.002441,1.145967,
0.00824700,-0.002441,1.129719,
0.00824720,-0.002441,1.145967,
0.00824740,-0.002441,1.162215,
0.00824760,0.000000,1.162215,
0.00824780,0.000000,1.162215,
0.00824800,-0.002441,1.162215,
0.00824820,-0.002441,1.162215,
0.00824840,0.000000,1.145967,
0.00824860,0.000000,1.145967,
0.00824880,-0.002441,1.129719,
0.00824900,0.000000,1.162215,
0.00824920,-0.002441,1.162215,
0.00824940,0.000000,1.162215,
0.00824960,-0.002441,1.162215,
0.00824980,-0.002441,1.145967,
0.00825000,-0.002441,1.162215,
0.00825020,0.000000,1.145967,
0.00825040,-0.002441,1.145967,
0.00825060,-0.002441,1.145967,
0.00825080,-0.002441,1.145967,
0.00825100,0.000000,1.162215,
0.00825120,-0.002441,1.162215,
0.00825140,0.000000,1.162215,
0.00825160,0.000000,1.162215,
0.00825180,0.000000,1.145967,
0.00825200,-0.002441,1.145967,
0.00825220,0.000000,1.162215,
0.00825240,0.000000,1.162215,
0.00825260,0.002441,1.178462,
0.00825280,0.000000,1.145967,
0.00825300,0.002441,1.145967,
0.00825320,0.002441,1.145967,
0.00825340,-0.002441,1.145967,
0.00825360,-0.002441,1.145967,
0.00825380,-0.002441,1.162215,
0.00825400,-0.002441,1.162215,
0.00825420,0.000000,1.178462,
0.00825440,-0.002441,1.162215,
0.00825460,0.002441,1.162215,
0.00825480,0.000000,1.162215,
0.00825500,-0.002441,1.145967,
0.00825520,-0.002441,1.162215,
0.00825540,0.000000,1.162215,
0.00825560,0.000000,1.162215,
0.00825580,0.000000,1.162215,
0.00825600,0.000000,1.162215,
0.00825620,0.000000,1.162215,
0.00825640,0.000000,1.162215,
0.00825660,-0.002441,1.162215,
0.00825680,0.000000,1.162215,
0.00825700,-0.002441,1.162215,
0.00825720,-0.002441,1.145967,
0.00825740,0.000000,1.162215,
0.00825760,0.000000,1.178462,
0.00825780,-0.002441,1.162215,
0.00825800,0.000000,1.162215,
0.00825820,0.000000,1.162215,
0.00825840,-0.002441,1.145967,
0.00825860,-0.002441,1.145967,
0.00825880,0.000000,1.162215,
0.00825900,0.000000,1.162215,
0.00825920,-0.002441,1.162215,
0.00825940,-0.002441,1.162215,
0.00825960,-0.002441,1.162215,
0.00825980,-0.002441,1.145967,
0.00826000,-0.002441,1.162215,
0.00826020,-0.002441,1.162215,
0.00826040,-0.002441,1.162215,
0.00826060,0.000000,1.162215,
0.00826080,-0.002441,1.162215,
0.00826100,0.000000,1.162215,
0.00826120,-0.002441,1.162215,
0.00826140,0.000000,1.162215,
0.00826160,-0.002441,1.162215,
0.00826180,-0.002441,1.162215,
0.00826200,-0.002441,1.178462,
0.00826220,0.000000,1.178462,
0.00826240,0.000000,1.162215,
0.00826260,0.000000,1.178462,
0.00826280,0.000000,1.162215,
0.00826300,-0.002441,1.145967,
0.00826320,-0.002441,1.145967,
0.00826340,-0.002441,1.162215,
0.00826360,0.000000,1.162215,
0.00826380,0.000000,1.162215,
0.00826400,-0.002441,1.162215,
0.00826420,-0.002441,1.178462,
0.00826440,-0.002441,1.178462,
0.00826460,-0.002441,1.162215,
0.00826480,-0.002441,1.145967,
0.00826500,-0.002441,1.145967,
0.00826520,-0.002441,1.162215,
0.00826540,-0.002441,1.178462,
0.00826560,-0.002441,1.178462,
0.00826580,-0.002441,1.178462,
0.00826600,0.000000,1.178462,
0.00826620,-0.002441,1.162215,
0.00826640,-0.002441,1.145967,
0.00826660,-0.004883,1.162215,
0.00826680,0.000000,1.162215,
0.00826700,0.000000,1.178462,
0.00826720,0.000000,1.162215,
0.00826740,-0.002441,1.162215,
0.00826760,0.000000,1.162215,
0.00826780,-0.002441,1.178462,
0.00826800,0.000000,1.178462,
0.00826820,-0.002441,1.162215,
0.00826840,-0.002441,1.162215,
0.00826860,-0.002441,1.162215,
0.00826880,0.000000,1.178462,
0.00826900,-0.002441,1.178462,
0.00826920,0.000000,1.162215,
0.00826940,-0.002441,1.162215,
0.00826960,-0.002441,1.162215,
0.00826980,-0.002441,1.178462,
0.00827000,-0.002441,1.178462,
0.00827020,0.000000,1.178462,
0.00827040,-0.002441,1.162215,
0.00827060,0.000000,1.162215,
0.00827080,-0.002441,1.178462,
0.00827100,-0.002441,1.178462,
0.00827120,-0.002441,1.178462,
0.00827140,0.000000,1.162215,
0.00827160,-0.002441,1.162215,
0.00827180,-0.002441,1.178462,
0.00827200,0.000000,1.178462,
0.00827220,-0.002441,1.178462,
0.00827240,0.000000,1.162215,
0.00827260,-0.002441,1.178462,
0.00827280,-0.002441,1.162215,
0.00827300,-0.002441,1.162215,
0.00827320,0.000000,1.178462,
0.00827340,0.000000,1.178462,
0.00827360,0.000000,1.178462,
0.00827380,-0.002441,1.178462,
0.00827400,0.000000,1.162215,
0.00827420,0.000000,1.162215,
0.00827440,-0.002441,1.162215,
0.00827460,-0.002441,1.162215,
0.00827480,-0.002441,1.178462,
0.00827500,0.000000,1.178462,
0.00827520,0.000000,1.178462,
0.00827540,-0.002441,1.162215,
0.00827560,0.000000,1.178462,
0.00827580,0.000000,1.162215,
0.00827600,-0.002441,1.162215,
0.00827620,0.000000,1.162215,
0.00827640,0.000000,1.162215,
0.00827660,-0.002441,1.178462,
0.00827680,-0.002441,1.178462,
0.00827700,0.000000,1.162215,
0.00827720,0.000000,1.178462,
0.00827740,0.000000,1.178462,
0.00827760,-0.002441,1.162215,
0.00827780,-0.002441,1.162215,
0.00827800,0.000000,1.162215,
0.00827820,0.000000,1.162215,
0.00827840,0.000000,1.162215,
0.00827860,0.000000,1.178462,
0.00827880,0.000000,1.178462,
0.00827900,0.002441,1.178462,
0.00827920,-0.002441,1.162215,
0.00827940,-0.002441,1.162215,
0.00827960,0.000000,1.162215,
0.00827980,0.000000,1.162215,
0.00828000,0.000000,1.162215,
0.00828020,0.000000,1.162215,
0.00828040,0.000000,1.162215,
0.00828060,-0.002441,1.178462,
0.00828080,-0.002441,1.178462,
0.00828100,0.000000,1.178462,
0.00828120,0.000000,1.194710,
0.00828140,0.000000,1.178462,
0.00828160,-0.002441,1.162215,
0.00828180,-0.002441,1.145967,
0.00828200,0.000000,1.145967,
0.00828220,0.000000,1.162215,
0.00828240,-0.002441,1.162215,
0.00828260,-0.002441,1.162215,
0.00828280,0.000000,1.194710,
0.00828300,0.000000,1.178462,
0.00828320,0.000000,1.178462,
0.00828340,0.000000,1.178462,
0.00828360,-0.002441,1.162215,
0.00828380,0.000000,1.178462,
0.00828400,0.000000,1.162215,
0.00828420,-0.002441,1.162215,
0.00828440,0.000000,1.178462,
0.00828460,0.000000,1.178462,
0.00828480,0.000000,1.178462,
0.00828500,-0.002441,1.178462,
0.00828520,0.000000,1.162215,
0.00828540,0.000000,1.178462,
0.00828560,0.000000,1.178462,
0.00828580,-0.002441,1.162215,
0.00828600,0.000000,1.162215,
0.00828620,0.000000,1.162215,
0.00828640,0.000000,1.178462,
0.00828660,-0.002441,1.178462,
0.00828680,0.000000,1.178462,
0.00828700,-0.002441,1.162215,
0.00828720,-0.002441,1.162215,
0.00828740,-0.002441,1.178462,
0.00828760,0.000000,1.178462,
0.00828780,0.000000,1.178462,
0.00828800,0.000000,1.178462,
0.00828820,-0.002441,1.178462,
0.00828840,-0.002441,1.162215,
0.00828860,0.000000,1.162215,
0.00828880,-0.002441,1.178462,
0.00828900,0.000000,1.178462,
0.00828920,0.000000,1.178462,
0.00828940,-0.002441,1.162215,
0.00828960,0.000000,1.162215,
0.00828980,-0.002441,1.178462,
0.00829000,0.000000,1.194710,
0.00829020,0.000000,1.178462,
0.00829040,-0.002441,1.178462,
0.00829060,-0.002441,1.178462,
0.00829080,0.000000,1.178462,
0.00829100,0.000000,1.178462,
0.00829120,0.000000,1.178462,
0.00829140,0.000000,1.194710,
0.00829160,0.000000,1.178462,
0.00829180,-0.002441,1.178462,
0.00829200,-0.002441,1.178462,
0.00829220,-0.002441,1.178462,
0.00829240,0.002441,1.178462,
0.00829260,-0.002441,1.178462,
0.00829280,0.000000,1.178462,
0.00829300,0.000000,1.178462,
0.00829320,0.000000,1.194710,
0.00829340,0.000000,1.178462,
0.00829360,-0.002441,1.178462,
0.00829380,-0.002441,1.178462,
0.00829400,-0.002441,1.178462,
0.00829420,0.000000,1.178462,
0.00829440,0.000000,1.178462,
0.00829460,-0.002441,1.178462,
0.00829480,-0.002441,1.194710,
0.00829500,-0.002441,1.178462,
0.00829520,-0.002441,1.178462,
0.00829540,-0.002441,1.178462,
0.00829560,-0.002441,1.178462,
0.00829580,0.000000,1.194710,
0.00829600,0.000000,1.194710,
0.00829620,-0.002441,1.178462,
0.00829640,-0.002441,1.194710,
0.00829660,-0.002441,1.194710,
0.00829680,-0.002441,1.194710,
0.00829700,-0.002441,1.194710,
0.00829720,0.000000,1.194710,
0.00829740,0.000000,1.194710,
0.00829760,0.000000,1.178462,
0.00829780,-0.002441,1.178462,
0.00829800,-0.002441,1.194710,
0.00829820,0.000000,1.178462,
0.00829840,-0.002441,1.178462,
0.00829860,-0.002441,1.178462,
0.00829880,-0.002441,1.194710,
0.00829900,0.000000,1.210957,
0.00829920,0.000000,1.210957,
0.00829940,0.000000,1.194710,
0.00829960,-0.002441,1.194710,
0.00829980,0.000000,1.194710,
0.00830000,0.000000,1.194710,
0.00830020,-0.002441,1.178462,
0.00830040,-0.002441,1.178462,
0.00830060,-0.002441,1.194710,
0.00830080,0.000000,1.194710,
0.00830100,-0.002441,1.194710,
0.00830120,0.000000,1.210957,
0.00830140,0.000000,1.194710,
0.00830160,0.000000,1.194710,
0.00830180,-0.002441,1.178462,
0.00830200,0.000000,1.194710,
0.00830220,0.000000,1.194710,
0.00830240,0.000000,1.210957,
0.00830260,-0.002441,1.194710,
0.00830280,0.000000,1.194710,
0.00830300,-0.002441,1.178462,
0.00830320,0.000000,1.194710,
0.00830340,-0.002441,1.194710,
0.00830360,-0.002441,1.194710,
0.00830380,0.000000,1.194710,
0.00830400,0.000000,1.194710,
0.00830420,0.000000,1.194710,
0.00830440,-0.002441,1.210957,
0.00830460,-0.002441,1.210957,
0.00830480,0.000000,1.210957,
0.00830500,0.000000,1.194710,
0.00830520,-0.002441,1.194710,
0.00830540,-0.002441,1.194710,
0.00830560,-0.002441,1.194710,
0.00830580,-0.002441,1.178462,
0.00830600,-0.002441,1.210957,
0.00830620,0.000000,1.210957,
0.00830640,0.000000,1.194710,
0.00830660,-0.002441,1.178462,
0.00830680,0.000000,1.194710,
0.00830700,0.000000,1.194710,
0.00830720,0.000000,1.194710,
0.00830740,0.000000,1.178462,
0.00830760,0.000000,1.194710,
0.00830780,0.000000,1.194710,
0.00830800,-0.002441,1.194710,
0.00830820,-0.002441,1.194710,
0.00830840,-0.002441,1.210957,
0.00830860,0.000000,1.210957,
0.00830880,-0.002441,1.194710,
0.00830900,-0.002441,1.194710,
0.00830920,0.002441,1.194710,
0.00830940,-0.002441,1.194710,
0.00830960,-0.002441,1.194710,
0.00830980,0.000000,1.194710,
0.00831000,0.000000,1.194710,
0.00831020,0.000000,1.210957,
0.00831040,0.000000,1.210957,
0.00831060,0.000000,1.210957,
0.00831080,0.002441,1.194710,
0.00831100,-0.002441,1.178462,
0.00831120,0.000000,1.194710,
0.00831140,-0.002441,1.194710,
0.00831160,-0.002441,1.194710,
0.00831180,0.000000,1.194710,
0.00831200,0.000000,1.194710,
0.00831220,-0.002441,1.210957,
0.00831240,0.002441,1.227205,
0.00831260,0.000000,1.210957,
0.00831280,0.000000,1.194710,
0.00831300,-0.002441,1.194710,
0.00831320,0.000000,1.194710,
0.00831340,-0.002441,1.178462,
0.00831360,0.000000,1.194710,
0.00831380,-0.002441,1.210957,
0.00831400,0.000000,1.210957,
0.00831420,-0.002441,1.194710,
0.00831440,-0.002441,1.194710,
0.00831460,-0.002441,1.194710,
0.00831480,0.000000,1.194710,
0.00831500,0.000000,1.194710,
0.00831520,0.000000,1.194710,
0.00831540,-0.002441,1.194710,
0.00831560,-0.002441,1.194710,
0.00831580,0.002441,1.227205,
0.00831600,-0.002441,1.210957,
0.00831620,-0.002441,1.210957,
0.00831640,-0.002441,1.210957,
0.00831660,0.000000,1.194710,
0.00831680,0.000000,1.194710,
0.00831700,0.000000,1.194710,
0.00831720,0.000000,1.178462,
0.00831740,0.000000,1.194710,
0.00831760,-0.002441,1.210957,
0.00831780,-0.002441,1.210957,
0.00831800,-0.002441,1.210957,
0.00831820,-0.002441,1.227205,
0.00831840,0.000000,1.210957,
0.00831860,0.000000,1.194710,
0.00831880,0.000000,1.194710,
0.00831900,-0.002441,1.210957,
0.00831920,0.000000,1.194710,
0.00831940,-0.002441,1.194710,
0.00831960,-0.002441,1.210957,
0.00831980,0.000000,1.210957,
0.00832000,0.000000,1.210957,
0.00832020,0.000000,1.210957,
0.00832040,-0.002441,1.210957,
0.00832060,0.000000,1.210957,
0.00832080,0.000000,1.210957,
0.00832100,0.000000,1.210957,
0.00832120,-0.002441,1.210957,
0.00832140,0.000000,1.210957,
0.00832160,0.000000,1.210957,
0.00832180,-0.002441,1.227205,
0.00832200,-0.002441,1.210957,
0.00832220,-0.002441,1.210957,
0.00832240,0.000000,1.210957,
0.00832260,-0.002441,1.210957,
0.00832280,0.000000,1.210957,
0.00832300,0.000000,1.210957,
0.00832320,0.000000,1.210957,
0.00832340,0.000000,1.210957,
0.00832360,-0.002441,1.210957,
0.00832380,-0.002441,1.227205,
0.00832400,-0.002441,1.210957,
0.00832420,-0.002441,1.210957,
0.00832440,-0.004883,1.210957,
0.00832460,-0.002441,1.210957,
0.00832480,0.000000,1.210957,
0.00832500,-0.002441,1.210957,
0.00832520,-0.004883,1.210957,
0.00832540,-0.002441,1.210957,
0.00832560,-0.002441,1.210957,
0.00832580,-0.002441,1.210957,
0.00832600,0.000000,1.210957,
0.00832620,-0.002441,1.210957,
0.00832640,0.000000,1.210957,
0.00832660,0.000000,1.210957,
0.00832680,0.000000,1.227205,
0.00832700,-0.002441,1.210957,
0.00832720,-0.002441,1.210957,
0.00832740,-0.002441,1.194710,
0.00832760,-0.002441,1.210957,
0.00832780,-0.002441,1.210957,
0.00832800,-0.002441,1.227205,
0.00832820,-0.002441,1.243452,
0.00832840,-0.002441,1.227205,
0.00832860,0.000000,1.210957,
0.00832880,-0.002441,1.210957,
0.00832900,0.000000,1.210957,
0.00832920,0.000000,1.210957,
0.00832940,0.000000,1.227205,
0.00832960,0.000000,1.227205,
0.00832980,0.000000,1.227205,
0.00833000,0.000000,1.227205,
0.00833020,0.000000,1.227205,
0.00833040,-0.002441,1.227205,
0.00833060,-0.002441,1.210957,
0.00833080,-0.002441,1.210957,
0.00833100,0.000000,1.227205,
0.00833120,0.000000,1.227205,
0.00833140,0.000000,1.227205,
0.00833160,-0.002441,1.210957,
0.00833180,0.000000,1.227205,
0.00833200,-0.002441,1.227205,
0.00833220,-0.002441,1.227205,
0.00833240,-0.002441,1.227205,
0.00833260,-0.002441,1.243452,
0.00833280,0.000000,1.227205,
0.00833300,-0.002441,1.210957,

